0 6425.0
1 6957.0
2 7861.0
3 8191.0
4 9076.0
5 9232.0
6 10324.0
7 10408.0
8 10949.0
9 11753.0
10 11791.0
11 12796.0
12 13249.0
13 13502.0
14 15187.0
15 16130.0
16 16130.0
17 15992.0
18 16503.0
19 16471.0
20 17089.0
21 17748.0
22 18657.0
23 18981.0
24 19595.0
25 19954.0
26 21431.0
27 21431.0
28 21750.0
29 21331.0
30 21837.0
31 21861.0
32 22569.0
33 22569.0
34 23596.0
35 23596.0
36 23596.0
37 24069.0
38 24069.0
39 24834.0
40 25664.0
41 25664.0
42 25664.0
43 25664.0
44 25664.0
45 25664.0
46 25787.0
47 26571.0
48 26813.0
49 26813.0
50 26715.0
51 26715.0
52 27784.0
53 27784.0
54 27701.0
55 27918.0
56 27918.0
57 27533.0
58 29129.0
59 29160.0
60 28903.0
61 29133.0
62 29711.0
63 29711.0
64 29711.0
65 30226.0
66 29876.0
67 29876.0
68 29876.0
69 30359.0
70 31182.0
71 30678.0
72 30543.0
73 30543.0
74 31455.0
75 31455.0
76 30992.0
77 31336.0
78 30726.0
79 31953.0
80 31953.0
81 31953.0
82 31535.0
83 31535.0
84 31483.0
85 31483.0
86 31483.0
87 32732.0
88 31930.0
89 32332.0
90 32332.0
91 32757.0
92 33251.0
93 32841.0
94 33027.0
95 33027.0
96 33255.0
97 33596.0
98 33596.0
99 33253.0
100 33253.0
101 33561.0
102 33561.0
103 33561.0
104 33561.0
105 33165.0
106 33165.0
107 33165.0
108 33525.0
109 33254.0
110 32860.0
111 34721.0
112 34721.0
113 35318.0
114 34721.0
115 34721.0
116 34721.0
117 33744.0
118 33744.0
119 33688.0
120 34222.0
121 34222.0
122 33951.0
123 34030.0
124 34030.0
125 34052.0
126 34052.0
127 34052.0
128 34253.0
129 34052.0
130 34126.0
131 34126.0
132 34112.0
133 34112.0
134 34205.0
135 34303.0
136 34595.0
137 34917.0
138 34751.0
139 35362.0
140 34725.0
141 34725.0
142 34725.0
143 34725.0
144 34719.0
145 34904.0
146 34777.0
147 34717.0
148 34717.0
149 35354.0
150 35797.0
151 34956.0
152 34956.0
153 35149.0
154 35639.0
155 35639.0
156 35546.0
157 35924.0
158 35602.0
159 35602.0
160 35602.0
161 36469.0
162 36469.0
163 35986.0
164 35986.0
165 35828.0
166 35311.0
167 35868.0
168 35292.0
169 35433.0
170 35292.0
171 35710.0
172 35710.0
173 35756.0
174 35710.0
175 35309.0
176 35319.0
177 36026.0
178 36579.0
179 36579.0
180 36579.0
181 36579.0
182 36579.0
183 36579.0
184 36135.0
185 36135.0
186 36135.0
187 36529.0
188 37539.0
189 36529.0
190 36529.0
191 36529.0
192 36511.0
193 36754.0
194 36032.0
195 36267.0
196 36430.0
197 36430.0
198 36430.0
199 36592.0
200 36592.0
201 36592.0
202 36503.0
203 36503.0
204 36297.0
205 36075.0
206 37045.0
207 37045.0
208 36547.0
209 36214.0
210 36136.0
211 36013.0
212 36096.0
213 36306.0
214 36153.0
215 36153.0
216 36523.0
217 36421.0
218 36510.0
219 37274.0
220 36421.0
221 36421.0
222 36421.0
223 36445.0
224 35704.0
225 35845.0
226 35651.0
227 35938.0
228 36116.0
229 36471.0
230 36471.0
231 36471.0
232 36471.0
233 36668.0
234 36367.0
235 36367.0
236 36347.0
237 36347.0
238 36484.0
239 36767.0
240 36924.0
241 36767.0
242 36767.0
243 36703.0
244 36703.0
245 37007.0
246 36463.0
247 36980.0
248 37657.0
249 36579.0
250 36632.0
251 36632.0
252 36632.0
253 36875.0
254 36717.0
255 36629.0
256 36752.0
257 36917.0
258 36205.0
259 37447.0
260 36388.0
261 36293.0
262 36073.0
263 36201.0
264 36600.0
265 36600.0
266 37215.0
267 37215.0
268 37000.0
269 37000.0
270 37974.0
271 36806.0
272 36822.0
273 36533.0
274 37151.0
275 36917.0
276 37105.0
277 37105.0
278 38318.0
279 38318.0
280 38318.0
281 36847.0
282 36847.0
283 36937.0
284 37082.0
285 37082.0
286 37082.0
287 37082.0
288 37082.0
289 37082.0
290 37176.0
291 37176.0
292 37176.0
293 38105.0
294 37304.0
295 37374.0
296 37304.0
297 36700.0
298 36656.0
299 36983.0
300 36983.0
301 36897.0
302 37073.0
303 36632.0
304 37081.0
305 37081.0
306 37081.0
307 37160.0
308 37160.0
309 37138.0
310 37265.0
311 37520.0
312 37520.0
313 36928.0
314 37022.0
315 36867.0
316 37205.0
317 37221.0
318 37221.0
319 36760.0
320 36581.0
321 37100.0
322 37100.0
323 37043.0
324 36687.0
325 37405.0
326 37405.0
327 37142.0
328 36921.0
329 36591.0
330 36633.0
331 37328.0
332 37328.0
333 37050.0
334 36748.0
335 37067.0
336 36975.0
337 36975.0
338 37348.0
339 37348.0
340 37143.0
341 36751.0
342 37258.0
343 36940.0
344 36754.0
345 37291.0
346 37291.0
347 37291.0
348 37480.0
349 37645.0
350 37612.0
351 37612.0
352 37137.0
353 37442.0
354 37442.0
355 37137.0
356 37165.0
357 38048.0
358 37219.0
359 37219.0
360 37502.0
361 37502.0
362 37412.0
363 37118.0
364 37019.0
365 37017.0
366 37571.0
367 37805.0
368 37433.0
369 37433.0
370 37600.0
371 37156.0
372 37315.0
373 38261.0
374 37317.0
375 37317.0
376 37317.0
377 37156.0
378 38122.0
379 37395.0
380 37681.0
381 37527.0
382 37527.0
383 38457.0
384 37854.0
385 37904.0
386 37904.0
387 37586.0
388 37586.0
389 38218.0
390 38218.0
391 37229.0
392 37380.0
393 37271.0
394 37665.0
395 37665.0
396 37665.0
397 37333.0
398 37333.0
399 37333.0
400 37333.0
401 37333.0
402 37333.0
403 37266.0
404 37288.0
405 38159.0
406 38196.0
407 38159.0
408 37298.0
409 37298.0
410 37298.0
411 37340.0
412 37644.0
413 37644.0
414 37906.0
415 37906.0
416 37975.0
417 38295.0
418 37975.0
419 37410.0
420 37325.0
421 37010.0
422 37093.0
423 37421.0
424 37317.0
425 37720.0
426 37720.0
427 37317.0
428 37752.0
429 37668.0
430 38113.0
431 38113.0
432 38113.0
433 37692.0
434 37692.0
435 37451.0
436 37451.0
437 37306.0
438 37306.0
439 37148.0
440 38469.0
441 38469.0
442 38308.0
443 38308.0
444 38308.0
445 37541.0
446 38102.0
447 37841.0
448 38003.0
449 38003.0
450 37461.0
451 37361.0
452 37361.0
453 37754.0
454 37754.0
455 38007.0
456 38007.0
457 38326.0
458 38326.0
459 38326.0
460 38260.0
461 38260.0
462 37461.0
463 37461.0
464 37668.0
465 38017.0
466 37668.0
467 37701.0
468 37543.0
469 37473.0
470 37473.0
471 37372.0
472 37554.0
473 38276.0
474 38141.0
475 38141.0
476 38141.0
477 38141.0
478 38141.0
479 38141.0
480 37744.0
481 38663.0
482 38206.0
483 37811.0
484 38706.0
485 38706.0
486 37868.0
487 38262.0
488 38243.0
489 38100.0
490 38100.0
491 38551.0
492 38911.0
493 38911.0
494 39378.0
495 38750.0
496 38750.0
497 38750.0
498 38562.0
499 39135.0
500 38339.0
501 38543.0
502 38596.0
503 38674.0
504 38921.0
505 38865.0
506 38865.0
507 38923.0
508 39523.0
509 39625.0
510 39891.0
511 39891.0
512 39891.0
513 39891.0
514 39891.0
515 39891.0
516 38707.0
517 38852.0
518 38616.0
519 38562.0
520 38810.0
521 38810.0
522 38849.0
523 38885.0
524 38494.0
525 38568.0
526 38983.0
527 38983.0
528 38983.0
529 39202.0
530 39202.0
531 38882.0
532 39214.0
533 38952.0
534 39419.0
535 39219.0
536 39354.0
537 39354.0
538 39354.0
539 39452.0
540 39354.0
541 39354.0
542 39714.0
543 39714.0
544 39714.0
545 39714.0
546 40399.0
547 40399.0
548 40399.0
549 39616.0
550 39898.0
551 39898.0
552 39607.0
553 39222.0
554 40182.0
555 40281.0
556 39970.0
557 39970.0
558 40345.0
559 40345.0
560 39874.0
561 39874.0
562 39874.0
563 39874.0
564 39798.0
565 39798.0
566 39962.0
567 40690.0
568 40690.0
569 39771.0
570 39651.0
571 39439.0
572 39498.0
573 39256.0
574 39467.0
575 39896.0
576 39311.0
577 39661.0
578 40222.0
579 39751.0
580 39793.0
581 39976.0
582 39976.0
583 39793.0
584 39896.0
585 39962.0
586 40381.0
587 40381.0
588 40381.0
589 39973.0
590 40504.0
591 40504.0
592 40504.0
593 40504.0
594 40196.0
595 40608.0
596 40137.0
597 40137.0
598 40137.0
599 40050.0
600 40050.0
601 39831.0
602 39875.0
603 40107.0
604 40107.0
605 40107.0
606 39897.0
607 39754.0
608 39959.0
609 39740.0
610 39833.0
611 39553.0
612 39509.0
613 39910.0
614 40338.0
615 39967.0
616 40770.0
617 40018.0
618 39910.0
619 39910.0
620 40001.0
621 40001.0
622 40351.0
623 40351.0
624 40351.0
625 40351.0
626 40351.0
627 40001.0
628 40001.0
629 40001.0
630 39950.0
631 40159.0
632 40157.0
633 40157.0
634 39952.0
635 39899.0
636 39893.0
637 40023.0
638 40109.0
639 40246.0
640 40789.0
641 40789.0
642 40789.0
643 40789.0
644 40272.0
645 40272.0
646 40202.0
647 40600.0
648 40488.0
649 40610.0
650 40387.0
651 40492.0
652 40469.0
653 40354.0
654 40485.0
655 40189.0
656 40280.0
657 40414.0
658 40706.0
659 40753.0
660 40266.0
661 40504.0
662 40504.0
663 40451.0
664 40629.0
665 40879.0
666 40892.0
667 40892.0
668 40892.0
669 40892.0
670 40892.0
671 41013.0
672 41009.0
673 40892.0
674 41415.0
675 40941.0
676 41346.0
677 41052.0
678 40916.0
679 40921.0
680 41353.0
681 41353.0
682 41005.0
683 41023.0
684 41023.0
685 41172.0
686 41422.0
687 41347.0
688 41347.0
689 40805.0
690 41074.0
691 41258.0
692 41258.0
693 41258.0
694 41258.0
695 41442.0
696 41933.0
697 41933.0
698 41933.0
699 41933.0
700 41933.0
701 41495.0
702 41800.0
703 41934.0
704 41957.0
705 41743.0
706 41890.0
707 41662.0
708 41662.0
709 41534.0
710 41469.0
711 41812.0
712 41726.0
713 41726.0
714 41726.0
715 41763.0
716 41763.0
717 42148.0
718 42637.0
719 41718.0
720 41848.0
721 42026.0
722 41858.0
723 42101.0
724 42547.0
725 42547.0
726 42547.0
727 42046.0
728 42168.0
729 41855.0
730 42147.0
731 41996.0
732 42037.0
733 41881.0
734 42066.0
735 42235.0
736 42235.0
737 42716.0
738 42716.0
739 42388.0
740 42388.0
741 42617.0
742 42496.0
743 42229.0
744 42229.0
745 42229.0
746 42229.0
747 42246.0
748 42246.0
749 42206.0
750 42099.0
751 42190.0
752 42209.0
753 42190.0
754 42151.0
755 42151.0
756 42151.0
757 42407.0
758 42407.0
759 42151.0
760 42228.0
761 42645.0
762 42645.0
763 42645.0
764 42645.0
765 42186.0
766 42552.0
767 42552.0
768 42820.0
769 42820.0
770 42820.0
771 42820.0
772 42870.0
773 42629.0
774 42629.0
775 42601.0
776 42601.0
777 42601.0
778 42423.0
779 42576.0
780 42673.0
781 42562.0
782 42604.0
783 42604.0
784 42604.0
785 42567.0
786 42633.0
787 42721.0
788 42777.0
789 42849.0
790 43108.0
791 42849.0
792 42921.0
793 42921.0
794 43237.0
795 42768.0
796 42713.0
797 42878.0
798 42963.0
799 43187.0
800 42972.0
801 42963.0
802 43063.0
803 43150.0
804 43176.0
805 43176.0
806 43284.0
807 43060.0
808 43370.0
809 43385.0
810 43272.0
811 43261.0
812 43470.0
813 43533.0
814 43494.0
815 43705.0
816 43585.0
817 43614.0
818 43614.0
819 43685.0
820 43722.0
821 43762.0
822 43849.0
823 43849.0
824 43852.0
825 43759.0
826 43819.0
827 44038.0
828 44184.0
829 44184.0
830 43924.0
831 43982.0
832 44134.0
833 44083.0
834 44166.0
835 44138.0
836 44158.0
837 44183.0
838 44189.0
839 44225.0
840 44265.0
841 44306.0
842 44328.0
843 44328.0
844 44287.0
845 44300.0
846 44328.0
847 44369.0
848 44369.0
849 44294.0
850 44332.0
851 44304.0
852 44314.0
853 44314.0
854 44314.0
855 44315.0
856 44319.0
857 44319.0
858 44319.0
859 44319.0
860 44319.0
861 44319.0
862 44319.0
863 44317.0
864 44317.0
865 44305.0
866 44305.0
867 44305.0
868 44305.0
869 44305.0
870 44305.0
871 44305.0
872 44305.0
873 44305.0
874 44305.0
875 44305.0
876 44305.0
877 44305.0
878 44305.0
879 44305.0
880 44305.0
881 44305.0
882 44305.0
883 44305.0
884 44305.0
885 44305.0
886 44305.0
887 44305.0
888 44305.0
889 44305.0
890 44305.0
891 44305.0
892 44305.0
893 44305.0
894 44305.0
895 44305.0
896 44305.0
897 44305.0
898 44305.0
899 44305.0
900 44305.0
901 44305.0
902 44305.0
903 44305.0
904 44305.0
905 44305.0
906 44305.0
907 44305.0
908 44305.0
909 44305.0
910 44305.0
911 44305.0
912 44305.0
913 44305.0
914 44305.0
915 44305.0
916 44305.0
917 44305.0
918 44305.0
919 44305.0
920 44305.0
921 44305.0
922 44305.0
923 44305.0
924 44305.0
925 44305.0
926 44305.0
927 44305.0
928 44305.0
929 44305.0
930 44305.0
931 44305.0
932 44305.0
933 44305.0
934 44305.0
935 44305.0
936 44305.0
937 44305.0
938 44305.0
939 44305.0
940 44305.0
941 44305.0
942 44305.0
943 44305.0
944 44305.0
945 44305.0
946 44305.0
947 44305.0
948 44305.0
949 44305.0
950 44305.0
951 44305.0
952 44305.0
953 44305.0
954 44305.0
955 44305.0
956 44305.0
957 44305.0
958 44305.0
959 44305.0
960 44305.0
961 44305.0
962 44305.0
963 44305.0
964 44305.0
965 44305.0
966 44305.0
967 44305.0
968 44305.0
969 44305.0
970 44305.0
971 44305.0
972 44305.0
973 44305.0
974 44305.0
975 44305.0
976 44305.0
977 44305.0
978 44305.0
979 44305.0
980 44305.0
981 44305.0
982 44305.0
983 44305.0
984 44305.0
985 44305.0
986 44305.0
987 44305.0
988 44305.0
989 44305.0
990 44305.0
991 44305.0
992 44305.0
993 44305.0
994 44305.0
995 44305.0
996 44305.0
997 44305.0
998 44305.0
999 44305.0
1000 44305.0
