0 6956.0
1 6991.0
2 7850.0
3 8212.0
4 9466.0
5 9595.0
6 10165.0
7 10715.0
8 12074.0
9 12115.0
10 13147.0
11 13699.0
12 13837.0
13 14725.0
14 15630.0
15 15630.0
16 15958.0
17 16966.0
18 15977.0
19 17972.0
20 17413.0
21 17619.0
22 18719.0
23 18942.0
24 19347.0
25 20156.0
26 21928.0
27 20955.0
28 20955.0
29 21792.0
30 22421.0
31 22421.0
32 23068.0
33 22753.0
34 23242.0
35 24105.0
36 24324.0
37 24632.0
38 24047.0
39 24759.0
40 25631.0
41 26158.0
42 26483.0
43 26483.0
44 25964.0
45 25964.0
46 26202.0
47 26838.0
48 26891.0
49 26891.0
50 27564.0
51 27818.0
52 27468.0
53 28058.0
54 27865.0
55 28131.0
56 27728.0
57 28572.0
58 28572.0
59 28946.0
60 28811.0
61 28967.0
62 28967.0
63 29017.0
64 29681.0
65 29795.0
66 30395.0
67 29860.0
68 30415.0
69 30416.0
70 29860.0
71 30053.0
72 30354.0
73 30124.0
74 30744.0
75 30744.0
76 30820.0
77 30767.0
78 30767.0
79 30767.0
80 30762.0
81 32359.0
82 32359.0
83 32359.0
84 32359.0
85 32359.0
86 32359.0
87 32359.0
88 31823.0
89 31695.0
90 31695.0
91 31981.0
92 32776.0
93 32176.0
94 32766.0
95 33009.0
96 33009.0
97 32665.0
98 32665.0
99 32013.0
100 32019.0
101 32739.0
102 32739.0
103 32905.0
104 32853.0
105 32343.0
106 32866.0
107 32979.0
108 32337.0
109 32337.0
110 32925.0
111 32643.0
112 32946.0
113 33246.0
114 33246.0
115 33546.0
116 33546.0
117 32927.0
118 32927.0
119 32605.0
120 32560.0
121 34365.0
122 33398.0
123 32972.0
124 33808.0
125 33504.0
126 33683.0
127 33494.0
128 34133.0
129 34133.0
130 34133.0
131 33706.0
132 33494.0
133 33451.0
134 33942.0
135 34165.0
136 34280.0
137 34280.0
138 34280.0
139 34280.0
140 34280.0
141 33812.0
142 33818.0
143 33818.0
144 33812.0
145 33875.0
146 34503.0
147 34503.0
148 34503.0
149 34503.0
150 34503.0
151 33916.0
152 33875.0
153 33932.0
154 34583.0
155 34904.0
156 34904.0
157 34737.0
158 34441.0
159 34441.0
160 34441.0
161 34974.0
162 34974.0
163 34786.0
164 35441.0
165 34654.0
166 34654.0
167 34987.0
168 34987.0
169 34277.0
170 34337.0
171 34634.0
172 34291.0
173 34291.0
174 34346.0
175 34451.0
176 34632.0
177 34632.0
178 34499.0
179 34195.0
180 34767.0
181 34525.0
182 34525.0
183 34525.0
184 34525.0
185 34441.0
186 34365.0
187 34369.0
188 34403.0
189 34403.0
190 35706.0
191 34264.0
192 35182.0
193 34243.0
194 34243.0
195 34484.0
196 33985.0
197 35007.0
198 34024.0
199 34428.0
200 34273.0
201 34273.0
202 33827.0
203 34506.0
204 34657.0
205 34601.0
206 34745.0
207 34745.0
208 34745.0
209 34601.0
210 34601.0
211 34595.0
212 34706.0
213 34904.0
214 34706.0
215 34706.0
216 34787.0
217 34872.0
218 35160.0
219 35586.0
220 35586.0
221 35586.0
222 35586.0
223 35222.0
224 35332.0
225 35332.0
226 35468.0
227 35468.0
228 35468.0
229 35365.0
230 35365.0
231 35365.0
232 35365.0
233 35031.0
234 36050.0
235 36050.0
236 36050.0
237 36050.0
238 36050.0
239 34719.0
240 35043.0
241 35668.0
242 35043.0
243 35516.0
244 35516.0
245 35332.0
246 35409.0
247 35409.0
248 35409.0
249 35409.0
250 35409.0
251 35409.0
252 35409.0
253 34883.0
254 35672.0
255 35480.0
256 35407.0
257 34803.0
258 34991.0
259 35615.0
260 36805.0
261 36805.0
262 36805.0
263 35172.0
264 35420.0
265 36054.0
266 35452.0
267 35148.0
268 35536.0
269 35536.0
270 35536.0
271 35536.0
272 35983.0
273 35983.0
274 35436.0
275 35436.0
276 35209.0
277 35209.0
278 35247.0
279 35362.0
280 35106.0
281 35335.0
282 36072.0
283 36072.0
284 36072.0
285 35451.0
286 35451.0
287 35499.0
288 35499.0
289 36015.0
290 35513.0
291 35825.0
292 35825.0
293 35974.0
294 35974.0
295 36752.0
296 36752.0
297 36752.0
298 36752.0
299 36752.0
300 36752.0
301 36602.0
302 36602.0
303 36587.0
304 36587.0
305 36040.0
306 36040.0
307 35828.0
308 35505.0
309 35505.0
310 35521.0
311 37047.0
312 37047.0
313 37047.0
314 37047.0
315 37047.0
316 37047.0
317 35880.0
318 35880.0
319 35401.0
320 35401.0
321 35401.0
322 35427.0
323 35435.0
324 35435.0
325 34942.0
326 35100.0
327 35839.0
328 35839.0
329 35839.0
330 35839.0
331 35839.0
332 35086.0
333 35086.0
334 35349.0
335 35349.0
336 35349.0
337 35349.0
338 35349.0
339 35349.0
340 35060.0
341 34587.0
342 34874.0
343 34997.0
344 34997.0
345 34997.0
346 34997.0
347 35434.0
348 34799.0
349 35008.0
350 35243.0
351 35362.0
352 36497.0
353 36002.0
354 36002.0
355 35849.0
356 35682.0
357 35443.0
358 35632.0
359 35759.0
360 35759.0
361 35759.0
362 35759.0
363 35759.0
364 35923.0
365 35923.0
366 35923.0
367 36005.0
368 35923.0
369 35923.0
370 35923.0
371 35923.0
372 35516.0
373 35039.0
374 35527.0
375 35527.0
376 35527.0
377 35527.0
378 36166.0
379 36166.0
380 36052.0
381 36052.0
382 36052.0
383 35348.0
384 35348.0
385 35472.0
386 35704.0
387 35472.0
388 35036.0
389 34875.0
390 35518.0
391 34812.0
392 34856.0
393 35265.0
394 35798.0
395 35281.0
396 35281.0
397 35281.0
398 35281.0
399 35485.0
400 35485.0
401 35236.0
402 35236.0
403 35236.0
404 36254.0
405 36254.0
406 36254.0
407 36219.0
408 35632.0
409 35089.0
410 34720.0
411 35948.0
412 35948.0
413 35948.0
414 34956.0
415 35475.0
416 35462.0
417 35462.0
418 36341.0
419 36341.0
420 36341.0
421 36341.0
422 35615.0
423 35203.0
424 35203.0
425 35360.0
426 35045.0
427 35342.0
428 35534.0
429 35788.0
430 35978.0
431 35978.0
432 35978.0
433 35455.0
434 35777.0
435 35777.0
436 35450.0
437 35369.0
438 36040.0
439 35706.0
440 35711.0
441 35711.0
442 36248.0
443 35844.0
444 35705.0
445 35882.0
446 35882.0
447 36662.0
448 36662.0
449 36662.0
450 36662.0
451 36404.0
452 36404.0
453 36723.0
454 36730.0
455 36730.0
456 36730.0
457 36730.0
458 35599.0
459 35073.0
460 35755.0
461 35426.0
462 35427.0
463 35457.0
464 35361.0
465 36600.0
466 35309.0
467 36420.0
468 35637.0
469 35833.0
470 36023.0
471 36039.0
472 36039.0
473 36039.0
474 36018.0
475 36018.0
476 35949.0
477 35960.0
478 36254.0
479 36345.0
480 36345.0
481 36213.0
482 36030.0
483 36161.0
484 35957.0
485 35957.0
486 35812.0
487 36089.0
488 36331.0
489 36331.0
490 36107.0
491 36107.0
492 35333.0
493 35798.0
494 35991.0
495 35991.0
496 35991.0
497 36295.0
498 36295.0
499 35615.0
500 35576.0
501 35841.0
502 35841.0
503 35841.0
504 35841.0
505 35821.0
506 35732.0
507 35371.0
508 35535.0
509 35828.0
510 35828.0
511 35584.0
512 36071.0
513 36071.0
514 36071.0
515 35768.0
516 35768.0
517 35622.0
518 35415.0
519 36232.0
520 36232.0
521 35730.0
522 35730.0
523 35446.0
524 35818.0
525 35740.0
526 35697.0
527 35605.0
528 35564.0
529 35415.0
530 36629.0
531 36065.0
532 35443.0
533 35500.0
534 36025.0
535 36781.0
536 36477.0
537 36477.0
538 36477.0
539 36477.0
540 36477.0
541 36477.0
542 36477.0
543 36215.0
544 36074.0
545 36183.0
546 36074.0
547 36132.0
548 36132.0
549 36701.0
550 36701.0
551 36344.0
552 36298.0
553 35870.0
554 35660.0
555 35468.0
556 35468.0
557 36090.0
558 36090.0
559 36090.0
560 36218.0
561 36123.0
562 36471.0
563 35998.0
564 36261.0
565 37008.0
566 36261.0
567 36234.0
568 35898.0
569 35898.0
570 36246.0
571 36246.0
572 36246.0
573 36463.0
574 36090.0
575 36090.0
576 36215.0
577 36168.0
578 36168.0
579 36298.0
580 36132.0
581 36030.0
582 36689.0
583 36689.0
584 37177.0
585 36689.0
586 36689.0
587 36689.0
588 36689.0
589 35944.0
590 36604.0
591 36976.0
592 36976.0
593 36259.0
594 35522.0
595 35722.0
596 36452.0
597 35998.0
598 35998.0
599 35966.0
600 35920.0
601 36417.0
602 36374.0
603 36135.0
604 35896.0
605 36054.0
606 36588.0
607 36235.0
608 36065.0
609 36054.0
610 36173.0
611 36181.0
612 37141.0
613 35845.0
614 36209.0
615 36209.0
616 36372.0
617 36372.0
618 36372.0
619 36372.0
620 37515.0
621 36372.0
622 37133.0
623 36492.0
624 36869.0
625 36530.0
626 36595.0
627 36595.0
628 36595.0
629 36259.0
630 37301.0
631 37026.0
632 36879.0
633 36879.0
634 37465.0
635 37465.0
636 37465.0
637 37343.0
638 37454.0
639 37454.0
640 37454.0
641 37454.0
642 36840.0
643 36840.0
644 36333.0
645 37015.0
646 36607.0
647 36673.0
648 36673.0
649 37172.0
650 36160.0
651 36652.0
652 36559.0
653 36639.0
654 36559.0
655 36559.0
656 36559.0
657 36559.0
658 36813.0
659 36559.0
660 36079.0
661 36079.0
662 36425.0
663 37183.0
664 37183.0
665 36783.0
666 36733.0
667 36733.0
668 37514.0
669 37016.0
670 37076.0
671 37076.0
672 36959.0
673 38001.0
674 36959.0
675 37362.0
676 37362.0
677 37362.0
678 36899.0
679 37294.0
680 37294.0
681 37145.0
682 36320.0
683 36782.0
684 36822.0
685 36822.0
686 36542.0
687 36542.0
688 36542.0
689 37173.0
690 37173.0
691 37173.0
692 37173.0
693 37173.0
694 36608.0
695 36608.0
696 36807.0
697 36608.0
698 37132.0
699 36847.0
700 36847.0
701 36847.0
702 36847.0
703 37565.0
704 37565.0
705 37565.0
706 37565.0
707 37565.0
708 37565.0
709 37196.0
710 37196.0
711 37106.0
712 37518.0
713 37518.0
714 37023.0
715 37023.0
716 37023.0
717 37023.0
718 37094.0
719 37094.0
720 37180.0
721 37180.0
722 37180.0
723 37180.0
724 37180.0
725 37180.0
726 36827.0
727 36779.0
728 37391.0
729 37391.0
730 37501.0
731 37501.0
732 37717.0
733 36363.0
734 36664.0
735 36664.0
736 36664.0
737 36718.0
738 36718.0
739 37554.0
740 37554.0
741 36859.0
742 36859.0
743 36317.0
744 36295.0
745 36769.0
746 36769.0
747 36769.0
748 36921.0
749 37163.0
750 36921.0
751 36921.0
752 37051.0
753 37051.0
754 36412.0
755 36457.0
756 36457.0
757 36328.0
758 36216.0
759 36216.0
760 36166.0
761 36166.0
762 35691.0
763 36009.0
764 36207.0
765 36229.0
766 36819.0
767 36207.0
768 36005.0
769 35789.0
770 35804.0
771 35916.0
772 35916.0
773 36243.0
774 36243.0
775 35916.0
776 36683.0
777 36683.0
778 36683.0
779 37482.0
780 37482.0
781 37482.0
782 37482.0
783 37482.0
784 36122.0
785 36273.0
786 36310.0
787 37394.0
788 37394.0
789 37394.0
790 37394.0
791 36637.0
792 36637.0
793 36631.0
794 36631.0
795 36631.0
796 36631.0
797 36418.0
798 36070.0
799 37620.0
800 37620.0
801 37620.0
802 37620.0
803 37620.0
804 37620.0
805 36081.0
806 36081.0
807 36628.0
808 36628.0
809 36670.0
810 36670.0
811 36670.0
812 37439.0
813 37439.0
814 37110.0
815 37110.0
816 37110.0
817 37110.0
818 35964.0
819 35879.0
820 35921.0
821 35921.0
822 35620.0
823 35620.0
824 35951.0
825 35951.0
826 36125.0
827 36125.0
828 36125.0
829 36125.0
830 35951.0
831 35804.0
832 36373.0
833 36373.0
834 35738.0
835 35523.0
836 35523.0
837 35523.0
838 35523.0
839 35285.0
840 35710.0
841 35243.0
842 35243.0
843 35243.0
844 35621.0
845 35278.0
846 35513.0
847 35513.0
848 35513.0
849 35513.0
850 35513.0
851 35771.0
852 36012.0
853 36012.0
854 36897.0
855 36028.0
856 36028.0
857 35293.0
858 34955.0
859 34955.0
860 35286.0
861 35286.0
862 34955.0
863 35028.0
864 35124.0
865 35648.0
866 35648.0
867 36430.0
868 35648.0
869 35108.0
870 35546.0
871 34775.0
872 34775.0
873 34759.0
874 35750.0
875 35750.0
876 35842.0
877 35842.0
878 34912.0
879 34912.0
880 34912.0
881 35355.0
882 35355.0
883 35355.0
884 35355.0
885 35355.0
886 35355.0
887 35302.0
888 34808.0
889 34941.0
890 35386.0
891 35237.0
892 35250.0
893 35250.0
894 35765.0
895 35765.0
896 35765.0
897 35387.0
898 34905.0
899 35260.0
900 35260.0
901 34975.0
902 34885.0
903 34769.0
904 35756.0
905 35756.0
906 34632.0
907 34632.0
908 34945.0
909 34945.0
910 34827.0
911 35164.0
912 35164.0
913 35517.0
914 35944.0
915 35517.0
916 36010.0
917 36010.0
918 36010.0
919 34874.0
920 34874.0
921 35100.0
922 35544.0
923 35544.0
924 35345.0
925 35796.0
926 35441.0
927 35330.0
928 35248.0
929 35723.0
930 35545.0
931 35545.0
932 35545.0
933 35545.0
934 35545.0
935 35545.0
936 35545.0
937 35545.0
938 35418.0
939 36249.0
940 35175.0
941 35175.0
942 35407.0
943 35418.0
944 35418.0
945 35413.0
946 35413.0
947 35413.0
948 35445.0
949 35581.0
950 35413.0
951 35276.0
952 35047.0
953 35484.0
954 35665.0
955 35665.0
956 34810.0
957 34973.0
958 35299.0
959 35299.0
960 35299.0
961 35387.0
962 35932.0
963 35932.0
964 35550.0
965 35550.0
966 35045.0
967 35045.0
968 34665.0
969 34833.0
970 35137.0
971 35137.0
972 35279.0
973 35422.0
974 34849.0
975 34849.0
976 34697.0
977 34810.0
978 35167.0
979 35167.0
980 34283.0
981 34616.0
982 34616.0
983 34492.0
984 35037.0
985 35037.0
986 35037.0
987 35290.0
988 35754.0
989 35754.0
990 35290.0
991 35290.0
992 35290.0
993 35290.0
994 35118.0
995 35157.0
996 35635.0
997 35718.0
998 35718.0
999 35718.0
1000 35363.0
