0 7183.0
1 7610.0
2 8023.0
3 8813.0
4 8946.0
5 9762.0
6 10205.0
7 11448.0
8 11488.0
9 12054.0
10 12810.0
11 12992.0
12 13193.0
13 14291.0
14 15440.0
15 15440.0
16 15640.0
17 16186.0
18 16186.0
19 17527.0
20 18048.0
21 18812.0
22 19685.0
23 19685.0
24 19685.0
25 20361.0
26 20406.0
27 21298.0
28 21160.0
29 22958.0
30 21874.0
31 22153.0
32 22292.0
33 22612.0
34 23129.0
35 23269.0
36 23341.0
37 24921.0
38 24921.0
39 25158.0
40 25158.0
41 26006.0
42 26096.0
43 26162.0
44 25855.0
45 25958.0
46 26086.0
47 26840.0
48 27149.0
49 27711.0
50 27393.0
51 27393.0
52 27393.0
53 28678.0
54 28678.0
55 28036.0
56 28249.0
57 28460.0
58 28996.0
59 29535.0
60 29638.0
61 29846.0
62 30720.0
63 30756.0
64 30756.0
65 30756.0
66 30756.0
67 30245.0
68 30470.0
69 30470.0
70 30470.0
71 31288.0
72 30462.0
73 31079.0
74 31079.0
75 31225.0
76 31225.0
77 31117.0
78 31117.0
79 31916.0
80 31916.0
81 31916.0
82 31866.0
83 31471.0
84 31471.0
85 32089.0
86 32820.0
87 32797.0
88 32797.0
89 32797.0
90 32879.0
91 32797.0
92 32659.0
93 32295.0
94 32295.0
95 32620.0
96 32620.0
97 32620.0
98 32620.0
99 32763.0
100 32763.0
101 32418.0
102 32871.0
103 33061.0
104 32645.0
105 32938.0
106 32959.0
107 33446.0
108 33446.0
109 32363.0
110 32613.0
111 34518.0
112 32494.0
113 33502.0
114 33502.0
115 33130.0
116 32723.0
117 33555.0
118 33387.0
119 33387.0
120 32402.0
121 32620.0
122 32385.0
123 34007.0
124 34128.0
125 33340.0
126 33007.0
127 32883.0
128 33276.0
129 33294.0
130 33294.0
131 33294.0
132 32816.0
133 33333.0
134 33371.0
135 33371.0
136 34236.0
137 33869.0
138 33724.0
139 33905.0
140 33408.0
141 33662.0
142 33662.0
143 34154.0
144 34154.0
145 34154.0
146 34093.0
147 34215.0
148 34357.0
149 34357.0
150 34427.0
151 34710.0
152 34300.0
153 34122.0
154 33892.0
155 34061.0
156 33902.0
157 34297.0
158 34254.0
159 34254.0
160 34042.0
161 34055.0
162 34055.0
163 34183.0
164 34183.0
165 34845.0
166 34334.0
167 34183.0
168 34041.0
169 34041.0
170 34041.0
171 34137.0
172 34137.0
173 34831.0
174 34769.0
175 34137.0
176 34148.0
177 34278.0
178 34278.0
179 34278.0
180 34378.0
181 34900.0
182 34000.0
183 35337.0
184 35337.0
185 35337.0
186 35337.0
187 35337.0
188 35337.0
189 35337.0
190 34472.0
191 34239.0
192 34254.0
193 34087.0
194 34674.0
195 34314.0
196 35217.0
197 35217.0
198 35217.0
199 34277.0
200 34507.0
201 34614.0
202 34649.0
203 34649.0
204 34430.0
205 35615.0
206 35615.0
207 35156.0
208 35328.0
209 35328.0
210 35288.0
211 34815.0
212 35565.0
213 35565.0
214 35565.0
215 35565.0
216 35565.0
217 35565.0
218 35751.0
219 35817.0
220 35751.0
221 35499.0
222 35499.0
223 35844.0
224 36099.0
225 36099.0
226 36099.0
227 36099.0
228 35151.0
229 36293.0
230 35997.0
231 35997.0
232 35997.0
233 35997.0
234 35997.0
235 35997.0
236 35997.0
237 36197.0
238 36197.0
239 36197.0
240 36197.0
241 36197.0
242 36302.0
243 36197.0
244 36197.0
245 36197.0
246 35417.0
247 35470.0
248 35470.0
249 35851.0
250 35687.0
251 35529.0
252 35976.0
253 35711.0
254 35679.0
255 35241.0
256 35285.0
257 35285.0
258 34979.0
259 35140.0
260 35433.0
261 35477.0
262 35477.0
263 35433.0
264 35433.0
265 35433.0
266 35631.0
267 35268.0
268 36313.0
269 36313.0
270 35872.0
271 35872.0
272 35809.0
273 35833.0
274 35833.0
275 35467.0
276 35571.0
277 35571.0
278 35571.0
279 35571.0
280 35571.0
281 35571.0
282 35394.0
283 35488.0
284 35488.0
285 35488.0
286 35488.0
287 35262.0
288 35186.0
289 35869.0
290 36818.0
291 35488.0
292 35948.0
293 35948.0
294 35948.0
295 35488.0
296 35488.0
297 35488.0
298 36313.0
299 36313.0
300 36313.0
301 36313.0
302 36313.0
303 36234.0
304 35901.0
305 36123.0
306 35837.0
307 36886.0
308 36886.0
309 36886.0
310 36886.0
311 36119.0
312 36119.0
313 35608.0
314 36059.0
315 36059.0
316 35577.0
317 35811.0
318 35811.0
319 36032.0
320 35811.0
321 35529.0
322 35898.0
323 35633.0
324 35540.0
325 35706.0
326 35776.0
327 36684.0
328 36684.0
329 36684.0
330 36684.0
331 36006.0
332 35510.0
333 36437.0
334 35285.0
335 35285.0
336 36142.0
337 35815.0
338 35653.0
339 35653.0
340 35653.0
341 35693.0
342 35693.0
343 35506.0
344 35600.0
345 35600.0
346 36477.0
347 36477.0
348 35314.0
349 35220.0
350 35481.0
351 35429.0
352 35651.0
353 35429.0
354 35035.0
355 35669.0
356 35237.0
357 35628.0
358 36223.0
359 36223.0
360 35628.0
361 35628.0
362 35643.0
363 35643.0
364 35189.0
365 35794.0
366 35794.0
367 35794.0
368 35794.0
369 35585.0
370 35585.0
371 35585.0
372 35427.0
373 35427.0
374 35427.0
375 35355.0
376 36286.0
377 36368.0
378 35454.0
379 35237.0
380 36171.0
381 36171.0
382 36171.0
383 36121.0
384 35298.0
385 35536.0
386 35206.0
387 35789.0
388 36072.0
389 35789.0
390 35789.0
391 35590.0
392 35590.0
393 35777.0
394 35777.0
395 35904.0
396 35777.0
397 36094.0
398 35788.0
399 35788.0
400 36248.0
401 36004.0
402 35760.0
403 35843.0
404 35843.0
405 35801.0
406 35939.0
407 35939.0
408 36215.0
409 36215.0
410 35645.0
411 36620.0
412 36598.0
413 36598.0
414 36598.0
415 36598.0
416 36090.0
417 36895.0
418 36895.0
419 36895.0
420 36895.0
421 35807.0
422 35680.0
423 36263.0
424 36327.0
425 35950.0
426 36549.0
427 36072.0
428 36180.0
429 36072.0
430 36700.0
431 36700.0
432 36700.0
433 36303.0
434 36303.0
435 36279.0
436 36758.0
437 36779.0
438 36964.0
439 36637.0
440 36440.0
441 36440.0
442 36440.0
443 36440.0
444 36476.0
445 36476.0
446 36023.0
447 36023.0
448 36582.0
449 35761.0
450 36296.0
451 36296.0
452 35834.0
453 36122.0
454 36265.0
455 36548.0
456 36607.0
457 36822.0
458 36822.0
459 36822.0
460 36822.0
461 36619.0
462 35952.0
463 36565.0
464 36565.0
465 36565.0
466 36565.0
467 36576.0
468 36576.0
469 36786.0
470 36786.0
471 36576.0
472 36576.0
473 36576.0
474 36556.0
475 36556.0
476 36492.0
477 37813.0
478 37813.0
479 36887.0
480 36887.0
481 36887.0
482 36887.0
483 37071.0
484 36887.0
485 36615.0
486 36511.0
487 36572.0
488 36572.0
489 37162.0
490 37162.0
491 37162.0
492 36669.0
493 36669.0
494 36830.0
495 36830.0
496 36830.0
497 37049.0
498 38120.0
499 38120.0
500 36979.0
501 36768.0
502 36768.0
503 36478.0
504 36478.0
505 36726.0
506 37280.0
507 37280.0
508 36484.0
509 36484.0
510 36380.0
511 36871.0
512 36871.0
513 37247.0
514 37247.0
515 37247.0
516 36781.0
517 37268.0
518 36625.0
519 36625.0
520 36625.0
521 36182.0
522 36524.0
523 37325.0
524 37325.0
525 36875.0
526 36582.0
527 36582.0
528 36807.0
529 37098.0
530 36807.0
531 36729.0
532 36729.0
533 36598.0
534 36436.0
535 36555.0
536 36732.0
537 37084.0
538 36351.0
539 36185.0
540 36209.0
541 36698.0
542 36433.0
543 36079.0
544 36977.0
545 36496.0
546 37416.0
547 37416.0
548 37416.0
549 36748.0
550 36748.0
551 36748.0
552 36748.0
553 36748.0
554 36623.0
555 37022.0
556 36751.0
557 36940.0
558 36940.0
559 37487.0
560 36940.0
561 36716.0
562 36979.0
563 37044.0
564 37044.0
565 38518.0
566 37805.0
567 37483.0
568 37483.0
569 37586.0
570 37586.0
571 38260.0
572 38260.0
573 37375.0
574 37639.0
575 38543.0
576 37898.0
577 37495.0
578 38174.0
579 37867.0
580 38233.0
581 38233.0
582 38477.0
583 38477.0
584 38477.0
585 38477.0
586 38477.0
587 38143.0
588 38143.0
589 38143.0
590 38143.0
591 38143.0
592 37905.0
593 37905.0
594 37905.0
595 37736.0
596 38367.0
597 38075.0
598 38135.0
599 38135.0
600 38164.0
601 38667.0
602 38149.0
603 38149.0
604 37694.0
605 38041.0
606 38041.0
607 38271.0
608 37838.0
609 37838.0
610 38680.0
611 38680.0
612 38198.0
613 38198.0
614 38198.0
615 38968.0
616 37961.0
617 37961.0
618 38302.0
619 37977.0
620 37977.0
621 37977.0
622 38078.0
623 37949.0
624 38167.0
625 37967.0
626 37967.0
627 37869.0
628 37754.0
629 37836.0
630 37836.0
631 38233.0
632 37960.0
633 37658.0
634 38520.0
635 37918.0
636 38210.0
637 38210.0
638 38546.0
639 38546.0
640 38546.0
641 38546.0
642 38546.0
643 39041.0
644 39041.0
645 39041.0
646 38473.0
647 38570.0
648 38570.0
649 38570.0
650 38570.0
651 37891.0
652 37891.0
653 38017.0
654 39058.0
655 39058.0
656 37658.0
657 38560.0
658 38560.0
659 38560.0
660 38537.0
661 38537.0
662 38553.0
663 38481.0
664 38800.0
665 38477.0
666 39012.0
667 39012.0
668 39012.0
669 39012.0
670 38471.0
671 38669.0
672 38669.0
673 38669.0
674 38149.0
675 38149.0
676 38149.0
677 39041.0
678 39041.0
679 38688.0
680 39236.0
681 39236.0
682 39072.0
683 38413.0
684 38753.0
685 38753.0
686 38753.0
687 38604.0
688 39210.0
689 38563.0
690 38563.0
691 38563.0
692 38287.0
693 38482.0
694 38482.0
695 38065.0
696 38065.0
697 37999.0
698 37569.0
699 38093.0
700 38093.0
701 38093.0
702 37956.0
703 38438.0
704 38438.0
705 38438.0
706 38438.0
707 37881.0
708 38016.0
709 38016.0
710 38349.0
711 38782.0
712 38782.0
713 38782.0
714 38216.0
715 38216.0
716 38229.0
717 38216.0
718 38216.0
719 38456.0
720 37884.0
721 37927.0
722 37927.0
723 38179.0
724 38179.0
725 38179.0
726 38179.0
727 37644.0
728 38604.0
729 38393.0
730 38717.0
731 38393.0
732 38044.0
733 37823.0
734 37985.0
735 38196.0
736 37763.0
737 37763.0
738 39537.0
739 39537.0
740 37702.0
741 37795.0
742 37644.0
743 37910.0
744 37910.0
745 38577.0
746 38577.0
747 38577.0
748 38577.0
749 38577.0
750 38577.0
751 38577.0
752 38577.0
753 37623.0
754 38729.0
755 38729.0
756 37626.0
757 37626.0
758 37758.0
759 37758.0
760 37862.0
761 37629.0
762 37629.0
763 37629.0
764 37820.0
765 37868.0
766 38103.0
767 38103.0
768 37640.0
769 38210.0
770 38210.0
771 38378.0
772 38019.0
773 38087.0
774 38160.0
775 38160.0
776 38235.0
777 38235.0
778 37461.0
779 37546.0
780 37831.0
781 37839.0
782 37839.0
783 38116.0
784 38116.0
785 38538.0
786 38538.0
787 39081.0
788 38538.0
789 38116.0
790 38116.0
791 37700.0
792 38426.0
793 38676.0
794 38726.0
795 38646.0
796 37821.0
797 37829.0
798 37829.0
799 38103.0
800 38103.0
801 38074.0
802 38074.0
803 38176.0
804 38394.0
805 38394.0
806 38179.0
807 38179.0
808 37808.0
809 37812.0
810 39668.0
811 39668.0
812 37555.0
813 37490.0
814 37848.0
815 38578.0
816 38376.0
817 37953.0
818 37956.0
819 38124.0
820 38086.0
821 38086.0
822 37892.0
823 37892.0
824 37892.0
825 37262.0
826 37946.0
827 37497.0
828 37497.0
829 37497.0
830 37497.0
831 37368.0
832 37368.0
833 37845.0
834 37845.0
835 37212.0
836 37212.0
837 37322.0
838 38064.0
839 37255.0
840 37255.0
841 37018.0
842 37085.0
843 37826.0
844 37026.0
845 37026.0
846 37308.0
847 36993.0
848 37081.0
849 36966.0
850 37331.0
851 38263.0
852 36997.0
853 37123.0
854 38790.0
855 38790.0
856 36895.0
857 37420.0
858 37420.0
859 37420.0
860 37622.0
861 37622.0
862 37622.0
863 37822.0
864 36879.0
865 36879.0
866 37645.0
867 37645.0
868 37055.0
869 37055.0
870 37582.0
871 37368.0
872 37055.0
873 37005.0
874 37634.0
875 37634.0
876 38198.0
877 38198.0
878 38198.0
879 38198.0
880 38198.0
881 38198.0
882 38198.0
883 38589.0
884 38198.0
885 38198.0
886 38198.0
887 38198.0
888 38198.0
889 37825.0
890 37229.0
891 37798.0
892 37798.0
893 37509.0
894 37430.0
895 37513.0
896 37513.0
897 37513.0
898 37167.0
899 37090.0
900 36855.0
901 37243.0
902 36767.0
903 37408.0
904 37140.0
905 37140.0
906 36949.0
907 36614.0
908 36934.0
909 36635.0
910 36567.0
911 37249.0
912 36368.0
913 36368.0
914 36467.0
915 37141.0
916 37141.0
917 37141.0
918 36676.0
919 36676.0
920 37024.0
921 37024.0
922 37024.0
923 36567.0
924 36567.0
925 36567.0
926 35806.0
927 36008.0
928 36999.0
929 36860.0
930 36860.0
931 36860.0
932 36656.0
933 36907.0
934 36907.0
935 36907.0
936 37434.0
937 37434.0
938 36031.0
939 36349.0
940 36694.0
941 36101.0
942 36280.0
943 36551.0
944 37416.0
945 37416.0
946 37416.0
947 37416.0
948 37416.0
949 36442.0
950 36398.0
951 36422.0
952 36591.0
953 36591.0
954 36591.0
955 36473.0
956 36441.0
957 36545.0
958 36328.0
959 37042.0
960 37042.0
961 36603.0
962 36352.0
963 36432.0
964 36304.0
965 36459.0
966 36266.0
967 36033.0
968 36939.0
969 36939.0
970 36939.0
971 36939.0
972 36151.0
973 36370.0
974 35782.0
975 35782.0
976 36554.0
977 36554.0
978 36554.0
979 36475.0
980 36339.0
981 36422.0
982 36629.0
983 36422.0
984 36332.0
985 36332.0
986 36185.0
987 35855.0
988 36313.0
989 35919.0
990 35919.0
991 35919.0
992 35919.0
993 36111.0
994 35866.0
995 35561.0
996 36178.0
997 35570.0
998 35570.0
999 36320.0
1000 36320.0
