0 6956.0
1 7490.0
2 7636.0
3 8526.0
4 8752.0
5 9606.0
6 10303.0
7 11143.0
8 11591.0
9 12137.0
10 12979.0
11 12979.0
12 13349.0
13 14043.0
14 15284.0
15 15657.0
16 15982.0
17 16249.0
18 16594.0
19 17403.0
20 17549.0
21 17996.0
22 18732.0
23 18837.0
24 19011.0
25 20114.0
26 20259.0
27 22188.0
28 22188.0
29 21801.0
30 21745.0
31 23006.0
32 24382.0
33 24382.0
34 24613.0
35 24613.0
36 24305.0
37 25208.0
38 24461.0
39 25618.0
40 25480.0
41 25480.0
42 26018.0
43 26018.0
44 27368.0
45 27072.0
46 27301.0
47 27905.0
48 28553.0
49 27961.0
50 27776.0
51 28648.0
52 28688.0
53 29030.0
54 29394.0
55 29394.0
56 29030.0
57 29500.0
58 30049.0
59 30049.0
60 30049.0
61 30049.0
62 30053.0
63 30205.0
64 30389.0
65 30389.0
66 30640.0
67 31169.0
68 31258.0
69 30816.0
70 31390.0
71 30693.0
72 30904.0
73 32078.0
74 32147.0
75 32147.0
76 32018.0
77 31994.0
78 31994.0
79 32990.0
80 31668.0
81 31902.0
82 32469.0
83 32598.0
84 32598.0
85 32598.0
86 32557.0
87 32557.0
88 33014.0
89 32100.0
90 32691.0
91 33045.0
92 33045.0
93 33045.0
94 33045.0
95 33816.0
96 33816.0
97 33032.0
98 32618.0
99 32870.0
100 32641.0
101 32763.0
102 32763.0
103 32869.0
104 32869.0
105 32869.0
106 32700.0
107 32700.0
108 33032.0
109 33002.0
110 33034.0
111 33368.0
112 33131.0
113 33495.0
114 33495.0
115 33418.0
116 33131.0
117 33838.0
118 33131.0
119 33705.0
120 33705.0
121 33705.0
122 33507.0
123 33628.0
124 33628.0
125 33628.0
126 33628.0
127 33628.0
128 33628.0
129 32777.0
130 33450.0
131 32966.0
132 32929.0
133 33310.0
134 33797.0
135 33457.0
136 33681.0
137 33360.0
138 33125.0
139 33689.0
140 34332.0
141 34332.0
142 33568.0
143 33568.0
144 33568.0
145 33578.0
146 33765.0
147 33641.0
148 33641.0
149 33641.0
150 33432.0
151 33262.0
152 33895.0
153 34339.0
154 33826.0
155 33593.0
156 33654.0
157 33872.0
158 34109.0
159 33891.0
160 33891.0
161 34347.0
162 34094.0
163 33996.0
164 33996.0
165 34157.0
166 34248.0
167 34374.0
168 34243.0
169 35530.0
170 34243.0
171 34418.0
172 33792.0
173 33892.0
174 34036.0
175 34851.0
176 34705.0
177 34705.0
178 34810.0
179 34810.0
180 34810.0
181 34810.0
182 34810.0
183 34904.0
184 34904.0
185 34904.0
186 35084.0
187 35084.0
188 35322.0
189 34839.0
190 34394.0
191 34915.0
192 35078.0
193 35078.0
194 35078.0
195 35078.0
196 35725.0
197 35725.0
198 35725.0
199 35725.0
200 34611.0
201 36929.0
202 36929.0
203 36410.0
204 35653.0
205 35653.0
206 34942.0
207 35208.0
208 35208.0
209 35208.0
210 34917.0
211 34652.0
212 35379.0
213 34928.0
214 35022.0
215 35022.0
216 35478.0
217 35780.0
218 35161.0
219 35151.0
220 35106.0
221 35367.0
222 35367.0
223 35423.0
224 35231.0
225 36124.0
226 35775.0
227 35968.0
228 36094.0
229 36094.0
230 36094.0
231 36094.0
232 36094.0
233 36865.0
234 36555.0
235 36555.0
236 36190.0
237 36190.0
238 36190.0
239 35367.0
240 35367.0
241 35572.0
242 36245.0
243 36245.0
244 36373.0
245 36364.0
246 36245.0
247 36245.0
248 36245.0
249 36367.0
250 36367.0
251 36818.0
252 36818.0
253 35853.0
254 35853.0
255 36195.0
256 36195.0
257 35856.0
258 36408.0
259 35994.0
260 35994.0
261 35994.0
262 35930.0
263 35966.0
264 35930.0
265 35519.0
266 35519.0
267 35881.0
268 35881.0
269 35881.0
270 36038.0
271 36263.0
272 36263.0
273 35654.0
274 36329.0
275 36329.0
276 36329.0
277 35654.0
278 35696.0
279 36028.0
280 35940.0
281 35794.0
282 35303.0
283 36194.0
284 35201.0
285 35315.0
286 35315.0
287 35315.0
288 36052.0
289 35256.0
290 34994.0
291 34994.0
292 34989.0
293 35421.0
294 35421.0
295 35421.0
296 36210.0
297 36210.0
298 36127.0
299 36127.0
300 36127.0
301 36127.0
302 36249.0
303 36249.0
304 36249.0
305 35965.0
306 35947.0
307 35941.0
308 35941.0
309 35941.0
310 35941.0
311 36126.0
312 35760.0
313 36458.0
314 36458.0
315 36458.0
316 36458.0
317 36729.0
318 36321.0
319 36321.0
320 36321.0
321 35828.0
322 35828.0
323 35828.0
324 36667.0
325 36667.0
326 36667.0
327 36667.0
328 36880.0
329 36667.0
330 36153.0
331 36153.0
332 36153.0
333 36153.0
334 36153.0
335 36153.0
336 36713.0
337 35808.0
338 36211.0
339 36211.0
340 36211.0
341 36147.0
342 36128.0
343 36611.0
344 36611.0
345 36671.0
346 36671.0
347 36671.0
348 36671.0
349 36671.0
350 36191.0
351 36783.0
352 36783.0
353 36783.0
354 35940.0
355 35940.0
356 35842.0
357 36525.0
358 36525.0
359 35730.0
360 36106.0
361 35715.0
362 36374.0
363 36374.0
364 35825.0
365 36117.0
366 35825.0
367 36201.0
368 36201.0
369 35824.0
370 35824.0
371 35541.0
372 36156.0
373 36156.0
374 35622.0
375 35757.0
376 35757.0
377 35629.0
378 36079.0
379 36279.0
380 36063.0
381 36063.0
382 36353.0
383 36353.0
384 36042.0
385 35181.0
386 35702.0
387 35682.0
388 35908.0
389 36026.0
390 35785.0
391 35785.0
392 35938.0
393 35841.0
394 35841.0
395 36354.0
396 36354.0
397 36354.0
398 36354.0
399 35956.0
400 35956.0
401 35991.0
402 36193.0
403 36193.0
404 35854.0
405 35927.0
406 35927.0
407 36503.0
408 36503.0
409 36503.0
410 36693.0
411 36085.0
412 35936.0
413 35936.0
414 35742.0
415 35914.0
416 35914.0
417 35854.0
418 35854.0
419 35854.0
420 36623.0
421 35751.0
422 35825.0
423 35661.0
424 36393.0
425 36393.0
426 36393.0
427 36876.0
428 36864.0
429 36023.0
430 35991.0
431 35898.0
432 35954.0
433 35954.0
434 35954.0
435 36046.0
436 36184.0
437 36184.0
438 36184.0
439 36239.0
440 36239.0
441 36239.0
442 36176.0
443 36724.0
444 36724.0
445 36477.0
446 36500.0
447 36500.0
448 36430.0
449 36803.0
450 36451.0
451 37066.0
452 36430.0
453 36831.0
454 36831.0
455 36831.0
456 36831.0
457 36800.0
458 36423.0
459 36932.0
460 36932.0
461 36932.0
462 36932.0
463 36680.0
464 37322.0
465 36548.0
466 36200.0
467 36287.0
468 36287.0
469 36974.0
470 36680.0
471 36798.0
472 36655.0
473 36752.0
474 36752.0
475 36806.0
476 36806.0
477 36806.0
478 36936.0
479 36936.0
480 37312.0
481 37402.0
482 37402.0
483 37278.0
484 36678.0
485 36674.0
486 36674.0
487 36674.0
488 36674.0
489 36647.0
490 37485.0
491 37485.0
492 37485.0
493 37171.0
494 37171.0
495 37171.0
496 36483.0
497 37079.0
498 37079.0
499 36900.0
500 37073.0
501 37520.0
502 37520.0
503 37520.0
504 38427.0
505 37346.0
506 37346.0
507 37346.0
508 38337.0
509 37134.0
510 36753.0
511 36838.0
512 37611.0
513 37611.0
514 36800.0
515 36626.0
516 36846.0
517 37060.0
518 36587.0
519 36685.0
520 37437.0
521 37437.0
522 38745.0
523 38745.0
524 38745.0
525 37877.0
526 37877.0
527 37877.0
528 36475.0
529 36794.0
530 36613.0
531 36613.0
532 36413.0
533 36592.0
534 36695.0
535 36636.0
536 37195.0
537 37195.0
538 37195.0
539 37195.0
540 37195.0
541 37195.0
542 37226.0
543 37226.0
544 37226.0
545 37226.0
546 37226.0
547 37226.0
548 37226.0
549 37226.0
550 37009.0
551 37009.0
552 37009.0
553 36185.0
554 35804.0
555 35950.0
556 35950.0
557 36347.0
558 35849.0
559 35954.0
560 36007.0
561 36007.0
562 36022.0
563 36022.0
564 35724.0
565 35871.0
566 35724.0
567 36373.0
568 36373.0
569 36373.0
570 36373.0
571 36373.0
572 36373.0
573 36373.0
574 36373.0
575 35871.0
576 35871.0
577 35603.0
578 35246.0
579 35343.0
580 35343.0
581 35553.0
582 35553.0
583 35514.0
584 36077.0
585 36077.0
586 36077.0
587 35324.0
588 35406.0
589 36004.0
590 36514.0
591 36514.0
592 35798.0
593 36201.0
594 35680.0
595 35971.0
596 35971.0
597 35971.0
598 36139.0
599 36127.0
600 34895.0
601 35374.0
602 35374.0
603 36440.0
604 35214.0
605 35153.0
606 35135.0
607 34967.0
608 35408.0
609 35247.0
610 35267.0
611 35130.0
612 35130.0
613 35073.0
614 35445.0
615 35622.0
616 35622.0
617 35500.0
618 35043.0
619 36181.0
620 36181.0
621 35521.0
622 35521.0
623 35521.0
624 35248.0
625 35536.0
626 35504.0
627 35349.0
628 35126.0
629 35798.0
630 35041.0
631 35719.0
632 35719.0
633 35719.0
634 34986.0
635 34986.0
636 35474.0
637 35790.0
638 35474.0
639 35474.0
640 36067.0
641 35226.0
642 35446.0
643 35446.0
644 35446.0
645 37288.0
646 37288.0
647 37288.0
648 37288.0
649 36492.0
650 36492.0
651 36492.0
652 36492.0
653 35363.0
654 35746.0
655 35743.0
656 35628.0
657 35713.0
658 35713.0
659 35713.0
660 36641.0
661 36357.0
662 36357.0
663 36357.0
664 36357.0
665 35968.0
666 35968.0
667 35968.0
668 35968.0
669 35968.0
670 35968.0
671 35968.0
672 35968.0
673 35968.0
674 35968.0
675 35968.0
676 35886.0
677 36218.0
678 36227.0
679 36227.0
680 36227.0
681 35759.0
682 35598.0
683 36388.0
684 36388.0
685 35891.0
686 35891.0
687 35891.0
688 35973.0
689 35441.0
690 35652.0
691 35815.0
692 35815.0
693 35652.0
694 35837.0
695 35837.0
696 35702.0
697 35782.0
698 35486.0
699 36244.0
700 35492.0
701 35673.0
702 35818.0
703 35818.0
704 35774.0
705 36094.0
706 36094.0
707 36094.0
708 35975.0
709 35563.0
710 35880.0
711 35880.0
712 35880.0
713 35880.0
714 36323.0
715 36323.0
716 36323.0
717 36323.0
718 36225.0
719 36225.0
720 35687.0
721 35260.0
722 35298.0
723 35298.0
724 35298.0
725 35502.0
726 35502.0
727 35909.0
728 35909.0
729 36008.0
730 35909.0
731 36052.0
732 36052.0
733 36052.0
734 35499.0
735 35442.0
736 35453.0
737 36020.0
738 36020.0
739 36011.0
740 35635.0
741 35857.0
742 35599.0
743 35531.0
744 36582.0
745 36582.0
746 36582.0
747 36582.0
748 36582.0
749 36582.0
750 36302.0
751 35967.0
752 35967.0
753 36394.0
754 36110.0
755 36110.0
756 36353.0
757 36110.0
758 35310.0
759 35862.0
760 36604.0
761 36070.0
762 36142.0
763 36127.0
764 35496.0
765 35841.0
766 35484.0
767 35261.0
768 35902.0
769 36111.0
770 36111.0
771 36498.0
772 36498.0
773 36498.0
774 35965.0
775 35965.0
776 35965.0
777 35965.0
778 36002.0
779 36002.0
780 36831.0
781 37013.0
782 36831.0
783 36206.0
784 36375.0
785 37683.0
786 36375.0
787 36375.0
788 36375.0
789 36375.0
790 36375.0
791 36375.0
792 37941.0
793 36471.0
794 36370.0
795 36370.0
796 36052.0
797 36114.0
798 36283.0
799 36114.0
800 36479.0
801 36594.0
802 36594.0
803 36554.0
804 36554.0
805 37230.0
806 37230.0
807 37230.0
808 36556.0
809 36556.0
810 37066.0
811 37010.0
812 36042.0
813 37114.0
814 36544.0
815 37538.0
816 37177.0
817 37177.0
818 37181.0
819 36736.0
820 36648.0
821 36759.0
822 36584.0
823 36584.0
824 36699.0
825 36573.0
826 36585.0
827 36790.0
828 36831.0
829 36831.0
830 36790.0
831 37546.0
832 37201.0
833 36803.0
834 36803.0
835 36803.0
836 36928.0
837 36928.0
838 36928.0
839 36928.0
840 36928.0
841 36761.0
842 36606.0
843 36629.0
844 36629.0
845 36629.0
846 36629.0
847 36894.0
848 36138.0
849 36323.0
850 37326.0
851 36683.0
852 36683.0
853 36767.0
854 37420.0
855 37420.0
856 37420.0
857 37420.0
858 37420.0
859 37420.0
860 37420.0
861 37420.0
862 36913.0
863 36829.0
864 36861.0
865 37071.0
866 36861.0
867 36850.0
868 37018.0
869 36850.0
870 36868.0
871 36868.0
872 36868.0
873 36868.0
874 36927.0
875 36927.0
876 37532.0
877 36930.0
878 36579.0
879 36609.0
880 36609.0
881 36544.0
882 36846.0
883 36870.0
884 36591.0
885 36591.0
886 36694.0
887 36775.0
888 36722.0
889 36722.0
890 36642.0
891 37149.0
892 37149.0
893 37149.0
894 37149.0
895 36810.0
896 37632.0
897 37274.0
898 37306.0
899 37314.0
900 37314.0
901 37314.0
902 37314.0
903 37191.0
904 37861.0
905 37861.0
906 37526.0
907 38612.0
908 38612.0
909 38612.0
910 38612.0
911 37323.0
912 37323.0
913 37396.0
914 37458.0
915 37753.0
916 38045.0
917 37103.0
918 37492.0
919 37439.0
920 37439.0
921 37589.0
922 37589.0
923 37589.0
924 37589.0
925 37242.0
926 37826.0
927 38155.0
928 38155.0
929 37550.0
930 37220.0
931 37220.0
932 37220.0
933 37220.0
934 37264.0
935 37309.0
936 37309.0
937 37309.0
938 37374.0
939 37417.0
940 37309.0
941 37393.0
942 37393.0
943 37393.0
944 36909.0
945 37275.0
946 37275.0
947 36945.0
948 37734.0
949 37402.0
950 37402.0
951 37534.0
952 37747.0
953 37702.0
954 37198.0
955 37620.0
956 37620.0
957 37620.0
958 37620.0
959 37148.0
960 37148.0
961 38439.0
962 38439.0
963 37241.0
964 37553.0
965 37553.0
966 37553.0
967 37241.0
968 37347.0
969 37347.0
970 37347.0
971 37347.0
972 37347.0
973 37774.0
974 37774.0
975 37354.0
976 37354.0
977 37379.0
978 37083.0
979 37132.0
980 37873.0
981 37873.0
982 37873.0
983 37873.0
984 37733.0
985 37295.0
986 37127.0
987 37074.0
988 37074.0
989 37366.0
990 37082.0
991 37082.0
992 37046.0
993 37530.0
994 37667.0
995 37667.0
996 37667.0
997 37531.0
998 37531.0
999 37592.0
1000 37592.0
