0 6425.0
1 7018.0
2 7515.0
3 8191.0
4 9094.0
5 9953.0
6 10023.0
7 10715.0
8 11188.0
9 12062.0
10 12901.0
11 12910.0
12 13961.0
13 14179.0
14 14299.0
15 15648.0
16 15648.0
17 16472.0
18 16464.0
19 17172.0
20 18163.0
21 19884.0
22 19884.0
23 20265.0
24 20265.0
25 20594.0
26 20998.0
27 20365.0
28 20596.0
29 21841.0
30 22421.0
31 21980.0
32 22231.0
33 22991.0
34 23250.0
35 23591.0
36 23897.0
37 23558.0
38 24247.0
39 24291.0
40 25690.0
41 25887.0
42 25353.0
43 25237.0
44 25754.0
45 25913.0
46 25913.0
47 25898.0
48 26240.0
49 26912.0
50 27082.0
51 27420.0
52 27581.0
53 27672.0
54 27816.0
55 27972.0
56 28498.0
57 28498.0
58 29107.0
59 28552.0
60 28507.0
61 28627.0
62 28981.0
63 29725.0
64 29725.0
65 29725.0
66 29421.0
67 29409.0
68 29788.0
69 30117.0
70 30372.0
71 30335.0
72 30578.0
73 30578.0
74 30417.0
75 31381.0
76 31381.0
77 31381.0
78 31532.0
79 31532.0
80 31532.0
81 31132.0
82 31406.0
83 31406.0
84 31922.0
85 31922.0
86 31569.0
87 31569.0
88 32076.0
89 32423.0
90 32423.0
91 32423.0
92 33081.0
93 33518.0
94 33518.0
95 33584.0
96 33518.0
97 33727.0
98 32923.0
99 32440.0
100 32720.0
101 32720.0
102 32805.0
103 33321.0
104 33225.0
105 33225.0
106 32819.0
107 32805.0
108 32710.0
109 32849.0
110 32779.0
111 33244.0
112 32779.0
113 33341.0
114 33968.0
115 33341.0
116 33809.0
117 33809.0
118 33809.0
119 33341.0
120 33361.0
121 33197.0
122 33718.0
123 33718.0
124 33718.0
125 33718.0
126 33718.0
127 33596.0
128 33596.0
129 34082.0
130 33596.0
131 33596.0
132 33570.0
133 34173.0
134 34195.0
135 33565.0
136 33505.0
137 33636.0
138 33428.0
139 33534.0
140 33534.0
141 33655.0
142 33640.0
143 33640.0
144 33393.0
145 33393.0
146 33213.0
147 34870.0
148 34870.0
149 34870.0
150 34870.0
151 34870.0
152 34431.0
153 34961.0
154 34961.0
155 35062.0
156 33852.0
157 34132.0
158 34132.0
159 34132.0
160 34132.0
161 34191.0
162 34191.0
163 34243.0
164 34035.0
165 33827.0
166 33827.0
167 33827.0
168 34440.0
169 34484.0
170 34484.0
171 34484.0
172 34484.0
173 33981.0
174 34248.0
175 34248.0
176 34524.0
177 34524.0
178 33968.0
179 33920.0
180 34951.0
181 34611.0
182 33693.0
183 34814.0
184 34814.0
185 34235.0
186 34235.0
187 34235.0
188 34482.0
189 34097.0
190 35129.0
191 35129.0
192 35129.0
193 34643.0
194 34643.0
195 34643.0
196 34643.0
197 34358.0
198 34358.0
199 34358.0
200 34350.0
201 34350.0
202 34539.0
203 34539.0
204 34593.0
205 34593.0
206 34436.0
207 34708.0
208 34658.0
209 34658.0
210 34658.0
211 34721.0
212 34721.0
213 34721.0
214 35330.0
215 35330.0
216 35330.0
217 35330.0
218 35330.0
219 34818.0
220 35508.0
221 35300.0
222 35300.0
223 35300.0
224 35325.0
225 35325.0
226 35325.0
227 34965.0
228 34708.0
229 34522.0
230 34460.0
231 34803.0
232 35492.0
233 34572.0
234 34460.0
235 34111.0
236 34602.0
237 34578.0
238 34578.0
239 35509.0
240 34773.0
241 34400.0
242 35056.0
243 35056.0
244 35056.0
245 35056.0
246 35437.0
247 35582.0
248 35254.0
249 35254.0
250 35254.0
251 35447.0
252 35589.0
253 35157.0
254 34857.0
255 35053.0
256 35395.0
257 35340.0
258 35658.0
259 35658.0
260 35427.0
261 34676.0
262 34676.0
263 34676.0
264 34475.0
265 34503.0
266 34907.0
267 34504.0
268 34892.0
269 34892.0
270 34892.0
271 35190.0
272 35169.0
273 35169.0
274 35169.0
275 34956.0
276 35524.0
277 35524.0
278 35524.0
279 35524.0
280 35524.0
281 35573.0
282 35095.0
283 35095.0
284 35228.0
285 35228.0
286 35228.0
287 35228.0
288 35136.0
289 35136.0
290 35513.0
291 35513.0
292 35910.0
293 35910.0
294 35910.0
295 35910.0
296 35910.0
297 35910.0
298 35910.0
299 35910.0
300 35910.0
301 35414.0
302 34991.0
303 34991.0
304 35641.0
305 35641.0
306 35641.0
307 35641.0
308 35641.0
309 35641.0
310 35641.0
311 35641.0
312 35641.0
313 35523.0
314 35523.0
315 35417.0
316 35417.0
317 35417.0
318 35417.0
319 35830.0
320 35830.0
321 35417.0
322 35570.0
323 35749.0
324 35570.0
325 35570.0
326 35198.0
327 34877.0
328 35264.0
329 35420.0
330 35420.0
331 35420.0
332 35066.0
333 35388.0
334 35141.0
335 35540.0
336 35540.0
337 36278.0
338 35132.0
339 35132.0
340 35132.0
341 35132.0
342 35141.0
343 35584.0
344 35591.0
345 34997.0
346 35408.0
347 35422.0
348 35231.0
349 35231.0
350 34892.0
351 35602.0
352 35602.0
353 35602.0
354 35506.0
355 35712.0
356 35615.0
357 35615.0
358 35615.0
359 35615.0
360 35796.0
361 35615.0
362 35366.0
363 36074.0
364 36074.0
365 34953.0
366 35338.0
367 35295.0
368 36268.0
369 35533.0
370 36362.0
371 35597.0
372 35995.0
373 35995.0
374 35995.0
375 35668.0
376 35668.0
377 36232.0
378 36232.0
379 36361.0
380 36232.0
381 35369.0
382 36060.0
383 35485.0
384 35485.0
385 36052.0
386 36800.0
387 36800.0
388 36433.0
389 36393.0
390 36393.0
391 36393.0
392 36393.0
393 36393.0
394 36393.0
395 36358.0
396 36358.0
397 36358.0
398 36199.0
399 36199.0
400 36211.0
401 35914.0
402 35993.0
403 35993.0
404 35993.0
405 35603.0
406 36531.0
407 36531.0
408 36265.0
409 36138.0
410 36138.0
411 36138.0
412 36852.0
413 36052.0
414 36056.0
415 36305.0
416 36305.0
417 36472.0
418 36472.0
419 36472.0
420 36132.0
421 36346.0
422 35813.0
423 35854.0
424 35854.0
425 35904.0
426 35923.0
427 35999.0
428 35869.0
429 37000.0
430 36936.0
431 35919.0
432 36284.0
433 36415.0
434 36779.0
435 36779.0
436 36415.0
437 36415.0
438 36181.0
439 36509.0
440 36252.0
441 36252.0
442 36252.0
443 36252.0
444 36539.0
445 36539.0
446 36539.0
447 36993.0
448 36993.0
449 36993.0
450 37079.0
451 36993.0
452 36965.0
453 36921.0
454 36921.0
455 36355.0
456 36489.0
457 37082.0
458 37082.0
459 37082.0
460 37207.0
461 37059.0
462 37013.0
463 37013.0
464 36791.0
465 36501.0
466 37069.0
467 37069.0
468 37069.0
469 37069.0
470 36260.0
471 36445.0
472 36445.0
473 36445.0
474 36445.0
475 36125.0
476 36792.0
477 36792.0
478 37433.0
479 37433.0
480 37433.0
481 37433.0
482 36463.0
483 37129.0
484 37129.0
485 37129.0
486 37129.0
487 37129.0
488 36823.0
489 36823.0
490 36823.0
491 36806.0
492 36806.0
493 36806.0
494 36806.0
495 36806.0
496 36132.0
497 36399.0
498 36399.0
499 36698.0
500 37272.0
501 37272.0
502 37272.0
503 37272.0
504 37272.0
505 37272.0
506 36274.0
507 36274.0
508 36295.0
509 35918.0
510 36314.0
511 36975.0
512 36975.0
513 36975.0
514 36728.0
515 36773.0
516 36773.0
517 36773.0
518 36439.0
519 36726.0
520 36726.0
521 36726.0
522 36363.0
523 37056.0
524 36508.0
525 36792.0
526 36776.0
527 36776.0
528 36776.0
529 36776.0
530 36220.0
531 36346.0
532 37378.0
533 37378.0
534 36199.0
535 36964.0
536 36964.0
537 36964.0
538 37186.0
539 37342.0
540 37186.0
541 37186.0
542 37186.0
543 37694.0
544 37186.0
545 37186.0
546 36527.0
547 36543.0
548 37540.0
549 37540.0
550 37540.0
551 37540.0
552 37540.0
553 37540.0
554 37025.0
555 37198.0
556 37198.0
557 37696.0
558 37696.0
559 36992.0
560 36992.0
561 37104.0
562 37141.0
563 37171.0
564 37171.0
565 37171.0
566 37771.0
567 37046.0
568 37013.0
569 37086.0
570 37023.0
571 37023.0
572 37505.0
573 37505.0
574 37674.0
575 37825.0
576 37825.0
577 38164.0
578 37825.0
579 37022.0
580 37297.0
581 37297.0
582 37297.0
583 37127.0
584 37446.0
585 37822.0
586 37822.0
587 37822.0
588 37822.0
589 37822.0
590 37822.0
591 37259.0
592 36876.0
593 37056.0
594 36984.0
595 36763.0
596 36812.0
597 37410.0
598 37410.0
599 37306.0
600 36848.0
601 36702.0
602 37313.0
603 37313.0
604 37493.0
605 37493.0
606 36826.0
607 36677.0
608 36832.0
609 36677.0
610 36536.0
611 36663.0
612 36778.0
613 36842.0
614 36723.0
615 36502.0
616 36366.0
617 37153.0
618 36221.0
619 36221.0
620 36263.0
621 36156.0
622 36132.0
623 36192.0
624 36192.0
625 36192.0
626 36192.0
627 36506.0
628 36506.0
629 36632.0
630 36632.0
631 36632.0
632 36067.0
633 35786.0
634 35786.0
635 36337.0
636 37211.0
637 35904.0
638 35904.0
639 35904.0
640 35904.0
641 35848.0
642 36030.0
643 36106.0
644 36137.0
645 36292.0
646 36292.0
647 36386.0
648 36847.0
649 36847.0
650 36847.0
651 36847.0
652 36847.0
653 36847.0
654 36847.0
655 36605.0
656 36676.0
657 37250.0
658 37250.0
659 37250.0
660 36806.0
661 37088.0
662 37088.0
663 36238.0
664 36667.0
665 36667.0
666 36303.0
667 36303.0
668 36303.0
669 36897.0
670 37023.0
671 36897.0
672 36771.0
673 36346.0
674 37022.0
675 37022.0
676 37022.0
677 36340.0
678 36340.0
679 36173.0
680 36097.0
681 36476.0
682 36747.0
683 37052.0
684 37052.0
685 37052.0
686 36383.0
687 36207.0
688 36338.0
689 36535.0
690 36171.0
691 36171.0
692 36281.0
693 36281.0
694 36281.0
695 35941.0
696 35941.0
697 36267.0
698 36267.0
699 36267.0
700 36267.0
701 36084.0
702 36424.0
703 35846.0
704 35726.0
705 35967.0
706 36377.0
707 35933.0
708 36330.0
709 37223.0
710 36438.0
711 36149.0
712 37280.0
713 37235.0
714 36336.0
715 36336.0
716 37134.0
717 36160.0
718 36160.0
719 36764.0
720 36687.0
721 36113.0
722 36550.0
723 36550.0
724 36704.0
725 36793.0
726 36793.0
727 36793.0
728 36461.0
729 36923.0
730 37053.0
731 36884.0
732 37300.0
733 36884.0
734 36543.0
735 36543.0
736 36678.0
737 36678.0
738 36678.0
739 36678.0
740 36678.0
741 36678.0
742 36538.0
743 36538.0
744 36558.0
745 36558.0
746 36314.0
747 36189.0
748 36715.0
749 36715.0
750 36715.0
751 36218.0
752 36491.0
753 36491.0
754 36296.0
755 36001.0
756 36041.0
757 36523.0
758 36048.0
759 35845.0
760 36293.0
761 36293.0
762 35998.0
763 35928.0
764 35928.0
765 35797.0
766 35525.0
767 35215.0
768 35215.0
769 35618.0
770 35284.0
771 35284.0
772 35502.0
773 36281.0
774 35261.0
775 35493.0
776 35493.0
777 35716.0
778 35638.0
779 35515.0
780 35515.0
781 35515.0
782 36550.0
783 35400.0
784 35348.0
785 35350.0
786 35350.0
787 35717.0
788 35717.0
789 35717.0
790 35717.0
791 35717.0
792 35717.0
793 35717.0
794 35505.0
795 35505.0
796 35505.0
797 35491.0
798 35491.0
799 35186.0
800 35086.0
801 35186.0
802 35086.0
803 34749.0
804 34833.0
805 34749.0
806 34749.0
807 35443.0
808 35443.0
809 34692.0
810 34733.0
811 34692.0
812 34692.0
813 34692.0
814 35627.0
815 34773.0
816 34838.0
817 34989.0
818 35099.0
819 35099.0
820 35389.0
821 35389.0
822 35389.0
823 35091.0
824 35091.0
825 35091.0
826 35091.0
827 35091.0
828 35202.0
829 35202.0
830 35202.0
831 35791.0
832 35791.0
833 34729.0
834 34496.0
835 34434.0
836 34434.0
837 34434.0
838 34434.0
839 34434.0
840 35432.0
841 35432.0
842 35432.0
843 35265.0
844 35265.0
845 35265.0
846 34942.0
847 34802.0
848 34582.0
849 36721.0
850 36721.0
851 36721.0
852 36721.0
853 34799.0
854 34874.0
855 34799.0
856 35195.0
857 34440.0
858 34853.0
859 35288.0
860 35288.0
861 35288.0
862 34853.0
863 35237.0
864 35237.0
865 35237.0
866 34863.0
867 34863.0
868 34832.0
869 34535.0
870 34580.0
871 34520.0
872 34692.0
873 34692.0
874 35289.0
875 35289.0
876 35143.0
877 34428.0
878 34316.0
879 34078.0
880 34746.0
881 35046.0
882 35046.0
883 35046.0
884 34761.0
885 34761.0
886 34961.0
887 34937.0
888 34937.0
889 35070.0
890 35015.0
891 35299.0
892 35299.0
893 35299.0
894 35299.0
895 35300.0
896 35299.0
897 35051.0
898 35050.0
899 35172.0
900 35176.0
901 35597.0
902 35818.0
903 35721.0
904 35721.0
905 35429.0
906 35429.0
907 35429.0
908 34973.0
909 35400.0
910 35690.0
911 35188.0
912 34821.0
913 35046.0
914 35029.0
915 34858.0
916 35261.0
917 35715.0
918 34937.0
919 35733.0
920 35764.0
921 34780.0
922 34780.0
923 34788.0
924 34787.0
925 34735.0
926 35262.0
927 34790.0
928 34790.0
929 34790.0
930 35333.0
931 35384.0
932 35384.0
933 35386.0
934 35384.0
935 35384.0
936 34741.0
937 34965.0
938 34965.0
939 35297.0
940 35297.0
941 34959.0
942 35135.0
943 35135.0
944 34604.0
945 35176.0
946 36092.0
947 36092.0
948 36092.0
949 35724.0
950 35724.0
951 35189.0
952 35156.0
953 35156.0
954 35216.0
955 35525.0
956 35300.0
957 35300.0
958 35459.0
959 35459.0
960 35052.0
961 35547.0
962 35052.0
963 35052.0
964 35486.0
965 35486.0
966 35486.0
967 35572.0
968 35486.0
969 34917.0
970 34917.0
971 34917.0
972 34779.0
973 35757.0
974 34923.0
975 35448.0
976 35448.0
977 35666.0
978 35666.0
979 35320.0
980 34987.0
981 34890.0
982 35123.0
983 35123.0
984 35495.0
985 35495.0
986 35123.0
987 35123.0
988 35811.0
989 35123.0
990 35125.0
991 35125.0
992 35125.0
993 35125.0
994 35522.0
995 35518.0
996 35518.0
997 35403.0
998 36242.0
999 35611.0
1000 35611.0
