0 6425.0
1 7490.0
2 7692.0
3 8312.0
4 8899.0
5 10010.0
6 10378.0
7 11573.0
8 12059.0
9 12298.0
10 12651.0
11 12724.0
12 13926.0
13 14153.0
14 14959.0
15 15315.0
16 16165.0
17 16776.0
18 16829.0
19 16829.0
20 17594.0
21 18321.0
22 18323.0
23 19022.0
24 19825.0
25 19825.0
26 20430.0
27 20798.0
28 20923.0
29 21298.0
30 22216.0
31 22124.0
32 22744.0
33 22415.0
34 23248.0
35 23691.0
36 23927.0
37 24180.0
38 23984.0
39 24982.0
40 24566.0
41 25589.0
42 26277.0
43 26277.0
44 26277.0
45 26657.0
46 27729.0
47 27345.0
48 27060.0
49 28285.0
50 28421.0
51 28716.0
52 28156.0
53 28156.0
54 27787.0
55 28866.0
56 29194.0
57 28823.0
58 29008.0
59 29121.0
60 29547.0
61 29601.0
62 29532.0
63 29536.0
64 29899.0
65 30608.0
66 30608.0
67 30608.0
68 30257.0
69 30260.0
70 30260.0
71 30709.0
72 30380.0
73 30155.0
74 30456.0
75 30797.0
76 31115.0
77 31575.0
78 31196.0
79 31064.0
80 31835.0
81 31835.0
82 31835.0
83 31445.0
84 31440.0
85 32226.0
86 32323.0
87 32323.0
88 32362.0
89 32323.0
90 31789.0
91 33331.0
92 32723.0
93 32723.0
94 32723.0
95 31792.0
96 31836.0
97 32659.0
98 32592.0
99 32592.0
100 32592.0
101 32396.0
102 32729.0
103 32733.0
104 33265.0
105 33548.0
106 33334.0
107 33334.0
108 33265.0
109 33265.0
110 33026.0
111 32742.0
112 34116.0
113 33800.0
114 33800.0
115 33800.0
116 33800.0
117 33800.0
118 33800.0
119 33304.0
120 33519.0
121 33143.0
122 33140.0
123 33842.0
124 33842.0
125 33842.0
126 33842.0
127 34193.0
128 35003.0
129 35003.0
130 35003.0
131 35003.0
132 35003.0
133 35003.0
134 35003.0
135 35003.0
136 35003.0
137 35003.0
138 35003.0
139 34292.0
140 34292.0
141 34292.0
142 34292.0
143 34292.0
144 33925.0
145 34630.0
146 34445.0
147 34508.0
148 34445.0
149 34670.0
150 34670.0
151 35153.0
152 35153.0
153 34074.0
154 35004.0
155 34415.0
156 34415.0
157 34874.0
158 34775.0
159 34775.0
160 34969.0
161 34285.0
162 34203.0
163 34565.0
164 34809.0
165 34809.0
166 34809.0
167 34809.0
168 35606.0
169 35606.0
170 35606.0
171 35606.0
172 35120.0
173 35171.0
174 35171.0
175 36597.0
176 35312.0
177 35312.0
178 35312.0
179 35312.0
180 34387.0
181 34439.0
182 34439.0
183 34591.0
184 34591.0
185 34316.0
186 34893.0
187 34955.0
188 34955.0
189 34955.0
190 34916.0
191 34830.0
192 34830.0
193 34944.0
194 34944.0
195 34944.0
196 35224.0
197 34858.0
198 35439.0
199 35378.0
200 35378.0
201 35037.0
202 35097.0
203 35121.0
204 35046.0
205 36724.0
206 36724.0
207 36724.0
208 36724.0
209 36724.0
210 35502.0
211 35981.0
212 35981.0
213 35981.0
214 35981.0
215 35192.0
216 35192.0
217 35192.0
218 35431.0
219 35431.0
220 35192.0
221 34845.0
222 34573.0
223 34968.0
224 34693.0
225 34844.0
226 34630.0
227 34940.0
228 35243.0
229 35203.0
230 35203.0
231 35624.0
232 35624.0
233 35781.0
234 35458.0
235 35788.0
236 35788.0
237 35222.0
238 35028.0
239 35734.0
240 35479.0
241 35479.0
242 35225.0
243 36283.0
244 36283.0
245 35418.0
246 36359.0
247 36359.0
248 36359.0
249 36359.0
250 36566.0
251 36562.0
252 36562.0
253 35996.0
254 35619.0
255 35231.0
256 35610.0
257 36577.0
258 36577.0
259 36577.0
260 36163.0
261 36263.0
262 36028.0
263 35934.0
264 35580.0
265 36004.0
266 35912.0
267 35912.0
268 36886.0
269 35753.0
270 35753.0
271 35753.0
272 36758.0
273 37616.0
274 35753.0
275 36070.0
276 36070.0
277 35753.0
278 35823.0
279 35823.0
280 36080.0
281 35741.0
282 35741.0
283 36346.0
284 35884.0
285 36084.0
286 36533.0
287 37150.0
288 36533.0
289 36533.0
290 36533.0
291 36533.0
292 36453.0
293 36056.0
294 36056.0
295 36056.0
296 36122.0
297 36254.0
298 35800.0
299 36250.0
300 35465.0
301 36981.0
302 36464.0
303 36107.0
304 36107.0
305 36043.0
306 36043.0
307 36251.0
308 36929.0
309 36929.0
310 35584.0
311 35740.0
312 36239.0
313 36142.0
314 36142.0
315 36142.0
316 36142.0
317 35962.0
318 35819.0
319 36249.0
320 36033.0
321 36033.0
322 36492.0
323 36492.0
324 36492.0
325 36964.0
326 36964.0
327 36492.0
328 36492.0
329 36492.0
330 36492.0
331 36492.0
332 36492.0
333 36238.0
334 36308.0
335 36308.0
336 36579.0
337 36809.0
338 35981.0
339 35981.0
340 36862.0
341 36707.0
342 36096.0
343 36264.0
344 36264.0
345 35948.0
346 35948.0
347 36941.0
348 36722.0
349 36804.0
350 36804.0
351 36804.0
352 36804.0
353 36430.0
354 36585.0
355 36585.0
356 36490.0
357 36610.0
358 36610.0
359 36843.0
360 36995.0
361 36610.0
362 36920.0
363 37753.0
364 37580.0
365 37580.0
366 37580.0
367 37580.0
368 37580.0
369 37580.0
370 37580.0
371 36781.0
372 36781.0
373 36781.0
374 36960.0
375 36781.0
376 36781.0
377 36672.0
378 36634.0
379 36634.0
380 36459.0
381 36459.0
382 36962.0
383 36962.0
384 36962.0
385 36962.0
386 36964.0
387 36964.0
388 37149.0
389 37149.0
390 37149.0
391 36759.0
392 36665.0
393 37223.0
394 36665.0
395 36961.0
396 36961.0
397 37552.0
398 38021.0
399 38021.0
400 36817.0
401 36817.0
402 36211.0
403 36211.0
404 36342.0
405 36296.0
406 36296.0
407 36489.0
408 36463.0
409 36469.0
410 36469.0
411 36252.0
412 36641.0
413 37703.0
414 36641.0
415 37151.0
416 37151.0
417 37151.0
418 37151.0
419 37151.0
420 36581.0
421 36581.0
422 36581.0
423 36495.0
424 36495.0
425 36441.0
426 36441.0
427 36569.0
428 36569.0
429 36309.0
430 36312.0
431 36474.0
432 36991.0
433 36073.0
434 36659.0
435 36840.0
436 36659.0
437 36659.0
438 36732.0
439 36732.0
440 36732.0
441 36732.0
442 36732.0
443 36228.0
444 36908.0
445 36471.0
446 36725.0
447 37354.0
448 37354.0
449 36764.0
450 36764.0
451 36764.0
452 36717.0
453 36885.0
454 36779.0
455 36707.0
456 36517.0
457 36517.0
458 37547.0
459 37243.0
460 37063.0
461 37063.0
462 36375.0
463 36972.0
464 36618.0
465 36764.0
466 37189.0
467 37189.0
468 37189.0
469 37117.0
470 37117.0
471 37117.0
472 37130.0
473 37411.0
474 37411.0
475 37411.0
476 37411.0
477 37411.0
478 36402.0
479 37074.0
480 36393.0
481 36496.0
482 36655.0
483 36496.0
484 36445.0
485 38007.0
486 36445.0
487 36445.0
488 36452.0
489 36452.0
490 36452.0
491 37349.0
492 36452.0
493 36703.0
494 36703.0
495 36703.0
496 36703.0
497 36198.0
498 36547.0
499 36717.0
500 36198.0
501 36198.0
502 36164.0
503 35861.0
504 36951.0
505 36951.0
506 36552.0
507 36009.0
508 35875.0
509 35875.0
510 35875.0
511 36068.0
512 35887.0
513 35667.0
514 35808.0
515 36173.0
516 36173.0
517 36173.0
518 36173.0
519 36173.0
520 36173.0
521 35656.0
522 35656.0
523 36172.0
524 35770.0
525 36601.0
526 35938.0
527 35781.0
528 36531.0
529 36531.0
530 35781.0
531 36892.0
532 35781.0
533 35770.0
534 36041.0
535 35790.0
536 35790.0
537 35690.0
538 35690.0
539 35690.0
540 35393.0
541 35742.0
542 35742.0
543 35742.0
544 35742.0
545 35742.0
546 35636.0
547 35467.0
548 36404.0
549 36404.0
550 35819.0
551 36134.0
552 36134.0
553 36399.0
554 36399.0
555 35888.0
556 35888.0
557 35888.0
558 36022.0
559 36022.0
560 35608.0
561 35588.0
562 35443.0
563 35604.0
564 36146.0
565 36146.0
566 36146.0
567 36695.0
568 35601.0
569 35817.0
570 35601.0
571 36639.0
572 36639.0
573 36639.0
574 36639.0
575 35660.0
576 36290.0
577 35930.0
578 35952.0
579 35811.0
580 35919.0
581 35919.0
582 35919.0
583 35919.0
584 35810.0
585 35437.0
586 35804.0
587 35880.0
588 35880.0
589 35769.0
590 35769.0
591 35731.0
592 35911.0
593 36022.0
594 35911.0
595 35911.0
596 35911.0
597 36121.0
598 35785.0
599 35785.0
600 35614.0
601 35259.0
602 35207.0
603 35682.0
604 35282.0
605 36413.0
606 35820.0
607 35820.0
608 35820.0
609 35703.0
610 35703.0
611 35562.0
612 35550.0
613 35550.0
614 35146.0
615 35311.0
616 35146.0
617 35170.0
618 35462.0
619 35462.0
620 36159.0
621 35462.0
622 35462.0
623 35462.0
624 35462.0
625 35378.0
626 35378.0
627 35378.0
628 35493.0
629 35493.0
630 35846.0
631 35343.0
632 35343.0
633 36222.0
634 36222.0
635 37056.0
636 36187.0
637 35265.0
638 35194.0
639 35188.0
640 35301.0
641 36114.0
642 35421.0
643 35421.0
644 35409.0
645 35299.0
646 35049.0
647 35049.0
648 35442.0
649 35372.0
650 35372.0
651 34650.0
652 34614.0
653 34881.0
654 35982.0
655 35982.0
656 34883.0
657 35691.0
658 35836.0
659 35224.0
660 35586.0
661 35544.0
662 35544.0
663 35544.0
664 35716.0
665 35716.0
666 35393.0
667 35393.0
668 35603.0
669 35834.0
670 35885.0
671 35834.0
672 35930.0
673 35834.0
674 36291.0
675 36291.0
676 35692.0
677 35692.0
678 35674.0
679 35558.0
680 35558.0
681 35216.0
682 35414.0
683 35948.0
684 35948.0
685 35416.0
686 35375.0
687 35601.0
688 36016.0
689 35800.0
690 35800.0
691 35259.0
692 36152.0
693 36152.0
694 35645.0
695 36202.0
696 36202.0
697 36202.0
698 36202.0
699 36202.0
700 36202.0
701 35577.0
702 35577.0
703 35365.0
704 35385.0
705 36510.0
706 36510.0
707 35821.0
708 35595.0
709 35622.0
710 36440.0
711 35689.0
712 35689.0
713 35689.0
714 36284.0
715 37085.0
716 35689.0
717 35549.0
718 35641.0
719 35819.0
720 35751.0
721 35565.0
722 35657.0
723 35300.0
724 35801.0
725 35664.0
726 35489.0
727 34970.0
728 35493.0
729 35231.0
730 35231.0
731 35319.0
732 36138.0
733 36138.0
734 35238.0
735 36257.0
736 36129.0
737 36129.0
738 36129.0
739 36129.0
740 35528.0
741 35528.0
742 35528.0
743 35664.0
744 35213.0
745 36675.0
746 36675.0
747 36675.0
748 36675.0
749 36675.0
750 35717.0
751 36001.0
752 36001.0
753 35717.0
754 35628.0
755 35717.0
756 35612.0
757 36084.0
758 35612.0
759 35532.0
760 35675.0
761 35798.0
762 35798.0
763 35798.0
764 35772.0
765 35705.0
766 35705.0
767 35737.0
768 35854.0
769 35854.0
770 35293.0
771 35695.0
772 35862.0
773 36476.0
774 36386.0
775 36386.0
776 36775.0
777 36386.0
778 37149.0
779 37149.0
780 37149.0
781 37371.0
782 36902.0
783 36902.0
784 36902.0
785 36902.0
786 36617.0
787 36617.0
788 35606.0
789 35537.0
790 35537.0
791 35552.0
792 35994.0
793 35994.0
794 36244.0
795 36244.0
796 36244.0
797 35944.0
798 36288.0
799 36288.0
800 35870.0
801 36054.0
802 36833.0
803 36537.0
804 36101.0
805 36448.0
806 36101.0
807 36101.0
808 36180.0
809 35988.0
810 36505.0
811 36726.0
812 36735.0
813 36726.0
814 36198.0
815 36198.0
816 36186.0
817 36186.0
818 36186.0
819 36186.0
820 36592.0
821 36592.0
822 35970.0
823 35970.0
824 36218.0
825 36218.0
826 36218.0
827 36151.0
828 35194.0
829 35668.0
830 35760.0
831 36622.0
832 36073.0
833 36073.0
834 36073.0
835 36073.0
836 35706.0
837 35549.0
838 35549.0
839 35841.0
840 37063.0
841 37063.0
842 35505.0
843 35709.0
844 35516.0
845 36034.0
846 36034.0
847 36034.0
848 35516.0
849 35632.0
850 35763.0
851 36152.0
852 36152.0
853 36152.0
854 35869.0
855 35669.0
856 37702.0
857 37098.0
858 36940.0
859 36163.0
860 36163.0
861 36163.0
862 36157.0
863 36016.0
864 36016.0
865 35922.0
866 35922.0
867 35922.0
868 35922.0
869 36462.0
870 35895.0
871 36460.0
872 36172.0
873 36515.0
874 36172.0
875 36627.0
876 36539.0
877 36433.0
878 36433.0
879 36433.0
880 36577.0
881 36369.0
882 36254.0
883 36014.0
884 36725.0
885 36725.0
886 36725.0
887 36229.0
888 36364.0
889 36364.0
890 36087.0
891 35962.0
892 36566.0
893 36566.0
894 36294.0
895 36494.0
896 36494.0
897 36985.0
898 36985.0
899 36985.0
900 36243.0
901 36388.0
902 36645.0
903 36645.0
904 36096.0
905 36609.0
906 36609.0
907 36107.0
908 36174.0
909 36549.0
910 36549.0
911 36549.0
912 36549.0
913 36549.0
914 36967.0
915 36967.0
916 36256.0
917 36256.0
918 36256.0
919 35938.0
920 36148.0
921 36148.0
922 36288.0
923 36288.0
924 36148.0
925 36148.0
926 36232.0
927 36232.0
928 35685.0
929 35428.0
930 36042.0
931 36875.0
932 36875.0
933 36136.0
934 36136.0
935 36136.0
936 36136.0
937 36136.0
938 37468.0
939 37468.0
940 36703.0
941 36069.0
942 35815.0
943 36308.0
944 36158.0
945 36519.0
946 36282.0
947 36282.0
948 36158.0
949 36193.0
950 36193.0
951 36213.0
952 36617.0
953 36860.0
954 36514.0
955 36034.0
956 36187.0
957 36217.0
958 36764.0
959 36590.0
960 36590.0
961 36590.0
962 36956.0
963 36956.0
964 36956.0
965 36956.0
966 36675.0
967 36675.0
968 36423.0
969 36648.0
970 36648.0
971 36462.0
972 36462.0
973 36978.0
974 36927.0
975 36590.0
976 36932.0
977 36456.0
978 36099.0
979 36549.0
980 37511.0
981 37511.0
982 36326.0
983 36460.0
984 36460.0
985 36460.0
986 35952.0
987 36120.0
988 36620.0
989 36620.0
990 36620.0
991 36620.0
992 36449.0
993 36258.0
994 36991.0
995 37105.0
996 37105.0
997 37105.0
998 36466.0
999 36466.0
1000 36476.0
