0 6956.0
1 7099.0
2 7573.0
3 8004.0
4 8254.0
5 9390.0
6 10368.0
7 11813.0
8 11813.0
9 12219.0
10 12850.0
11 13500.0
12 13202.0
13 14530.0
14 14250.0
15 14812.0
16 15308.0
17 16295.0
18 16527.0
19 17010.0
20 17487.0
21 17938.0
22 18713.0
23 18713.0
24 19886.0
25 19995.0
26 20388.0
27 20421.0
28 20421.0
29 21417.0
30 21767.0
31 21646.0
32 22006.0
33 22390.0
34 23704.0
35 23704.0
36 23704.0
37 23704.0
38 23704.0
39 24656.0
40 24656.0
41 24838.0
42 25494.0
43 25494.0
44 25494.0
45 25285.0
46 25564.0
47 26808.0
48 26808.0
49 29151.0
50 27968.0
51 27769.0
52 27769.0
53 27639.0
54 28950.0
55 28458.0
56 28095.0
57 28169.0
58 28160.0
59 29277.0
60 29032.0
61 28984.0
62 29208.0
63 29712.0
64 29712.0
65 29712.0
66 29712.0
67 29698.0
68 30363.0
69 30459.0
70 30589.0
71 30084.0
72 29999.0
73 30368.0
74 30386.0
75 30386.0
76 30772.0
77 30772.0
78 30772.0
79 31090.0
80 30869.0
81 31467.0
82 31122.0
83 31314.0
84 31556.0
85 31737.0
86 31737.0
87 31802.0
88 31802.0
89 31455.0
90 32099.0
91 32406.0
92 32387.0
93 32387.0
94 32387.0
95 32387.0
96 32962.0
97 33104.0
98 32944.0
99 32944.0
100 32944.0
101 32944.0
102 33413.0
103 33413.0
104 32792.0
105 33237.0
106 33337.0
107 33337.0
108 32819.0
109 33117.0
110 33117.0
111 33131.0
112 32770.0
113 32975.0
114 32975.0
115 33373.0
116 33121.0
117 33303.0
118 33344.0
119 33344.0
120 33369.0
121 33857.0
122 33857.0
123 33857.0
124 33449.0
125 33360.0
126 33615.0
127 34508.0
128 33965.0
129 33708.0
130 35557.0
131 34027.0
132 34275.0
133 34275.0
134 34748.0
135 34275.0
136 34978.0
137 34978.0
138 34978.0
139 34275.0
140 33738.0
141 33736.0
142 33628.0
143 33474.0
144 33456.0
145 34202.0
146 34202.0
147 34814.0
148 34202.0
149 34202.0
150 34202.0
151 34707.0
152 34457.0
153 35064.0
154 35064.0
155 34158.0
156 34242.0
157 34271.0
158 33984.0
159 33984.0
160 33984.0
161 33984.0
162 34570.0
163 34570.0
164 34570.0
165 33865.0
166 33865.0
167 33589.0
168 33750.0
169 34181.0
170 34418.0
171 33986.0
172 33986.0
173 35038.0
174 35038.0
175 34715.0
176 34735.0
177 34735.0
178 34735.0
179 34560.0
180 35397.0
181 34560.0
182 34153.0
183 34153.0
184 34614.0
185 34614.0
186 34614.0
187 34311.0
188 34127.0
189 34264.0
190 34293.0
191 34293.0
192 34322.0
193 34322.0
194 34474.0
195 34474.0
196 35102.0
197 34474.0
198 34881.0
199 34881.0
200 34638.0
201 34653.0
202 35375.0
203 35375.0
204 35375.0
205 35375.0
206 34921.0
207 34326.0
208 34326.0
209 34977.0
210 34977.0
211 35614.0
212 35078.0
213 35078.0
214 35078.0
215 35078.0
216 34693.0
217 34587.0
218 34473.0
219 34774.0
220 35900.0
221 35413.0
222 35413.0
223 35413.0
224 35413.0
225 35413.0
226 35413.0
227 35413.0
228 35205.0
229 35029.0
230 35029.0
231 35029.0
232 34840.0
233 34840.0
234 34685.0
235 34688.0
236 35468.0
237 34910.0
238 35133.0
239 35133.0
240 34811.0
241 35484.0
242 35484.0
243 34840.0
244 35288.0
245 34769.0
246 34769.0
247 34769.0
248 35012.0
249 34787.0
250 35484.0
251 35040.0
252 35208.0
253 35283.0
254 35073.0
255 35210.0
256 34765.0
257 34958.0
258 34958.0
259 34825.0
260 34825.0
261 35497.0
262 34921.0
263 35432.0
264 34672.0
265 35195.0
266 34968.0
267 34968.0
268 35048.0
269 35048.0
270 35157.0
271 35662.0
272 35439.0
273 35025.0
274 35477.0
275 35477.0
276 35711.0
277 35477.0
278 35477.0
279 35477.0
280 35376.0
281 35136.0
282 35488.0
283 35597.0
284 35597.0
285 35597.0
286 35597.0
287 36075.0
288 36075.0
289 35883.0
290 35883.0
291 35883.0
292 35498.0
293 35229.0
294 35712.0
295 35712.0
296 35344.0
297 35592.0
298 35545.0
299 35229.0
300 35842.0
301 35842.0
302 35549.0
303 35434.0
304 35434.0
305 35690.0
306 35619.0
307 35619.0
308 35619.0
309 35619.0
310 35568.0
311 35609.0
312 35609.0
313 35109.0
314 35207.0
315 35113.0
316 35161.0
317 35109.0
318 35698.0
319 35698.0
320 35698.0
321 35698.0
322 36103.0
323 36103.0
324 36103.0
325 35358.0
326 35030.0
327 35815.0
328 35708.0
329 35708.0
330 35488.0
331 35488.0
332 35558.0
333 35585.0
334 35585.0
335 35488.0
336 35488.0
337 35703.0
338 35703.0
339 35630.0
340 35547.0
341 35547.0
342 35547.0
343 35490.0
344 35471.0
345 35067.0
346 35515.0
347 35457.0
348 35780.0
349 35685.0
350 35685.0
351 35488.0
352 35488.0
353 35288.0
354 35353.0
355 35353.0
356 35353.0
357 34978.0
358 34943.0
359 34964.0
360 34964.0
361 35446.0
362 35645.0
363 35645.0
364 35446.0
365 35424.0
366 34803.0
367 34803.0
368 34803.0
369 35108.0
370 35583.0
371 35583.0
372 34613.0
373 35397.0
374 34584.0
375 34837.0
376 34918.0
377 34918.0
378 34906.0
379 34906.0
380 34906.0
381 35918.0
382 35918.0
383 35345.0
384 35345.0
385 34902.0
386 34902.0
387 34891.0
388 35298.0
389 35020.0
390 34945.0
391 34939.0
392 35262.0
393 35262.0
394 35177.0
395 35370.0
396 35370.0
397 36542.0
398 35888.0
399 35741.0
400 35257.0
401 35257.0
402 35257.0
403 35257.0
404 35326.0
405 35451.0
406 35451.0
407 35387.0
408 35387.0
409 35737.0
410 35387.0
411 35833.0
412 35833.0
413 35128.0
414 35255.0
415 35621.0
416 35289.0
417 35140.0
418 35140.0
419 35438.0
420 35568.0
421 35288.0
422 36092.0
423 35903.0
424 35556.0
425 35991.0
426 35362.0
427 35362.0
428 35280.0
429 36040.0
430 36040.0
431 36040.0
432 35506.0
433 35319.0
434 35180.0
435 35180.0
436 35622.0
437 35746.0
438 35746.0
439 35855.0
440 35855.0
441 35579.0
442 35876.0
443 35240.0
444 35001.0
445 35373.0
446 35874.0
447 35874.0
448 35468.0
449 35468.0
450 35810.0
451 35468.0
452 35468.0
453 36406.0
454 36406.0
455 36678.0
456 36425.0
457 36425.0
458 36325.0
459 36325.0
460 36325.0
461 36325.0
462 36325.0
463 36985.0
464 36265.0
465 36265.0
466 35776.0
467 35776.0
468 36062.0
469 35746.0
470 36351.0
471 35755.0
472 35755.0
473 36449.0
474 36449.0
475 35553.0
476 35561.0
477 35561.0
478 37195.0
479 37195.0
480 37195.0
481 37195.0
482 35610.0
483 36025.0
484 36041.0
485 36041.0
486 35994.0
487 36408.0
488 35590.0
489 35611.0
490 36406.0
491 35611.0
492 36029.0
493 36029.0
494 36189.0
495 36189.0
496 36154.0
497 36154.0
498 36154.0
499 36154.0
500 36239.0
501 36239.0
502 36797.0
503 36243.0
504 36243.0
505 36243.0
506 36243.0
507 36243.0
508 36620.0
509 36620.0
510 36620.0
511 36620.0
512 36359.0
513 36082.0
514 36082.0
515 36118.0
516 36118.0
517 36021.0
518 36880.0
519 36880.0
520 36867.0
521 36867.0
522 36673.0
523 37493.0
524 36673.0
525 36673.0
526 36673.0
527 36195.0
528 36121.0
529 37558.0
530 36525.0
531 36525.0
532 36287.0
533 36196.0
534 36495.0
535 36571.0
536 36232.0
537 36401.0
538 36346.0
539 36708.0
540 36674.0
541 36014.0
542 36178.0
543 36178.0
544 36377.0
545 37036.0
546 36006.0
547 36523.0
548 36523.0
549 36697.0
550 36523.0
551 36379.0
552 36379.0
553 36379.0
554 36379.0
555 36115.0
556 36606.0
557 36606.0
558 36606.0
559 37030.0
560 36606.0
561 36606.0
562 36606.0
563 36606.0
564 36910.0
565 36606.0
566 37227.0
567 37227.0
568 37227.0
569 36479.0
570 35905.0
571 35988.0
572 36606.0
573 35905.0
574 35813.0
575 35813.0
576 36381.0
577 36053.0
578 36053.0
579 36306.0
580 36306.0
581 36151.0
582 35521.0
583 35983.0
584 35956.0
585 36541.0
586 36541.0
587 36455.0
588 36606.0
589 36606.0
590 36606.0
591 36606.0
592 36683.0
593 36320.0
594 36514.0
595 36514.0
596 36839.0
597 36063.0
598 36373.0
599 36085.0
600 35878.0
601 35866.0
602 36101.0
603 36101.0
604 36919.0
605 36919.0
606 36007.0
607 35904.0
608 36201.0
609 36201.0
610 36201.0
611 36201.0
612 36201.0
613 36030.0
614 36546.0
615 36482.0
616 35831.0
617 35691.0
618 36454.0
619 36454.0
620 36496.0
621 36322.0
622 36517.0
623 36517.0
624 36517.0
625 35783.0
626 35917.0
627 36300.0
628 36026.0
629 35718.0
630 36027.0
631 35773.0
632 35773.0
633 35773.0
634 35550.0
635 36317.0
636 36132.0
637 36132.0
638 36407.0
639 36407.0
640 36088.0
641 36164.0
642 36164.0
643 36164.0
644 36220.0
645 36698.0
646 36058.0
647 36058.0
648 36058.0
649 37213.0
650 37213.0
651 37213.0
652 36389.0
653 36904.0
654 36484.0
655 36389.0
656 36389.0
657 36389.0
658 36389.0
659 35642.0
660 36103.0
661 35447.0
662 35623.0
663 37162.0
664 37162.0
665 35793.0
666 35685.0
667 35685.0
668 35685.0
669 35685.0
670 35685.0
671 35685.0
672 35936.0
673 36957.0
674 36141.0
675 35696.0
676 36326.0
677 36326.0
678 36125.0
679 35945.0
680 35945.0
681 35945.0
682 35987.0
683 35945.0
684 35431.0
685 36204.0
686 35913.0
687 35495.0
688 35431.0
689 35408.0
690 36230.0
691 36281.0
692 35888.0
693 35888.0
694 35888.0
695 36311.0
696 36509.0
697 36509.0
698 36311.0
699 36311.0
700 35633.0
701 36121.0
702 36121.0
703 36121.0
704 35893.0
705 36612.0
706 36748.0
707 36748.0
708 36748.0
709 36748.0
710 35516.0
711 35516.0
712 35400.0
713 37254.0
714 37254.0
715 36049.0
716 35355.0
717 35355.0
718 35964.0
719 36030.0
720 36404.0
721 36404.0
722 35738.0
723 35552.0
724 35630.0
725 36440.0
726 36440.0
727 36717.0
728 36717.0
729 36174.0
730 35646.0
731 36317.0
732 35232.0
733 35208.0
734 36037.0
735 36037.0
736 36446.0
737 36037.0
738 36037.0
739 36037.0
740 36495.0
741 36495.0
742 36495.0
743 36495.0
744 36495.0
745 36928.0
746 36928.0
747 35593.0
748 35593.0
749 35753.0
750 35669.0
751 36182.0
752 36198.0
753 36120.0
754 36173.0
755 36020.0
756 36020.0
757 35983.0
758 35983.0
759 35983.0
760 35580.0
761 35699.0
762 35580.0
763 35580.0
764 35793.0
765 35793.0
766 35431.0
767 35252.0
768 35463.0
769 35921.0
770 35463.0
771 35316.0
772 36435.0
773 36288.0
774 36288.0
775 35510.0
776 35510.0
777 35759.0
778 35759.0
779 35759.0
780 35297.0
781 35297.0
782 35297.0
783 35297.0
784 35297.0
785 35297.0
786 35297.0
787 35297.0
788 35336.0
789 36446.0
790 35297.0
791 35197.0
792 34686.0
793 35574.0
794 35117.0
795 34560.0
796 34772.0
797 35251.0
798 35251.0
799 34634.0
800 35563.0
801 34759.0
802 36122.0
803 36122.0
804 36122.0
805 34824.0
806 34828.0
807 34929.0
808 34828.0
809 34828.0
810 35107.0
811 35107.0
812 35328.0
813 35245.0
814 34801.0
815 34801.0
816 34801.0
817 34801.0
818 35175.0
819 35175.0
820 35613.0
821 34961.0
822 35179.0
823 34665.0
824 35622.0
825 34963.0
826 34963.0
827 34963.0
828 35344.0
829 35344.0
830 35344.0
831 35344.0
832 34871.0
833 35370.0
834 36229.0
835 36229.0
836 36177.0
837 36196.0
838 36196.0
839 36196.0
840 35688.0
841 35670.0
842 35628.0
843 35628.0
844 35569.0
845 35985.0
846 36104.0
847 35881.0
848 35881.0
849 35274.0
850 35490.0
851 35255.0
852 35408.0
853 35408.0
854 35267.0
855 36296.0
856 35057.0
857 35396.0
858 35396.0
859 35396.0
860 35718.0
861 35396.0
862 35899.0
863 35986.0
864 35986.0
865 35986.0
866 36440.0
867 35634.0
868 35669.0
869 36292.0
870 35674.0
871 36057.0
872 36057.0
873 36107.0
874 35745.0
875 36171.0
876 36399.0
877 35745.0
878 36082.0
879 36221.0
880 35566.0
881 36302.0
882 36302.0
883 36302.0
884 36302.0
885 36519.0
886 36519.0
887 36359.0
888 36359.0
889 36376.0
890 36376.0
891 36376.0
892 36376.0
893 36376.0
894 36357.0
895 36357.0
896 36357.0
897 35786.0
898 35956.0
899 35956.0
900 35956.0
901 35956.0
902 35956.0
903 35956.0
904 36098.0
905 35460.0
906 35735.0
907 35716.0
908 35870.0
909 36171.0
910 36171.0
911 36261.0
912 36261.0
913 35986.0
914 35784.0
915 35722.0
916 35764.0
917 36126.0
918 35566.0
919 36016.0
920 36016.0
921 35566.0
922 36856.0
923 35721.0
924 35721.0
925 35721.0
926 36060.0
927 36060.0
928 36060.0
929 36054.0
930 37228.0
931 37228.0
932 37228.0
933 37228.0
934 37228.0
935 36149.0
936 36149.0
937 36016.0
938 36068.0
939 36263.0
940 36338.0
941 36263.0
942 36263.0
943 36040.0
944 36133.0
945 36491.0
946 36040.0
947 36431.0
948 36431.0
949 36431.0
950 36309.0
951 36309.0
952 36735.0
953 36876.0
954 36735.0
955 36415.0
956 36457.0
957 36415.0
958 36415.0
959 36395.0
960 36395.0
961 36563.0
962 36677.0
963 36677.0
964 36677.0
965 36677.0
966 36677.0
967 36408.0
968 36455.0
969 36408.0
970 36305.0
971 36305.0
972 35985.0
973 36097.0
974 36239.0
975 37074.0
976 37074.0
977 37074.0
978 37074.0
979 37074.0
980 37074.0
981 36157.0
982 36157.0
983 37221.0
984 37218.0
985 36794.0
986 36794.0
987 36997.0
988 36997.0
989 36997.0
990 36997.0
991 36997.0
992 36997.0
993 36997.0
994 36694.0
995 36694.0
996 36359.0
997 36174.0
998 36174.0
999 36635.0
1000 36635.0
