0 6956.0
1 7048.0
2 7892.0
3 8326.0
4 9082.0
5 9512.0
6 10095.0
7 10944.0
8 11946.0
9 11602.0
10 12740.0
11 13388.0
12 13522.0
13 14290.0
14 14768.0
15 15314.0
16 15518.0
17 15857.0
18 16322.0
19 17453.0
20 17832.0
21 18171.0
22 18463.0
23 19296.0
24 19869.0
25 20129.0
26 20130.0
27 20248.0
28 21157.0
29 21405.0
30 21493.0
31 21929.0
32 22992.0
33 22639.0
34 22639.0
35 22639.0
36 23710.0
37 23710.0
38 23852.0
39 25516.0
40 25516.0
41 24643.0
42 25239.0
43 25805.0
44 25670.0
45 25536.0
46 25794.0
47 26236.0
48 26409.0
49 26363.0
50 26819.0
51 27189.0
52 27546.0
53 27912.0
54 27913.0
55 28477.0
56 28477.0
57 28435.0
58 28732.0
59 29759.0
60 29056.0
61 29195.0
62 29195.0
63 29501.0
64 29759.0
65 29469.0
66 29401.0
67 30296.0
68 30296.0
69 30194.0
70 29602.0
71 30186.0
72 31118.0
73 31346.0
74 31525.0
75 31525.0
76 31307.0
77 30361.0
78 30674.0
79 30674.0
80 30730.0
81 31204.0
82 31228.0
83 31497.0
84 31480.0
85 31033.0
86 32130.0
87 32130.0
88 31064.0
89 31892.0
90 31892.0
91 31892.0
92 31920.0
93 31920.0
94 32001.0
95 33056.0
96 32091.0
97 32968.0
98 32968.0
99 33050.0
100 33050.0
101 32716.0
102 32800.0
103 33074.0
104 33074.0
105 33160.0
106 32833.0
107 33328.0
108 33007.0
109 33456.0
110 33624.0
111 33538.0
112 33538.0
113 33313.0
114 33605.0
115 33531.0
116 33531.0
117 33802.0
118 34301.0
119 33545.0
120 33545.0
121 33545.0
122 33706.0
123 33706.0
124 34127.0
125 33748.0
126 33572.0
127 34001.0
128 33942.0
129 33947.0
130 33947.0
131 34155.0
132 34155.0
133 34409.0
134 33720.0
135 33671.0
136 33671.0
137 34070.0
138 34177.0
139 34232.0
140 35194.0
141 35194.0
142 35194.0
143 35194.0
144 35194.0
145 34143.0
146 34143.0
147 34664.0
148 34535.0
149 34535.0
150 34535.0
151 34468.0
152 34237.0
153 34269.0
154 34470.0
155 34470.0
156 34187.0
157 33881.0
158 33945.0
159 33881.0
160 33966.0
161 34616.0
162 34616.0
163 34475.0
164 34475.0
165 34994.0
166 35293.0
167 35293.0
168 34994.0
169 34994.0
170 34994.0
171 35200.0
172 35200.0
173 35575.0
174 35575.0
175 35036.0
176 35036.0
177 35660.0
178 35660.0
179 35660.0
180 34735.0
181 35859.0
182 35859.0
183 35202.0
184 35202.0
185 35202.0
186 34804.0
187 35152.0
188 34957.0
189 34957.0
190 35189.0
191 35189.0
192 35850.0
193 35850.0
194 35850.0
195 35850.0
196 35850.0
197 35247.0
198 35362.0
199 34998.0
200 35363.0
201 35355.0
202 35262.0
203 35262.0
204 35262.0
205 35262.0
206 35262.0
207 34738.0
208 35260.0
209 35104.0
210 35104.0
211 35104.0
212 35242.0
213 35135.0
214 35104.0
215 35664.0
216 35664.0
217 35664.0
218 35664.0
219 35664.0
220 35045.0
221 35116.0
222 35116.0
223 35116.0
224 34505.0
225 35238.0
226 35144.0
227 35144.0
228 36785.0
229 36785.0
230 35728.0
231 35728.0
232 35861.0
233 35861.0
234 35861.0
235 35861.0
236 35341.0
237 35346.0
238 35346.0
239 35346.0
240 36214.0
241 36214.0
242 36686.0
243 36389.0
244 36389.0
245 36389.0
246 36389.0
247 35889.0
248 35802.0
249 35580.0
250 35588.0
251 35588.0
252 35588.0
253 35667.0
254 35741.0
255 35741.0
256 35588.0
257 35170.0
258 36095.0
259 36095.0
260 36095.0
261 35718.0
262 36094.0
263 35780.0
264 35723.0
265 35723.0
266 35730.0
267 35730.0
268 36260.0
269 36428.0
270 36428.0
271 35719.0
272 35345.0
273 35292.0
274 35292.0
275 35292.0
276 35553.0
277 35553.0
278 35718.0
279 35718.0
280 35498.0
281 35258.0
282 35767.0
283 36414.0
284 36414.0
285 36414.0
286 36414.0
287 36414.0
288 36127.0
289 35695.0
290 35800.0
291 35800.0
292 35191.0
293 35636.0
294 36208.0
295 35910.0
296 35604.0
297 35417.0
298 35417.0
299 35410.0
300 35410.0
301 35410.0
302 35203.0
303 35203.0
304 35299.0
305 36219.0
306 36782.0
307 36782.0
308 35680.0
309 35984.0
310 35680.0
311 35453.0
312 35412.0
313 35314.0
314 35330.0
315 35421.0
316 35421.0
317 35573.0
318 35573.0
319 36057.0
320 35545.0
321 36310.0
322 36310.0
323 36310.0
324 36529.0
325 35862.0
326 35948.0
327 35948.0
328 36124.0
329 36352.0
330 35948.0
331 35948.0
332 35602.0
333 35849.0
334 35561.0
335 35792.0
336 35909.0
337 35296.0
338 35050.0
339 35632.0
340 35632.0
341 35444.0
342 35492.0
343 35492.0
344 35656.0
345 35812.0
346 35812.0
347 35754.0
348 35754.0
349 36115.0
350 36115.0
351 36354.0
352 35775.0
353 35775.0
354 35775.0
355 35648.0
356 34865.0
357 35935.0
358 35935.0
359 35081.0
360 35405.0
361 36142.0
362 36142.0
363 36142.0
364 36142.0
365 36142.0
366 35657.0
367 35804.0
368 35701.0
369 35701.0
370 36084.0
371 36547.0
372 36547.0
373 36547.0
374 36547.0
375 36547.0
376 36547.0
377 36547.0
378 36547.0
379 35941.0
380 36224.0
381 36224.0
382 35509.0
383 35517.0
384 34870.0
385 35538.0
386 35961.0
387 35961.0
388 35778.0
389 36246.0
390 35778.0
391 36073.0
392 36073.0
393 36120.0
394 35641.0
395 35640.0
396 35640.0
397 36135.0
398 36060.0
399 36134.0
400 36581.0
401 36581.0
402 36581.0
403 36581.0
404 36134.0
405 36134.0
406 36134.0
407 36134.0
408 36134.0
409 36043.0
410 36341.0
411 35861.0
412 35907.0
413 36425.0
414 36425.0
415 35972.0
416 36431.0
417 36454.0
418 36431.0
419 36424.0
420 36424.0
421 36735.0
422 36735.0
423 36735.0
424 36735.0
425 36405.0
426 36024.0
427 35628.0
428 35876.0
429 35973.0
430 35850.0
431 36017.0
432 36017.0
433 35865.0
434 35551.0
435 35551.0
436 35551.0
437 35945.0
438 35551.0
439 35551.0
440 35551.0
441 36714.0
442 35851.0
443 35847.0
444 35847.0
445 36337.0
446 35847.0
447 35847.0
448 35420.0
449 35961.0
450 36132.0
451 36132.0
452 36132.0
453 36012.0
454 35424.0
455 35955.0
456 35912.0
457 36092.0
458 36416.0
459 36416.0
460 36416.0
461 36416.0
462 36416.0
463 36416.0
464 36493.0
465 36493.0
466 36493.0
467 36493.0
468 36493.0
469 36393.0
470 36393.0
471 36217.0
472 36151.0
473 35758.0
474 35843.0
475 36419.0
476 36000.0
477 35848.0
478 36267.0
479 36164.0
480 36069.0
481 36150.0
482 36382.0
483 36099.0
484 36035.0
485 36274.0
486 35722.0
487 35722.0
488 36306.0
489 36613.0
490 36613.0
491 36904.0
492 36904.0
493 36904.0
494 37085.0
495 37085.0
496 36487.0
497 36536.0
498 36536.0
499 36529.0
500 36191.0
501 36218.0
502 36178.0
503 36314.0
504 36339.0
505 36549.0
506 36549.0
507 36399.0
508 38294.0
509 36461.0
510 37058.0
511 36135.0
512 36548.0
513 36733.0
514 36733.0
515 36777.0
516 36777.0
517 36777.0
518 36777.0
519 36777.0
520 36827.0
521 37238.0
522 36827.0
523 36827.0
524 36998.0
525 36678.0
526 36092.0
527 37566.0
528 37566.0
529 37566.0
530 36420.0
531 36420.0
532 35993.0
533 35993.0
534 36123.0
535 36525.0
536 36525.0
537 36525.0
538 36623.0
539 36423.0
540 36498.0
541 36818.0
542 36818.0
543 36410.0
544 36410.0
545 36601.0
546 36440.0
547 36187.0
548 36242.0
549 37046.0
550 37046.0
551 37046.0
552 36522.0
553 36583.0
554 36367.0
555 36940.0
556 36803.0
557 36803.0
558 36803.0
559 37395.0
560 36841.0
561 36841.0
562 36841.0
563 36961.0
564 36961.0
565 37215.0
566 37011.0
567 37011.0
568 37089.0
569 37089.0
570 36885.0
571 36281.0
572 36367.0
573 36427.0
574 36427.0
575 36427.0
576 36427.0
577 36427.0
578 37033.0
579 38025.0
580 36825.0
581 36468.0
582 37022.0
583 36771.0
584 36771.0
585 36771.0
586 36777.0
587 37348.0
588 37610.0
589 37718.0
590 37718.0
591 37718.0
592 37718.0
593 37493.0
594 37261.0
595 37261.0
596 37261.0
597 37403.0
598 37403.0
599 37261.0
600 37261.0
601 37322.0
602 36885.0
603 36885.0
604 37154.0
605 37154.0
606 37031.0
607 37031.0
608 36540.0
609 37047.0
610 36765.0
611 36685.0
612 37552.0
613 37552.0
614 37552.0
615 37552.0
616 37552.0
617 37552.0
618 37079.0
619 37079.0
620 37079.0
621 37079.0
622 37360.0
623 36936.0
624 36982.0
625 36982.0
626 36982.0
627 36807.0
628 37487.0
629 37044.0
630 37044.0
631 37044.0
632 36561.0
633 37687.0
634 37405.0
635 37405.0
636 37405.0
637 37201.0
638 37311.0
639 37311.0
640 37311.0
641 37009.0
642 37009.0
643 36907.0
644 37257.0
645 36893.0
646 36991.0
647 36991.0
648 36991.0
649 37282.0
650 37282.0
651 37282.0
652 37282.0
653 37314.0
654 37314.0
655 37314.0
656 37314.0
657 37163.0
658 37083.0
659 36752.0
660 36811.0
661 36861.0
662 36861.0
663 36861.0
664 37087.0
665 37065.0
666 36606.0
667 36843.0
668 36843.0
669 36843.0
670 36644.0
671 36226.0
672 36305.0
673 36947.0
674 37165.0
675 37165.0
676 36969.0
677 37082.0
678 37695.0
679 36429.0
680 37614.0
681 37614.0
682 37614.0
683 37614.0
684 36786.0
685 37572.0
686 37761.0
687 37151.0
688 37077.0
689 37077.0
690 37077.0
691 37077.0
692 37077.0
693 37107.0
694 37107.0
695 37107.0
696 36899.0
697 36587.0
698 36600.0
699 37298.0
700 37298.0
701 37298.0
702 37298.0
703 37298.0
704 37313.0
705 37272.0
706 37251.0
707 37251.0
708 37291.0
709 37291.0
710 37291.0
711 37174.0
712 36947.0
713 36947.0
714 36829.0
715 36863.0
716 36863.0
717 36863.0
718 37067.0
719 37067.0
720 37186.0
721 37067.0
722 36863.0
723 36863.0
724 36806.0
725 37370.0
726 36483.0
727 37066.0
728 37368.0
729 37066.0
730 37066.0
731 36505.0
732 36581.0
733 37170.0
734 36872.0
735 37139.0
736 37234.0
737 37234.0
738 37155.0
739 37286.0
740 37286.0
741 37286.0
742 37286.0
743 37286.0
744 37286.0
745 36770.0
746 36712.0
747 36712.0
748 36712.0
749 36609.0
750 36743.0
751 36743.0
752 36859.0
753 36743.0
754 36872.0
755 37236.0
756 36447.0
757 36447.0
758 36935.0
759 36812.0
760 36871.0
761 37056.0
762 36967.0
763 36967.0
764 36967.0
765 37118.0
766 37118.0
767 36880.0
768 36880.0
769 37011.0
770 36973.0
771 36973.0
772 37261.0
773 36507.0
774 36819.0
775 36865.0
776 36865.0
777 36865.0
778 37149.0
779 36865.0
780 37378.0
781 37378.0
782 37378.0
783 37475.0
784 37475.0
785 37475.0
786 37298.0
787 37298.0
788 37020.0
789 36866.0
790 37087.0
791 37776.0
792 37776.0
793 38085.0
794 38085.0
795 37776.0
796 37295.0
797 37295.0
798 37295.0
799 37311.0
800 36944.0
801 37745.0
802 37352.0
803 37005.0
804 37005.0
805 37693.0
806 37086.0
807 37344.0
808 37250.0
809 37459.0
810 37250.0
811 37046.0
812 37100.0
813 37595.0
814 37595.0
815 37537.0
816 37493.0
817 37493.0
818 37612.0
819 37612.0
820 37612.0
821 37612.0
822 37612.0
823 38077.0
824 38109.0
825 38401.0
826 38401.0
827 38401.0
828 38077.0
829 38077.0
830 37789.0
831 37789.0
832 37908.0
833 37846.0
834 37718.0
835 37703.0
836 37703.0
837 38025.0
838 38142.0
839 38142.0
840 38142.0
841 38048.0
842 37556.0
843 37556.0
844 37881.0
845 37881.0
846 37556.0
847 37762.0
848 38246.0
849 38246.0
850 38246.0
851 38246.0
852 38246.0
853 37735.0
854 37857.0
855 37218.0
856 38489.0
857 38489.0
858 38489.0
859 36965.0
860 36965.0
861 37709.0
862 37709.0
863 37709.0
864 38104.0
865 38104.0
866 37462.0
867 37462.0
868 37696.0
869 38075.0
870 37462.0
871 37095.0
872 37683.0
873 38037.0
874 38037.0
875 37648.0
876 37778.0
877 37778.0
878 37257.0
879 37257.0
880 37257.0
881 37094.0
882 37194.0
883 37222.0
884 37222.0
885 37844.0
886 37844.0
887 37844.0
888 37615.0
889 36945.0
890 36897.0
891 36880.0
892 36880.0
893 36796.0
894 36796.0
895 36796.0
896 36796.0
897 36632.0
898 37190.0
899 37225.0
900 38135.0
901 38135.0
902 38135.0
903 37292.0
904 37741.0
905 37152.0
906 37056.0
907 37329.0
908 37297.0
909 37329.0
910 37297.0
911 37297.0
912 37297.0
913 37297.0
914 36969.0
915 37188.0
916 37669.0
917 37188.0
918 37190.0
919 37190.0
920 37658.0
921 37212.0
922 37097.0
923 37197.0
924 37181.0
925 37181.0
926 37122.0
927 37122.0
928 37122.0
929 37200.0
930 37200.0
931 37200.0
932 37200.0
933 37076.0
934 37076.0
935 36960.0
936 36960.0
937 36960.0
938 36821.0
939 36884.0
940 37551.0
941 37551.0
942 37633.0
943 37551.0
944 37044.0
945 37477.0
946 37477.0
947 37477.0
948 37299.0
949 37299.0
950 37588.0
951 37922.0
952 37922.0
953 37747.0
954 37747.0
955 37747.0
956 37747.0
957 37443.0
958 37768.0
959 37980.0
960 37980.0
961 37980.0
962 37980.0
963 37755.0
964 37755.0
965 37973.0
966 38137.0
967 37990.0
968 37266.0
969 38047.0
970 38047.0
971 38047.0
972 37807.0
973 38029.0
974 37669.0
975 37944.0
976 37715.0
977 38231.0
978 37609.0
979 37679.0
980 37679.0
981 37280.0
982 37653.0
983 37372.0
984 37372.0
985 37372.0
986 37016.0
987 37236.0
988 37288.0
989 37585.0
990 37123.0
991 37409.0
992 37948.0
993 37630.0
994 37986.0
995 37630.0
996 37212.0
997 37184.0
998 37363.0
999 37660.0
1000 37794.0
