0 6956.0
1 7121.0
2 8077.0
3 8316.0
4 9287.0
5 9456.0
6 10286.0
7 10991.0
8 11669.0
9 11918.0
10 12477.0
11 13012.0
12 13616.0
13 14446.0
14 15359.0
15 15747.0
16 15747.0
17 16282.0
18 16190.0
19 16961.0
20 17388.0
21 17920.0
22 18912.0
23 19234.0
24 19018.0
25 20281.0
26 20380.0
27 20741.0
28 21077.0
29 21517.0
30 21517.0
31 22174.0
32 21971.0
33 22897.0
34 22897.0
35 22897.0
36 23693.0
37 23693.0
38 24286.0
39 24565.0
40 24874.0
41 26089.0
42 26269.0
43 26656.0
44 26656.0
45 26656.0
46 27466.0
47 27466.0
48 27069.0
49 27295.0
50 27069.0
51 27322.0
52 27850.0
53 27958.0
54 28252.0
55 28516.0
56 28847.0
57 28847.0
58 28969.0
59 28603.0
60 29568.0
61 29569.0
62 29040.0
63 29802.0
64 30491.0
65 30491.0
66 30041.0
67 30049.0
68 30049.0
69 30574.0
70 30574.0
71 30643.0
72 30817.0
73 30643.0
74 30740.0
75 30688.0
76 31182.0
77 31182.0
78 30900.0
79 31227.0
80 31227.0
81 31227.0
82 31040.0
83 31561.0
84 31561.0
85 31026.0
86 31970.0
87 31970.0
88 31569.0
89 32185.0
90 32366.0
91 32366.0
92 32041.0
93 32696.0
94 32696.0
95 31491.0
96 31889.0
97 32640.0
98 31999.0
99 33251.0
100 32620.0
101 32620.0
102 33028.0
103 33028.0
104 32715.0
105 32389.0
106 33045.0
107 33045.0
108 32510.0
109 33972.0
110 32518.0
111 32975.0
112 33805.0
113 34506.0
114 35001.0
115 34506.0
116 33979.0
117 34015.0
118 34244.0
119 34376.0
120 34376.0
121 34376.0
122 34171.0
123 34171.0
124 34015.0
125 34211.0
126 34211.0
127 34829.0
128 34015.0
129 34075.0
130 34011.0
131 34675.0
132 34675.0
133 34675.0
134 34820.0
135 34689.0
136 34339.0
137 34946.0
138 34946.0
139 34372.0
140 34411.0
141 34411.0
142 34992.0
143 34465.0
144 34596.0
145 34753.0
146 35195.0
147 34474.0
148 34985.0
149 35237.0
150 35237.0
151 34858.0
152 34815.0
153 34709.0
154 35402.0
155 35977.0
156 35402.0
157 35661.0
158 34673.0
159 34904.0
160 35468.0
161 35468.0
162 35468.0
163 35468.0
164 36102.0
165 35897.0
166 35897.0
167 35509.0
168 35704.0
169 36427.0
170 35704.0
171 35704.0
172 35503.0
173 35503.0
174 35870.0
175 35223.0
176 35223.0
177 35240.0
178 35418.0
179 35100.0
180 35517.0
181 35646.0
182 35646.0
183 36042.0
184 36042.0
185 35643.0
186 35529.0
187 35774.0
188 36667.0
189 36667.0
190 35489.0
191 36770.0
192 36770.0
193 36770.0
194 36480.0
195 36480.0
196 36480.0
197 36480.0
198 36480.0
199 35909.0
200 35909.0
201 35741.0
202 35700.0
203 36316.0
204 36316.0
205 35805.0
206 37040.0
207 37040.0
208 36199.0
209 35937.0
210 35923.0
211 35866.0
212 35901.0
213 36263.0
214 36263.0
215 36388.0
216 35853.0
217 35938.0
218 35938.0
219 35853.0
220 36392.0
221 36018.0
222 36018.0
223 36344.0
224 36344.0
225 35933.0
226 35908.0
227 35958.0
228 36324.0
229 35753.0
230 37601.0
231 37601.0
232 36981.0
233 36981.0
234 36378.0
235 36378.0
236 36378.0
237 36136.0
238 36198.0
239 36618.0
240 36734.0
241 36734.0
242 36734.0
243 36528.0
244 37042.0
245 36396.0
246 36396.0
247 36396.0
248 36486.0
249 36486.0
250 36856.0
251 36856.0
252 37532.0
253 37021.0
254 37021.0
255 37021.0
256 36750.0
257 36723.0
258 36932.0
259 37102.0
260 37102.0
261 37102.0
262 36665.0
263 36761.0
264 36761.0
265 36761.0
266 37045.0
267 36761.0
268 36583.0
269 36353.0
270 36693.0
271 36693.0
272 36982.0
273 36543.0
274 36924.0
275 36600.0
276 36738.0
277 36669.0
278 36869.0
279 36869.0
280 36842.0
281 36842.0
282 36845.0
283 36789.0
284 36789.0
285 36789.0
286 36789.0
287 36863.0
288 36863.0
289 36562.0
290 36562.0
291 36562.0
292 36812.0
293 36812.0
294 36812.0
295 37186.0
296 36812.0
297 36812.0
298 36812.0
299 37283.0
300 37283.0
301 37283.0
302 38071.0
303 38071.0
304 38071.0
305 38071.0
306 38071.0
307 38071.0
308 38071.0
309 37112.0
310 36848.0
311 36848.0
312 36848.0
313 36698.0
314 36698.0
315 36719.0
316 36719.0
317 37153.0
318 37153.0
319 36871.0
320 36208.0
321 36208.0
322 36261.0
323 36040.0
324 36040.0
325 36348.0
326 35996.0
327 36633.0
328 36633.0
329 36871.0
330 36871.0
331 36871.0
332 36871.0
333 36871.0
334 36871.0
335 36871.0
336 36871.0
337 36406.0
338 36341.0
339 36117.0
340 36748.0
341 36748.0
342 37511.0
343 37511.0
344 36661.0
345 36614.0
346 36736.0
347 36773.0
348 36773.0
349 36773.0
350 36563.0
351 36563.0
352 36563.0
353 37099.0
354 37099.0
355 36849.0
356 36929.0
357 37144.0
358 37841.0
359 37841.0
360 37899.0
361 37841.0
362 37841.0
363 36785.0
364 37745.0
365 36785.0
366 36785.0
367 36785.0
368 36738.0
369 37102.0
370 36575.0
371 36938.0
372 36938.0
373 37214.0
374 37214.0
375 36991.0
376 37385.0
377 37385.0
378 37385.0
379 37385.0
380 36791.0
381 37066.0
382 36856.0
383 36922.0
384 36927.0
385 37120.0
386 36994.0
387 37067.0
388 37753.0
389 37753.0
390 37753.0
391 37684.0
392 38117.0
393 38117.0
394 37159.0
395 37550.0
396 37553.0
397 37553.0
398 37672.0
399 37618.0
400 37618.0
401 38232.0
402 38232.0
403 38232.0
404 38232.0
405 37051.0
406 37634.0
407 37523.0
408 37523.0
409 37698.0
410 38251.0
411 37698.0
412 37347.0
413 37340.0
414 37340.0
415 37639.0
416 37639.0
417 37639.0
418 37639.0
419 37812.0
420 37812.0
421 37954.0
422 37954.0
423 37954.0
424 38225.0
425 37995.0
426 37997.0
427 38107.0
428 37954.0
429 37954.0
430 38073.0
431 38236.0
432 38073.0
433 38266.0
434 38903.0
435 38903.0
436 38214.0
437 38214.0
438 37852.0
439 37753.0
440 38696.0
441 38209.0
442 38693.0
443 38693.0
444 38693.0
445 38177.0
446 38177.0
447 38177.0
448 38177.0
449 38011.0
450 38188.0
451 37972.0
452 37972.0
453 38045.0
454 38018.0
455 37972.0
456 38111.0
457 38111.0
458 38111.0
459 38113.0
460 38348.0
461 38009.0
462 38099.0
463 38009.0
464 37921.0
465 37879.0
466 39072.0
467 37762.0
468 38007.0
469 38066.0
470 38041.0
471 38352.0
472 38041.0
473 38194.0
474 38399.0
475 38494.0
476 38455.0
477 38455.0
478 38455.0
479 38455.0
480 38265.0
481 38079.0
482 38418.0
483 38569.0
484 38569.0
485 38569.0
486 38640.0
487 38569.0
488 38683.0
489 38683.0
490 38059.0
491 38227.0
492 38404.0
493 38404.0
494 38404.0
495 38200.0
496 38063.0
497 38820.0
498 38820.0
499 38234.0
500 37994.0
501 37770.0
502 38101.0
503 38093.0
504 37920.0
505 37788.0
506 38071.0
507 39208.0
508 39208.0
509 39208.0
510 38706.0
511 38574.0
512 38156.0
513 38491.0
514 38482.0
515 38948.0
516 38482.0
517 38482.0
518 38823.0
519 38329.0
520 38807.0
521 38041.0
522 38041.0
523 38468.0
524 38745.0
525 38377.0
526 38377.0
527 38786.0
528 38450.0
529 38448.0
530 38526.0
531 38306.0
532 38688.0
533 38269.0
534 38625.0
535 38716.0
536 38716.0
537 38682.0
538 38584.0
539 38253.0
540 38195.0
541 38472.0
542 38622.0
543 38622.0
544 38448.0
545 38408.0
546 38408.0
547 38408.0
548 38871.0
549 38871.0
550 38871.0
551 38871.0
552 38871.0
553 38278.0
554 38961.0
555 38460.0
556 38458.0
557 38458.0
558 38458.0
559 38458.0
560 38452.0
561 38162.0
562 38162.0
563 38213.0
564 38714.0
565 38187.0
566 38489.0
567 38489.0
568 38306.0
569 39042.0
570 39042.0
571 39042.0
572 38059.0
573 38638.0
574 38638.0
575 38638.0
576 38311.0
577 38311.0
578 38311.0
579 38203.0
580 38433.0
581 38203.0
582 38348.0
583 38551.0
584 39162.0
585 39162.0
586 38908.0
587 38908.0
588 38908.0
589 38908.0
590 38908.0
591 38908.0
592 38908.0
593 38908.0
594 38908.0
595 38267.0
596 38301.0
597 38301.0
598 38427.0
599 38427.0
600 38561.0
601 38484.0
602 38484.0
603 38418.0
604 38971.0
605 38971.0
606 38072.0
607 38294.0
608 38353.0
609 38388.0
610 38929.0
611 38521.0
612 39175.0
613 38409.0
614 38409.0
615 38358.0
616 38319.0
617 38495.0
618 38475.0
619 38682.0
620 38475.0
621 38517.0
622 38560.0
623 38643.0
624 38643.0
625 38643.0
626 39083.0
627 39083.0
628 38696.0
629 38351.0
630 38351.0
631 39078.0
632 39078.0
633 39078.0
634 38924.0
635 38726.0
636 38629.0
637 38629.0
638 38715.0
639 38330.0
640 38899.0
641 38287.0
642 38878.0
643 39360.0
644 39360.0
645 38496.0
646 38502.0
647 38496.0
648 38423.0
649 38423.0
650 38423.0
651 38173.0
652 37918.0
653 37920.0
654 37920.0
655 37906.0
656 38133.0
657 38157.0
658 39103.0
659 37823.0
660 38545.0
661 38393.0
662 38693.0
663 38450.0
664 38617.0
665 38410.0
666 38459.0
667 38353.0
668 39706.0
669 38454.0
670 38298.0
671 38847.0
672 38847.0
673 38382.0
674 38611.0
675 38550.0
676 38518.0
677 38683.0
678 38742.0
679 38825.0
680 38867.0
681 38867.0
682 38867.0
683 38917.0
684 39587.0
685 39587.0
686 39587.0
687 39587.0
688 39539.0
689 39539.0
690 39539.0
691 39539.0
692 38987.0
693 39539.0
694 39539.0
695 39448.0
696 39980.0
697 40002.0
698 40002.0
699 40304.0
700 40023.0
701 40023.0
702 39545.0
703 39547.0
704 39637.0
705 39959.0
706 39625.0
707 39623.0
708 40139.0
709 40263.0
710 40010.0
711 39694.0
712 40061.0
713 40061.0
714 40061.0
715 39723.0
716 39574.0
717 39574.0
718 39625.0
719 39625.0
720 39961.0
721 39625.0
722 39547.0
723 39547.0
724 39375.0
725 39568.0
726 39568.0
727 39439.0
728 39414.0
729 39414.0
730 39310.0
731 39433.0
732 39515.0
733 39512.0
734 39434.0
735 39504.0
736 39504.0
737 39549.0
738 39490.0
739 39540.0
740 39490.0
741 39490.0
742 39669.0
743 39814.0
744 39950.0
745 39950.0
746 39950.0
747 40010.0
748 40010.0
749 39573.0
750 39573.0
751 39573.0
752 40255.0
753 40255.0
754 39641.0
755 40189.0
756 39645.0
757 39815.0
758 39955.0
759 39955.0
760 39955.0
761 39955.0
762 40007.0
763 39886.0
764 40163.0
765 39949.0
766 39900.0
767 40104.0
768 40173.0
769 40173.0
770 40278.0
771 40278.0
772 40173.0
773 40173.0
774 40173.0
775 39987.0
776 39986.0
777 40482.0
778 40482.0
779 40273.0
780 40259.0
781 40506.0
782 40585.0
783 40506.0
784 40115.0
785 40652.0
786 40360.0
787 40359.0
788 41031.0
789 40531.0
790 40520.0
791 40806.0
792 40641.0
793 40641.0
794 40641.0
795 40288.0
796 40476.0
797 40476.0
798 40504.0
799 40429.0
800 40429.0
801 40422.0
802 40711.0
803 40711.0
804 40711.0
805 40890.0
806 40890.0
807 40696.0
808 40671.0
809 41080.0
810 40728.0
811 40909.0
812 41376.0
813 41376.0
814 41376.0
815 41376.0
816 41376.0
817 41376.0
818 41376.0
819 41079.0
820 41069.0
821 41173.0
822 41173.0
823 41173.0
824 41034.0
825 41030.0
826 41030.0
827 41293.0
828 41293.0
829 41177.0
830 41231.0
831 41307.0
832 41307.0
833 41307.0
834 41307.0
835 41390.0
836 41342.0
837 41358.0
838 41408.0
839 41418.0
840 41539.0
841 41539.0
842 41562.0
843 41562.0
844 41562.0
845 41476.0
846 41556.0
847 41556.0
848 41614.0
849 41614.0
850 41680.0
851 41681.0
852 41681.0
853 41738.0
854 41945.0
855 41847.0
856 41914.0
857 41818.0
858 41818.0
859 42022.0
860 42022.0
861 42022.0
862 42022.0
863 42022.0
864 42112.0
865 42084.0
866 42195.0
867 42384.0
868 42384.0
869 42384.0
870 42287.0
871 42426.0
872 42382.0
873 42387.0
874 42587.0
875 42742.0
876 42728.0
877 42728.0
878 42728.0
879 42725.0
880 42725.0
881 42725.0
882 42725.0
883 42655.0
884 42684.0
885 42695.0
886 42716.0
887 42738.0
888 42717.0
889 42828.0
890 42752.0
891 42752.0
892 42753.0
893 42756.0
894 42799.0
895 42839.0
896 42855.0
897 42839.0
898 42861.0
899 42861.0
900 42902.0
901 42890.0
902 42890.0
903 42897.0
904 42908.0
905 42910.0
906 42910.0
907 42910.0
908 42910.0
909 42910.0
910 42910.0
911 42910.0
912 42910.0
913 42910.0
914 42910.0
915 42910.0
916 42910.0
917 42910.0
918 42910.0
919 42910.0
920 42910.0
921 42910.0
922 42910.0
923 42910.0
924 42910.0
925 42910.0
926 42910.0
927 42910.0
928 42910.0
929 42910.0
930 42910.0
931 42910.0
932 42910.0
933 42910.0
934 42910.0
935 42910.0
936 42910.0
937 42910.0
938 42910.0
939 42910.0
940 42910.0
941 42910.0
942 42910.0
943 42910.0
944 42910.0
945 42910.0
946 42910.0
947 42910.0
948 42910.0
949 42910.0
950 42910.0
951 42910.0
952 42910.0
953 42910.0
954 42910.0
955 42910.0
956 42910.0
957 42910.0
958 42910.0
959 42910.0
960 42910.0
961 42910.0
962 42910.0
963 42910.0
964 42910.0
965 42910.0
966 42910.0
967 42910.0
968 42910.0
969 42910.0
970 42910.0
971 42910.0
972 42910.0
973 42910.0
974 42910.0
975 42910.0
976 42910.0
977 42910.0
978 42910.0
979 42910.0
980 42910.0
981 42910.0
982 42910.0
983 42910.0
984 42910.0
985 42910.0
986 42910.0
987 42910.0
988 42910.0
989 42910.0
990 42910.0
991 42910.0
992 42910.0
993 42910.0
994 42910.0
995 42910.0
996 42910.0
997 42910.0
998 42910.0
999 42910.0
1000 42910.0
