0 6956.0
1 6966.0
2 8055.0
3 8387.0
4 9365.0
5 9740.0
6 9944.0
7 10979.0
8 11290.0
9 11866.0
10 12349.0
11 12750.0
12 14217.0
13 14217.0
14 14822.0
15 14758.0
16 15911.0
17 16320.0
18 17285.0
19 17206.0
20 17206.0
21 17305.0
22 19464.0
23 19706.0
24 19742.0
25 19996.0
26 20502.0
27 20866.0
28 21455.0
29 20980.0
30 21219.0
31 22587.0
32 22090.0
33 22810.0
34 22810.0
35 23170.0
36 23371.0
37 23694.0
38 23860.0
39 24315.0
40 24461.0
41 24523.0
42 25223.0
43 26279.0
44 26279.0
45 26279.0
46 26871.0
47 26871.0
48 26871.0
49 26581.0
50 26969.0
51 27951.0
52 28219.0
53 28219.0
54 28710.0
55 28710.0
56 29257.0
57 28955.0
58 29229.0
59 29229.0
60 29229.0
61 29333.0
62 29839.0
63 29839.0
64 30126.0
65 30392.0
66 30372.0
67 30395.0
68 30381.0
69 30381.0
70 30760.0
71 30760.0
72 30690.0
73 30825.0
74 32634.0
75 32634.0
76 31290.0
77 31043.0
78 30783.0
79 30948.0
80 31035.0
81 31497.0
82 32025.0
83 31756.0
84 31756.0
85 32420.0
86 31788.0
87 31788.0
88 31814.0
89 31851.0
90 31771.0
91 32048.0
92 32109.0
93 32493.0
94 32493.0
95 32643.0
96 32643.0
97 32643.0
98 32643.0
99 32643.0
100 33188.0
101 33188.0
102 32460.0
103 32950.0
104 32577.0
105 32986.0
106 32908.0
107 32847.0
108 32847.0
109 32847.0
110 32525.0
111 33426.0
112 32907.0
113 33699.0
114 33308.0
115 32663.0
116 33476.0
117 33504.0
118 33504.0
119 33811.0
120 33947.0
121 33947.0
122 33811.0
123 33811.0
124 33487.0
125 33476.0
126 34970.0
127 34970.0
128 34970.0
129 33194.0
130 33387.0
131 33387.0
132 33753.0
133 33753.0
134 33753.0
135 33753.0
136 33792.0
137 33792.0
138 33792.0
139 33269.0
140 34091.0
141 34542.0
142 34091.0
143 34091.0
144 34091.0
145 34091.0
146 34091.0
147 34091.0
148 34042.0
149 35161.0
150 35161.0
151 33785.0
152 33785.0
153 34271.0
154 34083.0
155 34083.0
156 35080.0
157 33882.0
158 34145.0
159 34530.0
160 34530.0
161 34462.0
162 34323.0
163 34407.0
164 35062.0
165 34077.0
166 34944.0
167 35303.0
168 34944.0
169 34944.0
170 33947.0
171 34185.0
172 34241.0
173 34241.0
174 34518.0
175 34518.0
176 34977.0
177 34621.0
178 34630.0
179 34630.0
180 34371.0
181 34628.0
182 34628.0
183 34628.0
184 34364.0
185 34770.0
186 34770.0
187 34043.0
188 34428.0
189 34223.0
190 34595.0
191 34022.0
192 34022.0
193 34349.0
194 34390.0
195 34390.0
196 34879.0
197 34879.0
198 34879.0
199 34915.0
200 34915.0
201 35443.0
202 35443.0
203 35443.0
204 35089.0
205 34938.0
206 34938.0
207 35274.0
208 35274.0
209 34615.0
210 34687.0
211 34736.0
212 34956.0
213 35613.0
214 35613.0
215 35613.0
216 35613.0
217 35868.0
218 35613.0
219 35613.0
220 35613.0
221 34900.0
222 34899.0
223 35898.0
224 35913.0
225 35913.0
226 35913.0
227 35544.0
228 35793.0
229 35412.0
230 35540.0
231 36320.0
232 35546.0
233 35975.0
234 35975.0
235 35975.0
236 35975.0
237 35975.0
238 35669.0
239 35669.0
240 35987.0
241 35987.0
242 35987.0
243 35814.0
244 35814.0
245 35814.0
246 35491.0
247 35316.0
248 35535.0
249 36828.0
250 36105.0
251 35994.0
252 36310.0
253 36031.0
254 36116.0
255 36196.0
256 36121.0
257 36031.0
258 36165.0
259 36522.0
260 36522.0
261 36275.0
262 36275.0
263 36602.0
264 36602.0
265 36602.0
266 36602.0
267 35657.0
268 35955.0
269 35904.0
270 35718.0
271 36000.0
272 36215.0
273 36215.0
274 36215.0
275 35883.0
276 36379.0
277 36653.0
278 36653.0
279 36619.0
280 36619.0
281 36619.0
282 36619.0
283 36619.0
284 36471.0
285 36471.0
286 36471.0
287 35907.0
288 35907.0
289 35799.0
290 36017.0
291 36487.0
292 36877.0
293 36877.0
294 36877.0
295 35759.0
296 35692.0
297 36053.0
298 36053.0
299 36053.0
300 35970.0
301 35970.0
302 35724.0
303 35495.0
304 35867.0
305 36831.0
306 36102.0
307 37388.0
308 36102.0
309 36529.0
310 36791.0
311 36261.0
312 36261.0
313 36102.0
314 36265.0
315 36265.0
316 36086.0
317 36853.0
318 36086.0
319 36169.0
320 36874.0
321 36837.0
322 36837.0
323 36837.0
324 36837.0
325 36837.0
326 36499.0
327 36053.0
328 36316.0
329 36879.0
330 36879.0
331 37177.0
332 37177.0
333 37177.0
334 37177.0
335 37177.0
336 37177.0
337 37177.0
338 36596.0
339 36666.0
340 36666.0
341 36639.0
342 35977.0
343 36042.0
344 36252.0
345 36252.0
346 36252.0
347 36534.0
348 36542.0
349 36744.0
350 37284.0
351 36744.0
352 36723.0
353 36723.0
354 36723.0
355 36280.0
356 36468.0
357 37402.0
358 37231.0
359 37231.0
360 37231.0
361 36397.0
362 36397.0
363 36437.0
364 36347.0
365 37235.0
366 36903.0
367 36903.0
368 37780.0
369 37780.0
370 37780.0
371 37780.0
372 37153.0
373 37153.0
374 37153.0
375 37153.0
376 37153.0
377 37153.0
378 36439.0
379 36732.0
380 37112.0
381 37112.0
382 37112.0
383 37112.0
384 37111.0
385 37111.0
386 36897.0
387 36471.0
388 36824.0
389 37091.0
390 36805.0
391 36805.0
392 37411.0
393 36402.0
394 36652.0
395 36937.0
396 36499.0
397 36797.0
398 36734.0
399 36374.0
400 36374.0
401 36563.0
402 36563.0
403 36696.0
404 36903.0
405 36903.0
406 37303.0
407 37303.0
408 36828.0
409 36828.0
410 37296.0
411 36485.0
412 36466.0
413 36967.0
414 37525.0
415 37525.0
416 37525.0
417 37525.0
418 37064.0
419 37064.0
420 37064.0
421 37336.0
422 36506.0
423 37130.0
424 36519.0
425 36519.0
426 36519.0
427 36519.0
428 36351.0
429 36351.0
430 36351.0
431 36696.0
432 36696.0
433 36219.0
434 36298.0
435 36352.0
436 36692.0
437 36219.0
438 36988.0
439 36514.0
440 36514.0
441 36582.0
442 36584.0
443 37368.0
444 36607.0
445 36408.0
446 36520.0
447 36140.0
448 36140.0
449 36372.0
450 36140.0
451 36140.0
452 36174.0
453 36271.0
454 36044.0
455 36776.0
456 36776.0
457 36431.0
458 36431.0
459 36477.0
460 36539.0
461 36557.0
462 36557.0
463 36557.0
464 37041.0
465 37108.0
466 37041.0
467 36634.0
468 36634.0
469 36634.0
470 36640.0
471 36838.0
472 37334.0
473 37782.0
474 37782.0
475 37782.0
476 37782.0
477 37252.0
478 37252.0
479 37282.0
480 37749.0
481 37742.0
482 37633.0
483 37633.0
484 37060.0
485 36936.0
486 37217.0
487 37410.0
488 37420.0
489 38212.0
490 38212.0
491 37384.0
492 37487.0
493 37487.0
494 37810.0
495 37810.0
496 37886.0
497 37886.0
498 37487.0
499 37881.0
500 37388.0
501 37671.0
502 38254.0
503 37308.0
504 37338.0
505 37382.0
506 37471.0
507 37338.0
508 37338.0
509 37338.0
510 37797.0
511 37546.0
512 38073.0
513 37527.0
514 37321.0
515 37575.0
516 37575.0
517 37797.0
518 37797.0
519 37797.0
520 37797.0
521 37642.0
522 37642.0
523 37635.0
524 37320.0
525 37483.0
526 37527.0
527 37562.0
528 37592.0
529 37417.0
530 37852.0
531 38097.0
532 37852.0
533 37852.0
534 37852.0
535 37852.0
536 37626.0
537 37626.0
538 37427.0
539 37453.0
540 37670.0
541 37453.0
542 37652.0
543 37652.0
544 37652.0
545 37195.0
546 37195.0
547 37131.0
548 37131.0
549 37369.0
550 37369.0
551 38060.0
552 37698.0
553 37698.0
554 37391.0
555 37435.0
556 37435.0
557 37435.0
558 37435.0
559 37435.0
560 37710.0
561 37754.0
562 37400.0
563 38121.0
564 38216.0
565 38216.0
566 38121.0
567 37415.0
568 37434.0
569 37666.0
570 37551.0
571 37645.0
572 37645.0
573 37645.0
574 37645.0
575 38002.0
576 37500.0
577 37410.0
578 37305.0
579 37305.0
580 37477.0
581 37477.0
582 37477.0
583 37288.0
584 37352.0
585 37440.0
586 38269.0
587 38439.0
588 38439.0
589 37397.0
590 37378.0
591 37630.0
592 37630.0
593 37723.0
594 37723.0
595 37723.0
596 37420.0
597 37843.0
598 37843.0
599 37865.0
600 37865.0
601 37865.0
602 37708.0
603 37581.0
604 37914.0
605 37586.0
606 38266.0
607 38266.0
608 37671.0
609 37671.0
610 38088.0
611 38088.0
612 38088.0
613 38088.0
614 38088.0
615 37307.0
616 37307.0
617 37217.0
618 37603.0
619 37603.0
620 37603.0
621 37628.0
622 37769.0
623 37769.0
624 37769.0
625 38088.0
626 37474.0
627 37650.0
628 37650.0
629 37650.0
630 37347.0
631 37823.0
632 37823.0
633 38078.0
634 38592.0
635 38592.0
636 38592.0
637 38078.0
638 38078.0
639 37981.0
640 38085.0
641 38202.0
642 37943.0
643 37943.0
644 37943.0
645 38424.0
646 38424.0
647 38424.0
648 38197.0
649 38197.0
650 38197.0
651 38916.0
652 38916.0
653 38916.0
654 38436.0
655 38040.0
656 38264.0
657 37924.0
658 37925.0
659 37846.0
660 37846.0
661 37746.0
662 38124.0
663 38070.0
664 38070.0
665 37718.0
666 37984.0
667 38057.0
668 38057.0
669 38057.0
670 38126.0
671 37824.0
672 37789.0
673 37789.0
674 38235.0
675 38384.0
676 38384.0
677 38181.0
678 38250.0
679 38250.0
680 38628.0
681 38620.0
682 38620.0
683 38620.0
684 38620.0
685 38620.0
686 38494.0
687 38763.0
688 38409.0
689 38432.0
690 39413.0
691 39413.0
692 39413.0
693 39413.0
694 39280.0
695 39280.0
696 39280.0
697 38367.0
698 38884.0
699 38884.0
700 38933.0
701 39218.0
702 39218.0
703 39218.0
704 39074.0
705 38815.0
706 38815.0
707 38815.0
708 38962.0
709 39113.0
710 39507.0
711 39075.0
712 39273.0
713 39075.0
714 39075.0
715 38925.0
716 38925.0
717 39076.0
718 38628.0
719 38206.0
720 38273.0
721 38701.0
722 38577.0
723 38577.0
724 39133.0
725 38615.0
726 38615.0
727 38615.0
728 38879.0
729 38806.0
730 39007.0
731 38828.0
732 38806.0
733 38750.0
734 38750.0
735 38750.0
736 39726.0
737 39726.0
738 39726.0
739 39726.0
740 39219.0
741 38672.0
742 38672.0
743 40012.0
744 40012.0
745 39270.0
746 39048.0
747 38646.0
748 39059.0
749 39059.0
750 39059.0
751 39059.0
752 39059.0
753 39161.0
754 39490.0
755 39217.0
756 39217.0
757 39217.0
758 39217.0
759 39217.0
760 39217.0
761 39217.0
762 38958.0
763 39150.0
764 39213.0
765 38898.0
766 38898.0
767 38898.0
768 39226.0
769 39292.0
770 39433.0
771 39008.0
772 39014.0
773 39014.0
774 39082.0
775 39082.0
776 39534.0
777 38842.0
778 39117.0
779 39209.0
780 39189.0
781 40052.0
782 39189.0
783 39189.0
784 39101.0
785 39660.0
786 39660.0
787 39338.0
788 39338.0
789 39338.0
790 39338.0
791 39338.0
792 39338.0
793 39346.0
794 39912.0
795 39912.0
796 39912.0
797 39912.0
798 39396.0
799 39396.0
800 39389.0
801 39389.0
802 39360.0
803 39360.0
804 39008.0
805 39008.0
806 39008.0
807 39618.0
808 39618.0
809 39634.0
810 39634.0
811 39618.0
812 39263.0
813 39263.0
814 39545.0
815 39365.0
816 39826.0
817 39826.0
818 39432.0
819 39840.0
820 39840.0
821 39840.0
822 39874.0
823 39874.0
824 39874.0
825 39874.0
826 39529.0
827 39788.0
828 39788.0
829 39568.0
830 39635.0
831 39614.0
832 39614.0
833 40016.0
834 40016.0
835 40016.0
836 40016.0
837 40042.0
838 40042.0
839 40522.0
840 40560.0
841 40092.0
842 40092.0
843 40092.0
844 39627.0
845 39628.0
846 39924.0
847 39828.0
848 40174.0
849 40174.0
850 39972.0
851 40911.0
852 39972.0
853 40844.0
854 40844.0
855 40844.0
856 40844.0
857 40844.0
858 40962.0
859 41393.0
860 41393.0
861 40624.0
862 40624.0
863 40330.0
864 40257.0
865 40385.0
866 40582.0
867 40455.0
868 41509.0
869 40455.0
870 40492.0
871 40588.0
872 40635.0
873 40588.0
874 40588.0
875 40370.0
876 40370.0
877 40565.0
878 40526.0
879 41131.0
880 40526.0
881 40629.0
882 40629.0
883 40736.0
884 40736.0
885 40909.0
886 40736.0
887 40596.0
888 40800.0
889 41257.0
890 41257.0
891 40610.0
892 40607.0
893 40708.0
894 40708.0
895 41002.0
896 41002.0
897 41002.0
898 41002.0
899 41163.0
900 41163.0
901 41197.0
902 41197.0
903 40595.0
904 40650.0
905 40670.0
906 40916.0
907 41050.0
908 41071.0
909 41071.0
910 40853.0
911 41153.0
912 41153.0
913 41153.0
914 41153.0
915 41110.0
916 41451.0
917 41255.0
918 41175.0
919 41175.0
920 41175.0
921 41175.0
922 41396.0
923 41396.0
924 41396.0
925 41895.0
926 41653.0
927 41653.0
928 41826.0
929 41826.0
930 41826.0
931 41826.0
932 41826.0
933 41826.0
934 41820.0
935 41678.0
936 41678.0
937 41678.0
938 41970.0
939 41569.0
940 41660.0
941 41660.0
942 41516.0
943 41528.0
944 41740.0
945 42284.0
946 41989.0
947 41989.0
948 41877.0
949 41877.0
950 41583.0
951 42171.0
952 41815.0
953 41642.0
954 41745.0
955 41940.0
956 42536.0
957 41940.0
958 41825.0
959 41921.0
960 42099.0
961 42028.0
962 42028.0
963 42034.0
964 42084.0
965 42034.0
966 42052.0
967 42421.0
968 42222.0
969 42291.0
970 42291.0
971 42286.0
972 42286.0
973 42448.0
974 42448.0
975 42448.0
976 42345.0
977 42345.0
978 42531.0
979 42570.0
980 42566.0
981 42531.0
982 42531.0
983 42531.0
984 42820.0
985 42820.0
986 42915.0
987 42895.0
988 42895.0
989 42805.0
990 42786.0
991 43021.0
992 43038.0
993 43021.0
994 43074.0
995 43095.0
996 43095.0
997 42963.0
998 43190.0
999 43049.0
1000 43015.0
