0	7581.0	2268.0
1	7946.0	3314.0
2	7946.0	3703.0
3	7946.0	3952.0
4	7946.0	4102.0
5	7946.0	4241.0
6	7946.0	4347.0
7	7946.0	4570.0
8	7946.0	4570.0
9	7946.0	4570.0
10	7946.0	4570.0
11	7946.0	4817.0
12	7946.0	4817.0
13	7946.0	4820.0
14	7946.0	4958.0
15	7946.0	4981.0
16	7946.0	4981.0
17	7946.0	4986.0
18	7946.0	4986.0
19	7946.0	4986.0
20	7946.0	5264.0
21	7946.0	4986.0
22	7946.0	4986.0
23	7946.0	4986.0
24	7946.0	4986.0
25	7946.0	4986.0
26	7946.0	5211.0
27	7946.0	5211.0
28	7946.0	5211.0
29	7946.0	5211.0
30	8791.0	5241.0
31	8791.0	5241.0
32	8791.0	5241.0
33	8791.0	5241.0
34	8791.0	5241.0
35	8791.0	5241.0
36	8791.0	5261.0
37	8791.0	5261.0
38	8791.0	5267.0
39	8791.0	5267.0
40	8791.0	5267.0
41	8791.0	5317.0
42	8791.0	5317.0
43	8791.0	5417.0
44	8791.0	5417.0
45	8791.0	5417.0
46	8791.0	5417.0
47	8791.0	5417.0
48	8791.0	5417.0
49	8791.0	5417.0
50	8791.0	5417.0
51	8791.0	5417.0
52	8791.0	5417.0
53	8791.0	5417.0
54	8791.0	5417.0
55	8791.0	5417.0
56	8791.0	5417.0
57	8791.0	5417.0
58	8791.0	5417.0
59	8791.0	5417.0
60	8791.0	5417.0
61	8791.0	5417.0
62	8791.0	5417.0
63	8791.0	5493.0
64	8791.0	5493.0
65	8791.0	5493.0
66	8791.0	5493.0
67	8791.0	5493.0
68	8791.0	5493.0
69	8791.0	5493.0
70	8791.0	5526.0
71	8791.0	5526.0
72	8791.0	5526.0
73	8791.0	5526.0
74	8791.0	5526.0
75	8791.0	5526.0
76	8791.0	5526.0
77	8791.0	5526.0
78	8791.0	5528.0
79	8791.0	5528.0
80	8791.0	5822.0
81	8791.0	5528.0
82	8791.0	5528.0
83	8791.0	5528.0
84	8791.0	5528.0
85	8791.0	5528.0
86	8791.0	5528.0
87	8791.0	5528.0
88	8791.0	5528.0
89	8791.0	5528.0
90	8791.0	5528.0
91	8791.0	5528.0
92	8791.0	5528.0
93	8791.0	5660.0
94	8791.0	5660.0
95	8791.0	5660.0
96	8791.0	5660.0
97	8791.0	5660.0
98	8791.0	5660.0
99	8791.0	5660.0
100	8791.0	5688.0
101	8791.0	5660.0
102	8791.0	5660.0
103	8791.0	5660.0
104	8791.0	5660.0
105	8791.0	5660.0
106	8791.0	5660.0
107	8791.0	5660.0
108	8791.0	5660.0
109	8791.0	5660.0
110	8791.0	5688.0
111	8791.0	5688.0
112	8791.0	5776.0
113	8791.0	5776.0
114	8791.0	5776.0
115	8791.0	5776.0
116	8791.0	5776.0
117	8791.0	5776.0
118	8791.0	5776.0
119	8791.0	5776.0
120	8791.0	5873.0
121	8791.0	5776.0
122	8791.0	5776.0
123	8791.0	5776.0
124	8791.0	5776.0
125	8791.0	5776.0
126	8791.0	5776.0
127	8791.0	5776.0
128	8791.0	5776.0
129	8791.0	5776.0
130	8791.0	5776.0
131	8791.0	5776.0
132	8791.0	5776.0
133	8791.0	5776.0
134	8791.0	5776.0
135	8791.0	5776.0
136	8791.0	5776.0
137	8791.0	5776.0
138	8791.0	5776.0
139	8791.0	5776.0
140	8791.0	5919.0
141	8791.0	5776.0
142	8791.0	5776.0
143	8791.0	5776.0
144	8791.0	5873.0
145	8791.0	5873.0
146	8791.0	5873.0
147	8791.0	5873.0
148	8791.0	5873.0
149	8791.0	5873.0
150	8791.0	5873.0
151	8791.0	5873.0
152	8791.0	5873.0
153	8791.0	5873.0
154	8791.0	5892.0
155	8791.0	5892.0
156	8791.0	5892.0
157	8791.0	5892.0
158	8791.0	5892.0
159	8791.0	5892.0
160	8791.0	5938.0
161	8791.0	5892.0
162	8791.0	5892.0
163	8791.0	5892.0
164	8791.0	5892.0
165	8791.0	5892.0
166	8791.0	5892.0
167	8791.0	5892.0
168	8791.0	5892.0
169	8791.0	5892.0
170	8791.0	5892.0
171	8791.0	5892.0
172	8791.0	5892.0
173	8791.0	5892.0
174	8791.0	5892.0
175	8791.0	5892.0
176	8791.0	5892.0
177	8791.0	5892.0
178	8791.0	5892.0
179	8791.0	5892.0
180	8791.0	6040.0
181	8791.0	5892.0
182	8791.0	5898.0
183	8791.0	5898.0
184	8791.0	5898.0
185	8791.0	5898.0
186	8791.0	5898.0
187	8791.0	5898.0
188	8791.0	5898.0
189	8791.0	5898.0
190	8791.0	5898.0
191	8791.0	5898.0
192	8791.0	5898.0
193	8791.0	5898.0
194	8791.0	5898.0
195	8791.0	5898.0
196	8791.0	5898.0
197	8791.0	5898.0
198	8791.0	5898.0
199	8791.0	5898.0
200	8791.0	6014.0
201	8791.0	5898.0
202	8791.0	5898.0
203	8791.0	5898.0
204	8791.0	5898.0
205	8791.0	5898.0
206	8791.0	5973.0
207	8791.0	5973.0
208	8791.0	5973.0
209	8791.0	5973.0
210	8791.0	5973.0
211	8791.0	5973.0
212	8791.0	5973.0
213	8791.0	5973.0
214	8791.0	5973.0
215	8791.0	5973.0
216	8791.0	5973.0
217	8791.0	5973.0
218	8791.0	5973.0
219	8791.0	5973.0
220	8791.0	5973.0
221	8791.0	5973.0
222	8791.0	5980.0
223	8791.0	5980.0
224	8791.0	5980.0
225	8791.0	5980.0
226	8791.0	5980.0
227	8791.0	5980.0
228	8791.0	5980.0
229	8791.0	5980.0
230	8791.0	5980.0
231	8791.0	5980.0
232	8791.0	5980.0
233	8791.0	5980.0
234	8791.0	5980.0
235	8791.0	5980.0
236	8791.0	5980.0
237	8791.0	5980.0
238	8791.0	5980.0
239	8791.0	5980.0
240	8791.0	6041.0
241	8791.0	5980.0
242	8791.0	5980.0
243	8791.0	5980.0
244	8791.0	5980.0
245	8791.0	5980.0
246	8791.0	5980.0
247	8791.0	5980.0
248	8791.0	5980.0
249	8791.0	5980.0
250	8791.0	5980.0
251	8791.0	5980.0
252	8791.0	5980.0
253	8791.0	5980.0
254	8791.0	5980.0
255	8791.0	5980.0
256	8791.0	5980.0
257	8791.0	5980.0
258	8791.0	5980.0
259	8791.0	5980.0
260	8791.0	6111.0
261	8791.0	5980.0
262	8791.0	5980.0
263	8791.0	5980.0
264	8791.0	5980.0
265	8791.0	5980.0
266	8791.0	5980.0
267	8791.0	6041.0
268	8791.0	6041.0
269	8791.0	6041.0
270	8791.0	6041.0
271	8791.0	6041.0
272	8791.0	6041.0
273	8791.0	6041.0
274	8791.0	6041.0
275	8791.0	6041.0
276	8791.0	6041.0
277	8791.0	6041.0
278	8791.0	6041.0
279	8791.0	6041.0
280	8791.0	6057.0
281	8791.0	6041.0
282	8791.0	6041.0
283	8791.0	6041.0
284	8791.0	6057.0
285	8791.0	6057.0
286	8791.0	6057.0
287	8791.0	6057.0
288	8791.0	6057.0
289	8791.0	6096.0
290	8791.0	6096.0
291	8791.0	6096.0
292	8791.0	6096.0
293	8791.0	6096.0
294	8791.0	6096.0
295	8791.0	6096.0
296	8791.0	6096.0
297	8791.0	6096.0
298	8791.0	6096.0
299	8791.0	6096.0
300	8791.0	6188.0
301	8791.0	6096.0
302	8791.0	6096.0
303	8791.0	6096.0
304	8791.0	6096.0
305	8791.0	6096.0
306	8791.0	6096.0
307	8791.0	6096.0
308	8791.0	6096.0
309	8791.0	6096.0
310	8791.0	6096.0
311	8791.0	6096.0
312	8791.0	6096.0
313	8791.0	6096.0
314	8791.0	6096.0
315	8791.0	6096.0
316	8791.0	6096.0
317	8791.0	6096.0
318	8791.0	6096.0
319	8791.0	6096.0
320	8791.0	6160.0
321	8791.0	6096.0
322	8791.0	6096.0
323	8791.0	6096.0
324	8791.0	6096.0
325	8791.0	6096.0
326	8791.0	6096.0
327	8791.0	6096.0
328	8791.0	6096.0
329	8791.0	6096.0
330	8791.0	6096.0
331	8791.0	6096.0
332	8791.0	6096.0
333	8791.0	6096.0
334	8791.0	6096.0
335	8791.0	6096.0
336	8791.0	6096.0
337	8791.0	6096.0
338	8791.0	6096.0
339	8791.0	6096.0
340	8791.0	6160.0
341	8791.0	6096.0
342	8791.0	6096.0
343	8791.0	6096.0
344	8791.0	6096.0
345	8791.0	6096.0
346	8791.0	6096.0
347	8791.0	6096.0
348	8791.0	6096.0
349	8791.0	6096.0
350	8791.0	6096.0
351	8791.0	6096.0
352	8791.0	6096.0
353	8791.0	6096.0
354	8791.0	6096.0
355	8791.0	6096.0
356	8791.0	6096.0
357	8791.0	6096.0
358	8791.0	6096.0
359	8791.0	6096.0
360	8791.0	6256.0
361	8791.0	6096.0
362	8791.0	6096.0
363	8791.0	6096.0
364	8791.0	6096.0
365	8791.0	6096.0
366	8791.0	6096.0
367	8791.0	6096.0
368	8791.0	6096.0
369	8791.0	6096.0
370	8791.0	6096.0
371	8791.0	6096.0
372	8791.0	6096.0
373	8791.0	6096.0
374	8791.0	6096.0
375	8791.0	6096.0
376	8791.0	6096.0
377	8791.0	6096.0
378	8791.0	6096.0
379	8791.0	6096.0
380	8791.0	6096.0
381	8791.0	6096.0
382	8791.0	6096.0
383	8791.0	6096.0
384	8791.0	6096.0
385	8791.0	6096.0
386	8791.0	6096.0
387	8791.0	6172.0
388	8791.0	6172.0
389	8791.0	6172.0
390	8791.0	6172.0
391	8791.0	6172.0
392	8791.0	6172.0
393	8791.0	6172.0
394	8791.0	6172.0
395	8791.0	6172.0
396	8791.0	6172.0
397	8791.0	6172.0
398	8791.0	6172.0
399	8791.0	6172.0
400	8791.0	6172.0
401	8791.0	6172.0
402	8791.0	6172.0
403	8791.0	6172.0
404	8791.0	6172.0
405	8791.0	6172.0
406	8791.0	6220.0
407	8791.0	6220.0
408	8791.0	6220.0
409	8791.0	6220.0
410	8791.0	6220.0
411	8791.0	6220.0
412	8791.0	6220.0
413	8791.0	6220.0
414	8791.0	6220.0
415	8791.0	6220.0
416	8791.0	6220.0
417	8791.0	6220.0
418	8791.0	6220.0
419	8791.0	6220.0
420	8791.0	6220.0
421	8791.0	6220.0
422	8791.0	6220.0
423	8791.0	6220.0
424	8791.0	6220.0
425	8791.0	6220.0
426	8791.0	6220.0
427	8791.0	6220.0
428	8791.0	6220.0
429	8791.0	6220.0
430	8791.0	6220.0
431	8791.0	6220.0
432	8791.0	6220.0
433	8791.0	6220.0
434	8791.0	6220.0
435	8791.0	6220.0
436	8791.0	6220.0
437	8791.0	6220.0
438	8791.0	6220.0
439	8791.0	6220.0
440	8791.0	6220.0
441	8791.0	6220.0
442	8791.0	6220.0
443	8791.0	6220.0
444	8791.0	6220.0
445	8791.0	6261.0
446	8791.0	6261.0
447	8791.0	6261.0
448	8791.0	6261.0
449	8791.0	6261.0
450	8791.0	6261.0
451	8791.0	6275.0
452	8791.0	6275.0
453	8791.0	6275.0
454	8791.0	6275.0
455	8791.0	6275.0
456	8791.0	6275.0
457	8791.0	6275.0
458	8791.0	6275.0
459	8791.0	6275.0
460	8791.0	6293.0
461	8791.0	6275.0
462	8791.0	6275.0
463	8791.0	6275.0
464	8791.0	6275.0
465	8791.0	6275.0
466	8791.0	6275.0
467	8791.0	6275.0
468	8791.0	6275.0
469	8791.0	6275.0
470	8791.0	6275.0
471	8791.0	6275.0
472	8791.0	6275.0
473	8791.0	6275.0
474	8791.0	6275.0
475	8791.0	6275.0
476	8791.0	6275.0
477	8791.0	6275.0
478	8791.0	6275.0
479	8791.0	6275.0
480	8791.0	6357.0
481	8791.0	6275.0
482	8791.0	6275.0
483	8791.0	6275.0
484	8791.0	6275.0
485	8791.0	6275.0
486	8791.0	6275.0
487	8791.0	6275.0
488	8791.0	6275.0
489	8791.0	6275.0
490	8791.0	6275.0
491	8791.0	6275.0
492	8791.0	6275.0
493	8791.0	6275.0
494	8791.0	6275.0
495	8791.0	6275.0
496	8791.0	6275.0
497	8791.0	6275.0
498	8791.0	6275.0
499	8791.0	6275.0
500	8791.0	6305.0
501	8791.0	6275.0
502	8791.0	6275.0
503	8791.0	6275.0
504	8791.0	6275.0
505	8791.0	6275.0
506	8791.0	6275.0
507	8791.0	6275.0
508	8791.0	6275.0
509	8791.0	6275.0
510	8791.0	6275.0
511	8791.0	6275.0
512	8791.0	6275.0
513	8791.0	6275.0
514	8791.0	6275.0
515	8791.0	6275.0
516	8791.0	6275.0
517	8791.0	6275.0
518	8791.0	6275.0
519	8791.0	6275.0
520	8791.0	6299.0
521	8791.0	6275.0
522	8791.0	6275.0
523	8791.0	6275.0
524	8791.0	6275.0
525	8791.0	6275.0
526	8791.0	6275.0
527	8791.0	6275.0
528	8791.0	6275.0
529	8791.0	6275.0
530	8791.0	6275.0
531	8791.0	6275.0
532	8791.0	6275.0
533	8791.0	6275.0
534	8791.0	6275.0
535	8791.0	6275.0
536	8791.0	6275.0
537	8791.0	6275.0
538	8791.0	6275.0
539	8791.0	6275.0
540	8791.0	6275.0
541	8791.0	6275.0
542	8791.0	6275.0
543	8791.0	6275.0
544	8791.0	6275.0
545	8791.0	6275.0
546	8791.0	6275.0
547	8791.0	6275.0
548	8791.0	6275.0
549	8791.0	6275.0
550	8791.0	6275.0
551	8791.0	6275.0
552	8791.0	6275.0
553	8791.0	6275.0
554	8791.0	6275.0
555	8791.0	6275.0
556	8791.0	6275.0
557	8791.0	6275.0
558	8791.0	6275.0
559	8791.0	6275.0
560	8791.0	6340.0
561	8791.0	6275.0
562	8791.0	6275.0
563	8791.0	6275.0
564	8791.0	6275.0
565	8791.0	6275.0
566	8791.0	6275.0
567	8791.0	6275.0
568	8791.0	6275.0
569	8791.0	6275.0
570	8791.0	6275.0
571	8791.0	6275.0
572	8791.0	6275.0
573	8791.0	6275.0
574	8791.0	6275.0
575	8791.0	6275.0
576	8791.0	6275.0
577	8791.0	6275.0
578	8791.0	6275.0
579	8791.0	6275.0
580	8791.0	6299.0
581	8791.0	6275.0
582	8791.0	6275.0
583	8791.0	6275.0
584	8791.0	6275.0
585	8791.0	6275.0
586	8791.0	6275.0
587	8791.0	6275.0
588	8791.0	6275.0
589	8791.0	6275.0
590	8791.0	6275.0
591	8791.0	6275.0
592	8791.0	6275.0
593	8791.0	6275.0
594	8791.0	6275.0
595	8791.0	6275.0
596	8791.0	6275.0
597	8791.0	6275.0
598	8791.0	6275.0
599	8791.0	6275.0
600	8791.0	6299.0
601	8791.0	6275.0
602	8791.0	6275.0
603	8791.0	6275.0
604	8791.0	6275.0
605	8791.0	6275.0
606	8791.0	6275.0
607	8791.0	6275.0
608	8791.0	6275.0
609	8791.0	6275.0
610	8791.0	6275.0
611	8791.0	6275.0
612	8791.0	6275.0
613	8791.0	6275.0
614	8791.0	6275.0
615	8791.0	6275.0
616	8791.0	6275.0
617	8791.0	6275.0
618	8791.0	6275.0
619	8791.0	6275.0
620	8791.0	6453.0
621	8791.0	6275.0
622	8791.0	6275.0
623	8791.0	6275.0
624	8791.0	6275.0
625	8791.0	6275.0
626	8791.0	6275.0
627	8791.0	6275.0
628	8791.0	6275.0
629	8791.0	6275.0
630	8791.0	6275.0
631	8791.0	6275.0
632	8791.0	6275.0
633	8791.0	6275.0
634	8791.0	6275.0
635	8791.0	6275.0
636	8791.0	6275.0
637	8791.0	6275.0
638	8791.0	6275.0
639	8791.0	6275.0
640	8791.0	6275.0
641	8791.0	6275.0
642	8791.0	6275.0
643	8791.0	6275.0
644	8791.0	6275.0
645	8791.0	6275.0
646	8791.0	6275.0
647	8791.0	6275.0
648	8791.0	6275.0
649	8791.0	6275.0
650	8791.0	6275.0
651	8791.0	6275.0
652	8791.0	6275.0
653	8791.0	6275.0
654	8791.0	6275.0
655	8791.0	6275.0
656	8791.0	6275.0
657	8791.0	6275.0
658	8791.0	6275.0
659	8791.0	6275.0
660	8791.0	6330.0
661	8791.0	6275.0
662	8791.0	6275.0
663	8791.0	6275.0
664	8791.0	6275.0
665	8791.0	6275.0
666	8791.0	6275.0
667	8791.0	6275.0
668	8791.0	6275.0
669	8791.0	6275.0
670	8791.0	6275.0
671	8791.0	6275.0
672	8791.0	6275.0
673	8791.0	6275.0
674	8791.0	6275.0
675	8791.0	6275.0
676	8791.0	6275.0
677	8791.0	6275.0
678	8791.0	6275.0
679	8791.0	6275.0
680	8791.0	6299.0
681	8791.0	6275.0
682	8791.0	6275.0
683	8791.0	6275.0
684	8791.0	6275.0
685	8791.0	6275.0
686	8791.0	6275.0
687	8791.0	6275.0
688	8791.0	6275.0
689	8791.0	6275.0
690	8791.0	6275.0
691	8791.0	6275.0
692	8791.0	6275.0
693	8791.0	6275.0
694	8791.0	6275.0
695	8791.0	6275.0
696	8791.0	6275.0
697	8791.0	6275.0
698	8791.0	6275.0
699	8791.0	6275.0
700	8791.0	6441.0
701	8791.0	6275.0
702	8791.0	6275.0
703	8791.0	6275.0
704	8791.0	6275.0
705	8791.0	6275.0
706	8791.0	6275.0
707	8791.0	6275.0
708	8791.0	6275.0
709	8791.0	6275.0
710	8791.0	6275.0
711	8791.0	6275.0
712	8791.0	6275.0
713	8791.0	6275.0
714	8791.0	6275.0
715	8791.0	6275.0
716	8791.0	6275.0
717	8791.0	6275.0
718	8791.0	6299.0
719	8791.0	6299.0
720	8791.0	6460.0
721	8791.0	6299.0
722	8791.0	6299.0
723	8791.0	6299.0
724	8791.0	6299.0
725	8791.0	6299.0
726	8791.0	6299.0
727	8791.0	6299.0
728	8791.0	6299.0
729	8791.0	6299.0
730	8791.0	6299.0
731	8791.0	6299.0
732	8791.0	6299.0
733	8791.0	6299.0
734	8791.0	6299.0
735	8791.0	6299.0
736	8791.0	6371.0
737	8791.0	6371.0
738	8791.0	6371.0
739	8791.0	6371.0
740	8791.0	6371.0
741	8791.0	6371.0
742	8791.0	6371.0
743	8791.0	6371.0
744	8791.0	6371.0
745	8791.0	6371.0
746	8791.0	6371.0
747	8791.0	6371.0
748	8791.0	6371.0
749	8791.0	6371.0
750	8791.0	6371.0
751	8791.0	6371.0
752	8791.0	6371.0
753	8791.0	6371.0
754	8791.0	6371.0
755	8791.0	6371.0
756	8791.0	6371.0
757	8791.0	6371.0
758	8791.0	6371.0
759	8791.0	6371.0
760	8791.0	6371.0
761	8791.0	6371.0
762	8791.0	6371.0
763	8791.0	6371.0
764	8791.0	6371.0
765	8791.0	6371.0
766	8791.0	6371.0
767	8791.0	6371.0
768	8791.0	6371.0
769	8791.0	6371.0
770	8791.0	6371.0
771	8791.0	6371.0
772	8791.0	6371.0
773	8791.0	6371.0
774	8791.0	6371.0
775	8791.0	6371.0
776	8791.0	6371.0
777	8791.0	6371.0
778	8791.0	6371.0
779	8791.0	6371.0
780	8791.0	6371.0
781	8791.0	6371.0
782	8791.0	6371.0
783	8791.0	6371.0
784	8791.0	6371.0
785	8791.0	6371.0
786	8791.0	6371.0
787	8791.0	6371.0
788	8791.0	6371.0
789	8791.0	6371.0
790	8791.0	6371.0
791	8791.0	6371.0
792	8791.0	6371.0
793	8791.0	6371.0
794	8791.0	6371.0
795	8791.0	6371.0
796	8791.0	6371.0
797	8791.0	6371.0
798	8791.0	6371.0
799	8791.0	6371.0
800	8791.0	6426.0
801	8791.0	6371.0
802	8791.0	6371.0
803	8791.0	6371.0
804	8791.0	6371.0
805	8791.0	6371.0
806	8791.0	6371.0
807	8791.0	6371.0
808	8791.0	6371.0
809	8791.0	6371.0
810	8791.0	6371.0
811	8791.0	6371.0
812	8791.0	6371.0
813	8791.0	6371.0
814	8791.0	6371.0
815	8791.0	6371.0
816	8791.0	6371.0
817	8791.0	6371.0
818	8791.0	6371.0
819	8791.0	6371.0
820	8791.0	6371.0
821	8791.0	6371.0
822	8791.0	6371.0
823	8791.0	6371.0
824	8791.0	6371.0
825	8791.0	6371.0
826	8791.0	6371.0
827	8791.0	6371.0
828	8791.0	6371.0
829	8791.0	6371.0
830	8791.0	6371.0
831	8791.0	6371.0
832	8791.0	6371.0
833	8791.0	6371.0
834	8791.0	6371.0
835	8791.0	6371.0
836	8791.0	6371.0
837	8791.0	6371.0
838	8791.0	6371.0
839	8791.0	6371.0
840	8791.0	6371.0
841	8791.0	6371.0
842	8791.0	6371.0
843	8791.0	6371.0
844	8791.0	6371.0
845	8791.0	6371.0
846	8791.0	6371.0
847	8791.0	6371.0
848	8791.0	6371.0
849	8791.0	6371.0
850	8791.0	6371.0
851	8791.0	6371.0
852	8791.0	6371.0
853	8791.0	6371.0
854	8791.0	6415.0
855	8791.0	6415.0
856	8791.0	6415.0
857	8791.0	6415.0
858	8791.0	6415.0
859	8791.0	6415.0
860	8791.0	6481.0
861	8791.0	6415.0
862	8791.0	6415.0
863	8791.0	6415.0
864	8791.0	6415.0
865	8791.0	6415.0
866	8791.0	6415.0
867	8791.0	6415.0
868	8791.0	6415.0
869	8791.0	6415.0
870	8791.0	6415.0
871	8791.0	6415.0
872	8791.0	6415.0
873	8791.0	6415.0
874	8791.0	6415.0
875	8791.0	6415.0
876	8791.0	6415.0
877	8791.0	6415.0
878	8791.0	6415.0
879	8791.0	6415.0
880	8791.0	6446.0
881	8791.0	6415.0
882	8791.0	6415.0
883	8791.0	6415.0
884	8791.0	6415.0
885	8791.0	6415.0
886	8791.0	6415.0
887	8791.0	6415.0
888	8791.0	6415.0
889	8791.0	6415.0
890	8791.0	6415.0
891	8791.0	6415.0
892	8791.0	6415.0
893	8791.0	6415.0
894	8791.0	6415.0
895	8791.0	6415.0
896	8791.0	6415.0
897	8791.0	6415.0
898	8791.0	6415.0
899	8791.0	6415.0
900	8791.0	6509.0
901	8791.0	6415.0
902	8791.0	6415.0
903	8791.0	6415.0
904	8791.0	6415.0
905	8791.0	6415.0
906	8791.0	6415.0
907	8791.0	6415.0
908	8791.0	6415.0
909	8791.0	6415.0
910	8791.0	6415.0
911	8791.0	6415.0
912	8791.0	6415.0
913	8791.0	6415.0
914	8791.0	6415.0
915	8791.0	6415.0
916	8791.0	6415.0
917	8791.0	6415.0
918	8791.0	6415.0
919	8791.0	6415.0
920	8791.0	6460.0
921	8791.0	6415.0
922	8791.0	6415.0
923	8791.0	6415.0
924	8791.0	6415.0
925	8791.0	6415.0
926	8791.0	6415.0
927	8791.0	6415.0
928	8791.0	6415.0
929	8791.0	6415.0
930	8791.0	6415.0
931	8791.0	6415.0
932	8791.0	6415.0
933	8791.0	6415.0
934	8791.0	6415.0
935	8791.0	6415.0
936	8791.0	6415.0
937	8791.0	6415.0
938	8791.0	6415.0
939	8791.0	6415.0
940	8791.0	6509.0
941	8791.0	6415.0
942	8791.0	6415.0
943	8791.0	6415.0
944	8791.0	6415.0
945	8791.0	6415.0
946	8791.0	6415.0
947	8791.0	6415.0
948	8791.0	6415.0
949	8791.0	6415.0
950	8791.0	6415.0
951	8791.0	6415.0
952	8791.0	6415.0
953	8791.0	6415.0
954	8791.0	6415.0
955	8791.0	6415.0
956	8791.0	6415.0
957	8791.0	6415.0
958	8791.0	6415.0
959	8791.0	6415.0
960	8791.0	6579.0
961	8791.0	6415.0
962	8791.0	6415.0
963	8791.0	6415.0
964	8791.0	6415.0
965	8791.0	6415.0
966	8791.0	6415.0
967	8791.0	6415.0
968	8791.0	6415.0
969	8791.0	6415.0
970	8791.0	6415.0
971	8791.0	6415.0
972	8791.0	6415.0
973	8791.0	6415.0
974	8791.0	6415.0
975	8791.0	6415.0
976	8791.0	6415.0
977	8791.0	6415.0
978	8791.0	6415.0
979	8791.0	6415.0
980	8791.0	6571.0
981	8791.0	6415.0
982	8791.0	6415.0
983	8791.0	6415.0
984	8791.0	6415.0
985	8791.0	6415.0
986	8791.0	6415.0
987	8791.0	6415.0
988	8791.0	6415.0
989	8791.0	6415.0
990	8791.0	6415.0
991	8791.0	6415.0
992	8791.0	6415.0
993	8791.0	6415.0
994	8791.0	6415.0
995	8791.0	6415.0
996	8791.0	6415.0
997	8791.0	6415.0
998	8791.0	6415.0
999	8791.0	6415.0
1000	8791.0	6514.0
