0 7204.0
1 7990.0
2 7844.0
3 8361.0
4 9425.0
5 9720.0
6 10353.0
7 10891.0
8 12058.0
9 12166.0
10 11964.0
11 12751.0
12 13531.0
13 13378.0
14 14337.0
15 14337.0
16 14370.0
17 14582.0
18 15283.0
19 15327.0
20 15327.0
21 15961.0
22 15832.0
23 16120.0
24 16232.0
25 16263.0
26 16374.0
27 17052.0
28 17467.0
29 17190.0
30 17156.0
31 17156.0
32 17315.0
33 17405.0
34 17539.0
35 17484.0
36 17574.0
37 17969.0
38 17969.0
39 17970.0
40 18624.0
41 17936.0
42 18099.0
43 18164.0
44 18188.0
45 18374.0
46 18374.0
47 18490.0
48 18614.0
49 18760.0
50 18981.0
51 18981.0
52 18895.0
53 18912.0
54 18839.0
55 19415.0
56 18819.0
57 18988.0
58 18988.0
59 19054.0
60 19322.0
61 19246.0
62 19276.0
63 19294.0
64 19380.0
65 19495.0
66 19495.0
67 19535.0
68 19535.0
69 19282.0
70 19363.0
71 19583.0
72 19312.0
73 19581.0
74 19718.0
75 19770.0
76 19770.0
77 19770.0
78 19854.0
79 19770.0
80 19798.0
81 19798.0
82 19798.0
83 19798.0
84 19831.0
85 19831.0
86 19831.0
87 19952.0
88 19860.0
89 19878.0
90 19878.0
91 19915.0
92 19913.0
93 20334.0
94 20334.0
95 19810.0
96 19950.0
97 19950.0
98 20015.0
99 20015.0
100 20074.0
101 20074.0
102 20338.0
103 20391.0
104 20191.0
105 20518.0
106 20518.0
107 20199.0
108 20151.0
109 20438.0
110 20438.0
111 20438.0
112 20519.0
113 20464.0
114 20464.0
115 20548.0
116 20550.0
117 20310.0
118 20381.0
119 20339.0
120 20469.0
121 20469.0
122 20469.0
123 20519.0
124 20552.0
125 20671.0
126 20563.0
127 20599.0
128 20642.0
129 20785.0
130 20785.0
131 20832.0
132 20918.0
133 20918.0
134 20918.0
135 20918.0
136 20918.0
137 20953.0
138 20953.0
139 20929.0
140 20991.0
141 20958.0
142 20958.0
143 21012.0
144 20950.0
145 20950.0
146 21028.0
147 21042.0
148 21046.0
149 21046.0
150 21046.0
151 21092.0
152 21092.0
153 21118.0
154 21118.0
155 21158.0
156 21158.0
157 21158.0
158 21170.0
159 21170.0
160 21173.0
161 21173.0
162 21173.0
163 21196.0
164 21198.0
165 21199.0
166 21199.0
167 21199.0
168 21224.0
169 21225.0
170 21225.0
171 21225.0
172 21225.0
173 21225.0
174 21225.0
175 21225.0
176 21225.0
177 21225.0
178 21225.0
179 21225.0
180 21225.0
181 21225.0
182 21225.0
183 21224.0
184 21224.0
185 21224.0
186 21199.0
187 21199.0
188 21199.0
189 21199.0
190 21199.0
191 21197.0
192 21197.0
193 21197.0
194 21197.0
195 21197.0
196 21197.0
197 21197.0
198 21197.0
199 21197.0
200 21197.0
201 21197.0
202 21197.0
203 21197.0
204 21197.0
205 21197.0
206 21197.0
207 21197.0
208 21197.0
209 21197.0
210 21197.0
211 21197.0
212 21197.0
213 21197.0
214 21197.0
215 21197.0
216 21197.0
217 21197.0
218 21197.0
219 21197.0
220 21197.0
221 21197.0
222 21197.0
223 21197.0
224 21197.0
225 21197.0
226 21197.0
227 21197.0
228 21197.0
229 21197.0
230 21197.0
231 21197.0
232 21197.0
233 21197.0
234 21197.0
235 21197.0
236 21197.0
237 21197.0
238 21197.0
239 21197.0
240 21197.0
241 21197.0
242 21197.0
243 21197.0
244 21197.0
245 21197.0
246 21197.0
247 21197.0
248 21197.0
249 21197.0
250 21197.0
251 21197.0
252 21197.0
253 21197.0
254 21197.0
255 21197.0
256 21197.0
257 21197.0
258 21197.0
259 21197.0
260 21197.0
261 21197.0
262 21197.0
263 21197.0
264 21197.0
265 21197.0
266 21197.0
267 21197.0
268 21197.0
269 21197.0
270 21197.0
271 21197.0
272 21197.0
273 21197.0
274 21197.0
275 21197.0
276 21197.0
277 21197.0
278 21197.0
279 21197.0
280 21197.0
281 21197.0
282 21197.0
283 21197.0
284 21197.0
285 21197.0
286 21197.0
287 21197.0
288 21197.0
289 21197.0
290 21197.0
291 21197.0
292 21197.0
293 21197.0
294 21197.0
295 21197.0
296 21197.0
297 21197.0
298 21197.0
299 21197.0
300 21197.0
301 21197.0
302 21197.0
303 21197.0
304 21197.0
305 21197.0
306 21197.0
307 21197.0
308 21197.0
309 21197.0
310 21197.0
311 21197.0
312 21197.0
313 21197.0
314 21197.0
315 21197.0
316 21197.0
317 21197.0
318 21197.0
319 21197.0
320 21197.0
321 21197.0
322 21197.0
323 21197.0
324 21197.0
325 21197.0
326 21197.0
327 21197.0
328 21197.0
329 21197.0
330 21197.0
331 21197.0
332 21197.0
333 21197.0
334 21197.0
335 21197.0
336 21197.0
337 21197.0
338 21197.0
339 21197.0
340 21197.0
341 21197.0
342 21197.0
343 21197.0
344 21197.0
345 21197.0
346 21197.0
347 21197.0
348 21197.0
349 21197.0
350 21197.0
351 21197.0
352 21197.0
353 21197.0
354 21197.0
355 21197.0
356 21197.0
357 21197.0
358 21197.0
359 21197.0
360 21197.0
361 21197.0
362 21197.0
363 21197.0
364 21197.0
365 21197.0
366 21197.0
367 21197.0
368 21197.0
369 21197.0
370 21197.0
371 21197.0
372 21197.0
373 21197.0
374 21197.0
375 21197.0
376 21197.0
377 21197.0
378 21197.0
379 21197.0
380 21197.0
381 21197.0
382 21197.0
383 21197.0
384 21197.0
385 21197.0
386 21197.0
387 21197.0
388 21197.0
389 21197.0
390 21197.0
391 21197.0
392 21197.0
393 21197.0
394 21197.0
395 21197.0
396 21197.0
397 21197.0
398 21197.0
399 21197.0
400 21197.0
401 21197.0
402 21197.0
403 21197.0
404 21197.0
405 21197.0
406 21197.0
407 21197.0
408 21197.0
409 21197.0
410 21197.0
411 21197.0
412 21197.0
413 21197.0
414 21197.0
415 21197.0
416 21197.0
417 21197.0
418 21197.0
419 21197.0
420 21197.0
421 21197.0
422 21197.0
423 21197.0
424 21197.0
425 21197.0
426 21197.0
427 21197.0
428 21197.0
429 21197.0
430 21197.0
431 21197.0
432 21197.0
433 21197.0
434 21197.0
435 21197.0
436 21197.0
437 21197.0
438 21197.0
439 21197.0
440 21197.0
441 21197.0
442 21197.0
443 21197.0
444 21197.0
445 21197.0
446 21197.0
447 21197.0
448 21197.0
449 21197.0
450 21197.0
451 21197.0
452 21197.0
453 21197.0
454 21197.0
455 21197.0
456 21197.0
457 21197.0
458 21197.0
459 21197.0
460 21197.0
461 21197.0
462 21197.0
463 21197.0
464 21197.0
465 21197.0
466 21197.0
467 21197.0
468 21197.0
469 21197.0
470 21197.0
471 21197.0
472 21197.0
473 21197.0
474 21197.0
475 21197.0
476 21197.0
477 21197.0
478 21197.0
479 21197.0
480 21197.0
481 21197.0
482 21197.0
483 21197.0
484 21197.0
485 21197.0
486 21197.0
487 21197.0
488 21197.0
489 21197.0
490 21197.0
491 21197.0
492 21197.0
493 21197.0
494 21197.0
495 21197.0
496 21197.0
497 21197.0
498 21197.0
499 21197.0
500 21197.0
501 21197.0
502 21197.0
503 21197.0
504 21197.0
505 21197.0
506 21197.0
507 21197.0
508 21197.0
509 21197.0
510 21197.0
511 21197.0
512 21197.0
513 21197.0
514 21197.0
515 21197.0
516 21197.0
517 21197.0
518 21197.0
519 21197.0
520 21197.0
521 21197.0
522 21197.0
523 21197.0
524 21197.0
525 21197.0
526 21197.0
527 21197.0
528 21197.0
529 21197.0
530 21197.0
531 21197.0
532 21197.0
533 21197.0
534 21197.0
535 21197.0
536 21197.0
537 21197.0
538 21197.0
539 21197.0
540 21197.0
541 21197.0
542 21197.0
543 21197.0
544 21197.0
545 21197.0
546 21197.0
547 21197.0
548 21197.0
549 21197.0
550 21197.0
551 21197.0
552 21197.0
553 21197.0
554 21197.0
555 21197.0
556 21197.0
557 21197.0
558 21197.0
559 21197.0
560 21197.0
561 21197.0
562 21197.0
563 21197.0
564 21197.0
565 21197.0
566 21197.0
567 21197.0
568 21197.0
569 21197.0
570 21197.0
571 21197.0
572 21197.0
573 21197.0
574 21197.0
575 21197.0
576 21197.0
577 21197.0
578 21197.0
579 21197.0
580 21197.0
581 21197.0
582 21197.0
583 21197.0
584 21197.0
585 21197.0
586 21197.0
587 21197.0
588 21197.0
589 21197.0
590 21197.0
591 21197.0
592 21197.0
593 21197.0
594 21197.0
595 21197.0
596 21197.0
597 21197.0
598 21197.0
599 21197.0
600 21197.0
601 21197.0
602 21197.0
603 21197.0
604 21197.0
605 21197.0
606 21197.0
607 21197.0
608 21197.0
609 21197.0
610 21197.0
611 21197.0
612 21197.0
613 21197.0
614 21197.0
615 21197.0
616 21197.0
617 21197.0
618 21197.0
619 21197.0
620 21197.0
621 21197.0
622 21197.0
623 21197.0
624 21197.0
625 21197.0
626 21197.0
627 21197.0
628 21197.0
629 21197.0
630 21197.0
631 21197.0
632 21197.0
633 21197.0
634 21197.0
635 21197.0
636 21197.0
637 21197.0
638 21197.0
639 21197.0
640 21197.0
641 21197.0
642 21197.0
643 21197.0
644 21197.0
645 21197.0
646 21197.0
647 21197.0
648 21197.0
649 21197.0
650 21197.0
651 21197.0
652 21197.0
653 21197.0
654 21197.0
655 21197.0
656 21197.0
657 21197.0
658 21197.0
659 21197.0
660 21197.0
661 21197.0
662 21197.0
663 21197.0
664 21197.0
665 21197.0
666 21197.0
667 21197.0
668 21197.0
669 21197.0
670 21197.0
671 21197.0
672 21197.0
673 21197.0
674 21197.0
675 21197.0
676 21197.0
677 21197.0
678 21197.0
679 21197.0
680 21197.0
681 21197.0
682 21197.0
683 21197.0
684 21197.0
685 21197.0
686 21197.0
687 21197.0
688 21197.0
689 21197.0
690 21197.0
691 21197.0
692 21197.0
693 21197.0
694 21197.0
695 21197.0
696 21197.0
697 21197.0
698 21197.0
699 21197.0
700 21197.0
701 21197.0
702 21197.0
703 21197.0
704 21197.0
705 21197.0
706 21197.0
707 21197.0
708 21197.0
709 21197.0
710 21197.0
711 21197.0
712 21197.0
713 21197.0
714 21197.0
715 21197.0
716 21197.0
717 21197.0
718 21197.0
719 21197.0
720 21197.0
721 21197.0
722 21197.0
723 21197.0
724 21197.0
725 21197.0
726 21197.0
727 21197.0
728 21197.0
729 21197.0
730 21197.0
731 21197.0
732 21197.0
733 21197.0
734 21197.0
735 21197.0
736 21197.0
737 21197.0
738 21197.0
739 21197.0
740 21197.0
741 21197.0
742 21197.0
743 21197.0
744 21197.0
745 21197.0
746 21197.0
747 21197.0
748 21197.0
749 21197.0
750 21197.0
751 21197.0
752 21197.0
753 21197.0
754 21197.0
755 21197.0
756 21197.0
757 21197.0
758 21197.0
759 21197.0
760 21197.0
761 21197.0
762 21197.0
763 21197.0
764 21197.0
765 21197.0
766 21197.0
767 21197.0
768 21197.0
769 21197.0
770 21197.0
771 21197.0
772 21197.0
773 21197.0
774 21197.0
775 21197.0
776 21197.0
777 21197.0
778 21197.0
779 21197.0
780 21197.0
781 21197.0
782 21197.0
783 21197.0
784 21197.0
785 21197.0
786 21197.0
787 21197.0
788 21197.0
789 21197.0
790 21197.0
791 21197.0
792 21197.0
793 21197.0
794 21197.0
795 21197.0
796 21197.0
797 21197.0
798 21197.0
799 21197.0
800 21197.0
801 21197.0
802 21197.0
803 21197.0
804 21197.0
805 21197.0
806 21197.0
807 21197.0
808 21197.0
809 21197.0
810 21197.0
811 21197.0
812 21197.0
813 21197.0
814 21197.0
815 21197.0
816 21197.0
817 21197.0
818 21197.0
819 21197.0
820 21197.0
821 21197.0
822 21197.0
823 21197.0
824 21197.0
825 21197.0
826 21197.0
827 21197.0
828 21197.0
829 21197.0
830 21197.0
831 21197.0
832 21197.0
833 21197.0
834 21197.0
835 21197.0
836 21197.0
837 21197.0
838 21197.0
839 21197.0
840 21197.0
841 21197.0
842 21197.0
843 21197.0
844 21197.0
845 21197.0
846 21197.0
847 21197.0
848 21197.0
849 21197.0
850 21197.0
851 21197.0
852 21197.0
853 21197.0
854 21197.0
855 21197.0
856 21197.0
857 21197.0
858 21197.0
859 21197.0
860 21197.0
861 21197.0
862 21197.0
863 21197.0
864 21197.0
865 21197.0
866 21197.0
867 21197.0
868 21197.0
869 21197.0
870 21197.0
871 21197.0
872 21197.0
873 21197.0
874 21197.0
875 21197.0
876 21197.0
877 21197.0
878 21197.0
879 21197.0
880 21197.0
881 21197.0
882 21197.0
883 21197.0
884 21197.0
885 21197.0
886 21197.0
887 21197.0
888 21197.0
889 21197.0
890 21197.0
891 21197.0
892 21197.0
893 21197.0
894 21197.0
895 21197.0
896 21197.0
897 21197.0
898 21197.0
899 21197.0
900 21197.0
901 21197.0
902 21197.0
903 21197.0
904 21197.0
905 21197.0
906 21197.0
907 21197.0
908 21197.0
909 21197.0
910 21197.0
911 21197.0
912 21197.0
913 21197.0
914 21197.0
915 21197.0
916 21197.0
917 21197.0
918 21197.0
919 21197.0
920 21197.0
921 21197.0
922 21197.0
923 21197.0
924 21197.0
925 21197.0
926 21197.0
927 21197.0
928 21197.0
929 21197.0
930 21197.0
931 21197.0
932 21197.0
933 21197.0
934 21197.0
935 21197.0
936 21197.0
937 21197.0
938 21197.0
939 21197.0
940 21197.0
941 21197.0
942 21197.0
943 21197.0
944 21197.0
945 21197.0
946 21197.0
947 21197.0
948 21197.0
949 21197.0
950 21197.0
951 21197.0
952 21197.0
953 21197.0
954 21197.0
955 21197.0
956 21197.0
957 21197.0
958 21197.0
959 21197.0
960 21197.0
961 21197.0
962 21197.0
963 21197.0
964 21197.0
965 21197.0
966 21197.0
967 21197.0
968 21197.0
969 21197.0
970 21197.0
971 21197.0
972 21197.0
973 21197.0
974 21197.0
975 21197.0
976 21197.0
977 21197.0
978 21197.0
979 21197.0
980 21197.0
981 21197.0
982 21197.0
983 21197.0
984 21197.0
985 21197.0
986 21197.0
987 21197.0
988 21197.0
989 21197.0
990 21197.0
991 21197.0
992 21197.0
993 21197.0
994 21197.0
995 21197.0
996 21197.0
997 21197.0
998 21197.0
999 21197.0
1000 21197.0
