0 6631.0
1 7324.0
2 7877.0
3 8467.0
4 9223.0
5 9867.0
6 9960.0
7 11046.0
8 11046.0
9 11452.0
10 11981.0
11 12350.0
12 12665.0
13 13171.0
14 13226.0
15 13763.0
16 14343.0
17 14753.0
18 14859.0
19 14798.0
20 15147.0
21 15197.0
22 15861.0
23 15887.0
24 16033.0
25 16389.0
26 16560.0
27 16830.0
28 16830.0
29 17161.0
30 17272.0
31 17529.0
32 17529.0
33 17754.0
34 17778.0
35 17924.0
36 17641.0
37 17729.0
38 17729.0
39 17759.0
40 18074.0
41 18003.0
42 18003.0
43 18554.0
44 18554.0
45 18554.0
46 18198.0
47 18469.0
48 18384.0
49 18671.0
50 18636.0
51 18636.0
52 18636.0
53 18689.0
54 18714.0
55 18670.0
56 18772.0
57 18590.0
58 19087.0
59 18932.0
60 18932.0
61 18984.0
62 18990.0
63 19115.0
64 19261.0
65 19616.0
66 19616.0
67 19616.0
68 19311.0
69 19311.0
70 19311.0
71 19376.0
72 19281.0
73 19286.0
74 19547.0
75 19547.0
76 19307.0
77 19734.0
78 19734.0
79 19447.0
80 19997.0
81 19997.0
82 19997.0
83 19997.0
84 19997.0
85 19997.0
86 19997.0
87 19661.0
88 19593.0
89 19842.0
90 19842.0
91 19724.0
92 19780.0
93 20021.0
94 20021.0
95 20021.0
96 20087.0
97 20122.0
98 20122.0
99 20122.0
100 20122.0
101 20316.0
102 20210.0
103 20225.0
104 20295.0
105 20333.0
106 20426.0
107 20404.0
108 20405.0
109 20438.0
110 20490.0
111 20568.0
112 20522.0
113 20580.0
114 20551.0
115 20690.0
116 20690.0
117 20690.0
118 20741.0
119 20696.0
120 20773.0
121 20773.0
122 20781.0
123 20781.0
124 20751.0
125 20807.0
126 20807.0
127 20788.0
128 20816.0
129 20805.0
130 20828.0
131 20828.0
132 20841.0
133 20841.0
134 20841.0
135 20841.0
136 20841.0
137 20841.0
138 20841.0
139 20844.0
140 20841.0
141 20841.0
142 20844.0
143 20844.0
144 20844.0
145 20844.0
146 20844.0
147 20844.0
148 20844.0
149 20844.0
150 20844.0
151 20844.0
152 20844.0
153 20844.0
154 20844.0
155 20844.0
156 20844.0
157 20844.0
158 20844.0
159 20844.0
160 20844.0
161 20844.0
162 20844.0
163 20844.0
164 20844.0
165 20844.0
166 20844.0
167 20844.0
168 20844.0
169 20844.0
170 20844.0
171 20844.0
172 20844.0
173 20844.0
174 20844.0
175 20844.0
176 20844.0
177 20844.0
178 20844.0
179 20844.0
180 20844.0
181 20844.0
182 20844.0
183 20844.0
184 20844.0
185 20844.0
186 20844.0
187 20844.0
188 20844.0
189 20844.0
190 20844.0
191 20844.0
192 20844.0
193 20844.0
194 20844.0
195 20844.0
196 20844.0
197 20844.0
198 20844.0
199 20844.0
200 20844.0
201 20844.0
202 20844.0
203 20844.0
204 20844.0
205 20844.0
206 20844.0
207 20844.0
208 20844.0
209 20844.0
210 20844.0
211 20844.0
212 20844.0
213 20844.0
214 20844.0
215 20844.0
216 20844.0
217 20844.0
218 20844.0
219 20844.0
220 20844.0
221 20844.0
222 20844.0
223 20844.0
224 20844.0
225 20844.0
226 20844.0
227 20844.0
228 20844.0
229 20844.0
230 20844.0
231 20844.0
232 20844.0
233 20844.0
234 20844.0
235 20844.0
236 20844.0
237 20844.0
238 20844.0
239 20844.0
240 20844.0
241 20844.0
242 20844.0
243 20844.0
244 20844.0
245 20858.0
246 20858.0
247 20867.0
248 20867.0
249 20867.0
250 20867.0
251 20867.0
252 20867.0
253 20867.0
254 20867.0
255 20867.0
256 20867.0
257 20867.0
258 20867.0
259 20867.0
260 20867.0
261 20867.0
262 20867.0
263 20867.0
264 20874.0
265 20874.0
266 20867.0
267 20867.0
268 20867.0
269 20867.0
270 20867.0
271 20867.0
272 20867.0
273 20867.0
274 20867.0
275 20867.0
276 20867.0
277 20867.0
278 20867.0
279 20867.0
280 20867.0
281 20867.0
282 20867.0
283 20867.0
284 20867.0
285 20867.0
286 20867.0
287 20867.0
288 20867.0
289 20867.0
290 20867.0
291 20867.0
292 20867.0
293 20867.0
294 20867.0
295 20867.0
296 20867.0
297 20867.0
298 20867.0
299 20867.0
300 20867.0
301 20867.0
302 20867.0
303 20867.0
304 20867.0
305 20867.0
306 20867.0
307 20867.0
308 20867.0
309 20867.0
310 20867.0
311 20867.0
312 20867.0
313 20867.0
314 20867.0
315 20867.0
316 20867.0
317 20867.0
318 20867.0
319 20867.0
320 20867.0
321 20867.0
322 20867.0
323 20867.0
324 20867.0
325 20867.0
326 20867.0
327 20867.0
328 20867.0
329 20867.0
330 20867.0
331 20867.0
332 20867.0
333 20867.0
334 20867.0
335 20867.0
336 20867.0
337 20867.0
338 20867.0
339 20867.0
340 20867.0
341 20867.0
342 20867.0
343 20867.0
344 20867.0
345 20867.0
346 20867.0
347 20867.0
348 20867.0
349 20867.0
350 20867.0
351 20867.0
352 20867.0
353 20867.0
354 20867.0
355 20867.0
356 20867.0
357 20867.0
358 20867.0
359 20867.0
360 20867.0
361 20867.0
362 20867.0
363 20867.0
364 20867.0
365 20867.0
366 20867.0
367 20867.0
368 20867.0
369 20867.0
370 20867.0
371 20867.0
372 20867.0
373 20867.0
374 20867.0
375 20867.0
376 20867.0
377 20867.0
378 20867.0
379 20867.0
380 20867.0
381 20867.0
382 20867.0
383 20867.0
384 20867.0
385 20867.0
386 20867.0
387 20867.0
388 20867.0
389 20867.0
390 20867.0
391 20867.0
392 20867.0
393 20867.0
394 20867.0
395 20867.0
396 20867.0
397 20867.0
398 20867.0
399 20867.0
400 20867.0
401 20867.0
402 20867.0
403 20867.0
404 20867.0
405 20867.0
406 20867.0
407 20867.0
408 20867.0
409 20867.0
410 20867.0
411 20867.0
412 20867.0
413 20867.0
414 20867.0
415 20867.0
416 20867.0
417 20867.0
418 20867.0
419 20867.0
420 20867.0
421 20867.0
422 20867.0
423 20867.0
424 20867.0
425 20867.0
426 20867.0
427 20867.0
428 20867.0
429 20867.0
430 20867.0
431 20867.0
432 20867.0
433 20867.0
434 20867.0
435 20867.0
436 20867.0
437 20867.0
438 20867.0
439 20867.0
440 20867.0
441 20867.0
442 20867.0
443 20867.0
444 20867.0
445 20867.0
446 20867.0
447 20867.0
448 20867.0
449 20867.0
450 20867.0
451 20867.0
452 20867.0
453 20867.0
454 20867.0
455 20867.0
456 20867.0
457 20867.0
458 20867.0
459 20867.0
460 20867.0
461 20867.0
462 20867.0
463 20867.0
464 20867.0
465 20867.0
466 20867.0
467 20867.0
468 20867.0
469 20867.0
470 20867.0
471 20867.0
472 20867.0
473 20867.0
474 20867.0
475 20867.0
476 20867.0
477 20867.0
478 20867.0
479 20867.0
480 20867.0
481 20867.0
482 20867.0
483 20867.0
484 20867.0
485 20867.0
486 20867.0
487 20867.0
488 20867.0
489 20867.0
490 20867.0
491 20867.0
492 20867.0
493 20867.0
494 20867.0
495 20867.0
496 20867.0
497 20867.0
498 20867.0
499 20867.0
500 20867.0
501 20867.0
502 20867.0
503 20867.0
504 20867.0
505 20867.0
506 20867.0
507 20867.0
508 20867.0
509 20867.0
510 20867.0
511 20867.0
512 20867.0
513 20867.0
514 20867.0
515 20867.0
516 20867.0
517 20867.0
518 20867.0
519 20867.0
520 20867.0
521 20867.0
522 20867.0
523 20867.0
524 20867.0
525 20867.0
526 20867.0
527 20867.0
528 20867.0
529 20867.0
530 20867.0
531 20867.0
532 20867.0
533 20867.0
534 20867.0
535 20867.0
536 20867.0
537 20867.0
538 20867.0
539 20867.0
540 20867.0
541 20867.0
542 20867.0
543 20867.0
544 20867.0
545 20867.0
546 20867.0
547 20867.0
548 20867.0
549 20867.0
550 20867.0
551 20867.0
552 20867.0
553 20867.0
554 20867.0
555 20867.0
556 20867.0
557 20867.0
558 20867.0
559 20867.0
560 20867.0
561 20867.0
562 20867.0
563 20867.0
564 20867.0
565 20867.0
566 20867.0
567 20867.0
568 20867.0
569 20867.0
570 20867.0
571 20867.0
572 20867.0
573 20867.0
574 20867.0
575 20867.0
576 20867.0
577 20867.0
578 20867.0
579 20867.0
580 20867.0
581 20867.0
582 20867.0
583 20867.0
584 20867.0
585 20867.0
586 20867.0
587 20867.0
588 20867.0
589 20867.0
590 20867.0
591 20867.0
592 20867.0
593 20867.0
594 20867.0
595 20867.0
596 20867.0
597 20867.0
598 20867.0
599 20867.0
600 20867.0
601 20867.0
602 20867.0
603 20867.0
604 20867.0
605 20867.0
606 20867.0
607 20867.0
608 20867.0
609 20867.0
610 20867.0
611 20867.0
612 20867.0
613 20867.0
614 20867.0
615 20867.0
616 20867.0
617 20867.0
618 20867.0
619 20867.0
620 20867.0
621 20867.0
622 20867.0
623 20867.0
624 20867.0
625 20867.0
626 20867.0
627 20867.0
628 20867.0
629 20867.0
630 20867.0
631 20867.0
632 20867.0
633 20867.0
634 20867.0
635 20867.0
636 20867.0
637 20867.0
638 20867.0
639 20867.0
640 20867.0
641 20867.0
642 20867.0
643 20867.0
644 20867.0
645 20867.0
646 20867.0
647 20867.0
648 20867.0
649 20867.0
650 20867.0
651 20867.0
652 20867.0
653 20867.0
654 20867.0
655 20867.0
656 20867.0
657 20867.0
658 20867.0
659 20867.0
660 20867.0
661 20867.0
662 20867.0
663 20867.0
664 20867.0
665 20867.0
666 20867.0
667 20867.0
668 20867.0
669 20867.0
670 20867.0
671 20867.0
672 20867.0
673 20867.0
674 20867.0
675 20867.0
676 20867.0
677 20867.0
678 20867.0
679 20867.0
680 20867.0
681 20867.0
682 20867.0
683 20867.0
684 20867.0
685 20867.0
686 20867.0
687 20867.0
688 20867.0
689 20867.0
690 20867.0
691 20867.0
692 20867.0
693 20867.0
694 20867.0
695 20867.0
696 20867.0
697 20867.0
698 20867.0
699 20867.0
700 20867.0
701 20867.0
702 20867.0
703 20867.0
704 20867.0
705 20867.0
706 20867.0
707 20867.0
708 20867.0
709 20867.0
710 20867.0
711 20867.0
712 20867.0
713 20867.0
714 20867.0
715 20867.0
716 20867.0
717 20867.0
718 20867.0
719 20867.0
720 20867.0
721 20867.0
722 20867.0
723 20867.0
724 20867.0
725 20867.0
726 20867.0
727 20867.0
728 20867.0
729 20867.0
730 20867.0
731 20867.0
732 20867.0
733 20867.0
734 20867.0
735 20867.0
736 20867.0
737 20867.0
738 20867.0
739 20867.0
740 20867.0
741 20867.0
742 20867.0
743 20867.0
744 20867.0
745 20867.0
746 20867.0
747 20867.0
748 20867.0
749 20867.0
750 20867.0
751 20867.0
752 20867.0
753 20867.0
754 20867.0
755 20867.0
756 20867.0
757 20867.0
758 20867.0
759 20867.0
760 20867.0
761 20867.0
762 20867.0
763 20867.0
764 20867.0
765 20867.0
766 20867.0
767 20867.0
768 20867.0
769 20867.0
770 20867.0
771 20867.0
772 20867.0
773 20867.0
774 20867.0
775 20867.0
776 20867.0
777 20867.0
778 20867.0
779 20867.0
780 20867.0
781 20867.0
782 20867.0
783 20867.0
784 20867.0
785 20867.0
786 20867.0
787 20867.0
788 20867.0
789 20867.0
790 20867.0
791 20867.0
792 20867.0
793 20867.0
794 20867.0
795 20867.0
796 20867.0
797 20867.0
798 20867.0
799 20867.0
800 20867.0
801 20867.0
802 20867.0
803 20867.0
804 20867.0
805 20867.0
806 20867.0
807 20867.0
808 20867.0
809 20867.0
810 20867.0
811 20867.0
812 20867.0
813 20867.0
814 20867.0
815 20867.0
816 20867.0
817 20867.0
818 20867.0
819 20867.0
820 20867.0
821 20867.0
822 20867.0
823 20867.0
824 20867.0
825 20867.0
826 20867.0
827 20867.0
828 20867.0
829 20867.0
830 20867.0
831 20867.0
832 20867.0
833 20867.0
834 20867.0
835 20867.0
836 20867.0
837 20867.0
838 20867.0
839 20867.0
840 20867.0
841 20867.0
842 20867.0
843 20867.0
844 20867.0
845 20867.0
846 20867.0
847 20867.0
848 20867.0
849 20867.0
850 20867.0
851 20867.0
852 20867.0
853 20867.0
854 20867.0
855 20867.0
856 20867.0
857 20867.0
858 20867.0
859 20867.0
860 20867.0
861 20867.0
862 20867.0
863 20867.0
864 20867.0
865 20867.0
866 20867.0
867 20867.0
868 20867.0
869 20867.0
870 20867.0
871 20867.0
872 20867.0
873 20867.0
874 20867.0
875 20867.0
876 20867.0
877 20867.0
878 20867.0
879 20867.0
880 20867.0
881 20867.0
882 20867.0
883 20867.0
884 20867.0
885 20867.0
886 20867.0
887 20867.0
888 20867.0
889 20867.0
890 20867.0
891 20867.0
892 20867.0
893 20867.0
894 20867.0
895 20867.0
896 20867.0
897 20867.0
898 20867.0
899 20867.0
900 20867.0
901 20867.0
902 20867.0
903 20867.0
904 20867.0
905 20867.0
906 20867.0
907 20867.0
908 20867.0
909 20867.0
910 20867.0
911 20867.0
912 20867.0
913 20867.0
914 20867.0
915 20867.0
916 20867.0
917 20867.0
918 20867.0
919 20867.0
920 20867.0
921 20867.0
922 20867.0
923 20867.0
924 20867.0
925 20867.0
926 20867.0
927 20867.0
928 20867.0
929 20867.0
930 20867.0
931 20867.0
932 20867.0
933 20867.0
934 20867.0
935 20867.0
936 20867.0
937 20867.0
938 20867.0
939 20867.0
940 20867.0
941 20867.0
942 20867.0
943 20867.0
944 20867.0
945 20867.0
946 20867.0
947 20867.0
948 20867.0
949 20867.0
950 20867.0
951 20867.0
952 20867.0
953 20867.0
954 20867.0
955 20867.0
956 20867.0
957 20867.0
958 20867.0
959 20867.0
960 20867.0
961 20867.0
962 20867.0
963 20867.0
964 20867.0
965 20867.0
966 20867.0
967 20867.0
968 20867.0
969 20867.0
970 20867.0
971 20867.0
972 20867.0
973 20867.0
974 20867.0
975 20867.0
976 20867.0
977 20867.0
978 20867.0
979 20867.0
980 20867.0
981 20867.0
982 20867.0
983 20867.0
984 20867.0
985 20867.0
986 20867.0
987 20867.0
988 20867.0
989 20867.0
990 20867.0
991 20867.0
992 20867.0
993 20867.0
994 20867.0
995 20867.0
996 20867.0
997 20867.0
998 20867.0
999 20867.0
1000 20867.0
