0 6797.0
1 7472.0
2 7953.0
3 8903.0
4 9191.0
5 10157.0
6 10157.0
7 11326.0
8 11351.0
9 11748.0
10 12860.0
11 13322.0
12 13643.0
13 13430.0
14 13473.0
15 14237.0
16 14923.0
17 14923.0
18 14893.0
19 14893.0
20 15702.0
21 15403.0
22 16220.0
23 16068.0
24 16036.0
25 16556.0
26 17067.0
27 17139.0
28 16863.0
29 17042.0
30 17339.0
31 17827.0
32 17801.0
33 17678.0
34 17678.0
35 17954.0
36 17718.0
37 17871.0
38 18136.0
39 18275.0
40 18332.0
41 18136.0
42 18191.0
43 18493.0
44 18652.0
45 18652.0
46 18945.0
47 18946.0
48 18945.0
49 18945.0
50 18839.0
51 18942.0
52 19018.0
53 19048.0
54 19121.0
55 19132.0
56 19013.0
57 19117.0
58 19496.0
59 19496.0
60 19409.0
61 19409.0
62 19409.0
63 19586.0
64 19299.0
65 19299.0
66 19368.0
67 19289.0
68 19439.0
69 19445.0
70 19969.0
71 19574.0
72 19398.0
73 19588.0
74 19792.0
75 19792.0
76 19638.0
77 19764.0
78 19893.0
79 19775.0
80 19660.0
81 20166.0
82 20166.0
83 19924.0
84 20007.0
85 20077.0
86 20041.0
87 20041.0
88 20221.0
89 20221.0
90 20407.0
91 20407.0
92 20407.0
93 20407.0
94 20407.0
95 20314.0
96 20314.0
97 20314.0
98 20489.0
99 20484.0
100 20484.0
101 20421.0
102 20444.0
103 20512.0
104 20556.0
105 20727.0
106 20701.0
107 20662.0
108 20814.0
109 20814.0
110 20819.0
111 20830.0
112 20819.0
113 20832.0
114 20892.0
115 20894.0
116 20953.0
117 20953.0
118 20992.0
119 20992.0
120 20978.0
121 21029.0
122 21029.0
123 21056.0
124 21082.0
125 21056.0
126 21057.0
127 21056.0
128 21056.0
129 21085.0
130 21088.0
131 21088.0
132 21088.0
133 21088.0
134 21088.0
135 21065.0
136 21065.0
137 21065.0
138 21065.0
139 21046.0
140 21046.0
141 21046.0
142 21027.0
143 21027.0
144 21027.0
145 21027.0
146 21027.0
147 21027.0
148 21029.0
149 21029.0
150 21029.0
151 21029.0
152 21029.0
153 21029.0
154 21029.0
155 21029.0
156 21029.0
157 21029.0
158 21029.0
159 21029.0
160 21029.0
161 21029.0
162 21029.0
163 21029.0
164 21029.0
165 21029.0
166 21029.0
167 21029.0
168 21029.0
169 21029.0
170 21029.0
171 21029.0
172 21029.0
173 21029.0
174 21029.0
175 21029.0
176 21029.0
177 21029.0
178 21029.0
179 21029.0
180 21029.0
181 21029.0
182 21029.0
183 21029.0
184 21029.0
185 21029.0
186 21029.0
187 21029.0
188 21029.0
189 21029.0
190 21029.0
191 21029.0
192 21029.0
193 21029.0
194 21029.0
195 21029.0
196 21029.0
197 21029.0
198 21029.0
199 21029.0
200 21029.0
201 21029.0
202 21029.0
203 21029.0
204 21029.0
205 21029.0
206 21029.0
207 21029.0
208 21029.0
209 21029.0
210 21029.0
211 21029.0
212 21029.0
213 21029.0
214 21029.0
215 21029.0
216 21029.0
217 21029.0
218 21029.0
219 21029.0
220 21029.0
221 21029.0
222 21029.0
223 21029.0
224 21029.0
225 21029.0
226 21029.0
227 21029.0
228 21029.0
229 21029.0
230 21029.0
231 21029.0
232 21029.0
233 21029.0
234 21029.0
235 21029.0
236 21029.0
237 21029.0
238 21029.0
239 21029.0
240 21029.0
241 21029.0
242 21029.0
243 21029.0
244 21029.0
245 21029.0
246 21029.0
247 21029.0
248 21029.0
249 21029.0
250 21029.0
251 21029.0
252 21029.0
253 21029.0
254 21029.0
255 21029.0
256 21029.0
257 21029.0
258 21029.0
259 21029.0
260 21029.0
261 21029.0
262 21029.0
263 21029.0
264 21029.0
265 21029.0
266 21029.0
267 21029.0
268 21029.0
269 21029.0
270 21029.0
271 21029.0
272 21029.0
273 21029.0
274 21029.0
275 21029.0
276 21029.0
277 21029.0
278 21029.0
279 21029.0
280 21029.0
281 21029.0
282 21029.0
283 21029.0
284 21029.0
285 21029.0
286 21029.0
287 21029.0
288 21029.0
289 21029.0
290 21029.0
291 21029.0
292 21029.0
293 21029.0
294 21029.0
295 21029.0
296 21029.0
297 21029.0
298 21029.0
299 21029.0
300 21029.0
301 21029.0
302 21029.0
303 21029.0
304 21029.0
305 21029.0
306 21029.0
307 21029.0
308 21029.0
309 21029.0
310 21029.0
311 21029.0
312 21029.0
313 21029.0
314 21029.0
315 21029.0
316 21029.0
317 21029.0
318 21029.0
319 21029.0
320 21029.0
321 21029.0
322 21029.0
323 21029.0
324 21029.0
325 21029.0
326 21029.0
327 21029.0
328 21029.0
329 21029.0
330 21029.0
331 21029.0
332 21029.0
333 21029.0
334 21029.0
335 21029.0
336 21029.0
337 21029.0
338 21029.0
339 21029.0
340 21029.0
341 21029.0
342 21029.0
343 21029.0
344 21029.0
345 21029.0
346 21029.0
347 21029.0
348 21029.0
349 21029.0
350 21029.0
351 21029.0
352 21029.0
353 21029.0
354 21029.0
355 21029.0
356 21029.0
357 21029.0
358 21029.0
359 21029.0
360 21029.0
361 21029.0
362 21029.0
363 21029.0
364 21029.0
365 21029.0
366 21029.0
367 21029.0
368 21029.0
369 21029.0
370 21029.0
371 21029.0
372 21029.0
373 21029.0
374 21029.0
375 21029.0
376 21029.0
377 21029.0
378 21029.0
379 21029.0
380 21029.0
381 21029.0
382 21029.0
383 21029.0
384 21029.0
385 21029.0
386 21029.0
387 21029.0
388 21029.0
389 21029.0
390 21029.0
391 21029.0
392 21029.0
393 21029.0
394 21029.0
395 21029.0
396 21029.0
397 21029.0
398 21029.0
399 21029.0
400 21029.0
401 21029.0
402 21029.0
403 21029.0
404 21029.0
405 21029.0
406 21029.0
407 21029.0
408 21029.0
409 21029.0
410 21029.0
411 21029.0
412 21029.0
413 21029.0
414 21029.0
415 21029.0
416 21029.0
417 21029.0
418 21029.0
419 21029.0
420 21029.0
421 21029.0
422 21029.0
423 21029.0
424 21029.0
425 21029.0
426 21029.0
427 21029.0
428 21029.0
429 21029.0
430 21029.0
431 21029.0
432 21029.0
433 21029.0
434 21029.0
435 21029.0
436 21029.0
437 21029.0
438 21029.0
439 21029.0
440 21029.0
441 21029.0
442 21029.0
443 21029.0
444 21029.0
445 21029.0
446 21029.0
447 21029.0
448 21029.0
449 21029.0
450 21029.0
451 21029.0
452 21029.0
453 21029.0
454 21029.0
455 21029.0
456 21029.0
457 21029.0
458 21029.0
459 21029.0
460 21029.0
461 21029.0
462 21029.0
463 21029.0
464 21029.0
465 21029.0
466 21029.0
467 21029.0
468 21029.0
469 21029.0
470 21029.0
471 21029.0
472 21029.0
473 21029.0
474 21029.0
475 21029.0
476 21029.0
477 21029.0
478 21029.0
479 21029.0
480 21029.0
481 21029.0
482 21029.0
483 21029.0
484 21029.0
485 21029.0
486 21029.0
487 21029.0
488 21029.0
489 21029.0
490 21029.0
491 21029.0
492 21029.0
493 21029.0
494 21029.0
495 21029.0
496 21029.0
497 21029.0
498 21029.0
499 21029.0
500 21029.0
501 21029.0
502 21029.0
503 21029.0
504 21029.0
505 21029.0
506 21029.0
507 21029.0
508 21029.0
509 21029.0
510 21029.0
511 21029.0
512 21029.0
513 21029.0
514 21029.0
515 21029.0
516 21029.0
517 21029.0
518 21029.0
519 21029.0
520 21029.0
521 21029.0
522 21029.0
523 21029.0
524 21029.0
525 21029.0
526 21029.0
527 21029.0
528 21029.0
529 21029.0
530 21029.0
531 21029.0
532 21029.0
533 21029.0
534 21029.0
535 21029.0
536 21029.0
537 21029.0
538 21029.0
539 21029.0
540 21029.0
541 21029.0
542 21029.0
543 21029.0
544 21029.0
545 21029.0
546 21029.0
547 21029.0
548 21029.0
549 21029.0
550 21029.0
551 21029.0
552 21029.0
553 21029.0
554 21029.0
555 21029.0
556 21029.0
557 21029.0
558 21029.0
559 21029.0
560 21029.0
561 21029.0
562 21029.0
563 21029.0
564 21029.0
565 21029.0
566 21029.0
567 21029.0
568 21029.0
569 21029.0
570 21029.0
571 21029.0
572 21029.0
573 21029.0
574 21029.0
575 21029.0
576 21029.0
577 21029.0
578 21029.0
579 21029.0
580 21029.0
581 21029.0
582 21029.0
583 21029.0
584 21029.0
585 21029.0
586 21029.0
587 21029.0
588 21029.0
589 21029.0
590 21029.0
591 21029.0
592 21029.0
593 21029.0
594 21029.0
595 21029.0
596 21029.0
597 21029.0
598 21029.0
599 21029.0
600 21029.0
601 21029.0
602 21029.0
603 21029.0
604 21029.0
605 21029.0
606 21029.0
607 21029.0
608 21029.0
609 21029.0
610 21029.0
611 21029.0
612 21029.0
613 21029.0
614 21029.0
615 21029.0
616 21029.0
617 21029.0
618 21029.0
619 21029.0
620 21029.0
621 21029.0
622 21029.0
623 21029.0
624 21029.0
625 21029.0
626 21029.0
627 21029.0
628 21029.0
629 21029.0
630 21029.0
631 21029.0
632 21029.0
633 21029.0
634 21029.0
635 21029.0
636 21029.0
637 21029.0
638 21029.0
639 21029.0
640 21029.0
641 21029.0
642 21029.0
643 21029.0
644 21029.0
645 21029.0
646 21029.0
647 21029.0
648 21029.0
649 21029.0
650 21029.0
651 21029.0
652 21029.0
653 21029.0
654 21029.0
655 21029.0
656 21029.0
657 21029.0
658 21029.0
659 21029.0
660 21029.0
661 21029.0
662 21029.0
663 21029.0
664 21029.0
665 21029.0
666 21029.0
667 21029.0
668 21029.0
669 21029.0
670 21029.0
671 21029.0
672 21029.0
673 21029.0
674 21029.0
675 21029.0
676 21029.0
677 21029.0
678 21029.0
679 21029.0
680 21029.0
681 21029.0
682 21029.0
683 21029.0
684 21029.0
685 21029.0
686 21029.0
687 21029.0
688 21029.0
689 21029.0
690 21029.0
691 21029.0
692 21029.0
693 21029.0
694 21029.0
695 21029.0
696 21029.0
697 21029.0
698 21029.0
699 21029.0
700 21029.0
701 21029.0
702 21029.0
703 21029.0
704 21029.0
705 21029.0
706 21029.0
707 21029.0
708 21029.0
709 21029.0
710 21029.0
711 21029.0
712 21029.0
713 21029.0
714 21029.0
715 21029.0
716 21029.0
717 21029.0
718 21029.0
719 21029.0
720 21029.0
721 21029.0
722 21029.0
723 21029.0
724 21029.0
725 21029.0
726 21029.0
727 21029.0
728 21029.0
729 21029.0
730 21029.0
731 21029.0
732 21029.0
733 21029.0
734 21029.0
735 21029.0
736 21029.0
737 21029.0
738 21029.0
739 21029.0
740 21029.0
741 21029.0
742 21029.0
743 21029.0
744 21029.0
745 21029.0
746 21029.0
747 21029.0
748 21029.0
749 21029.0
750 21029.0
751 21029.0
752 21029.0
753 21029.0
754 21029.0
755 21029.0
756 21029.0
757 21029.0
758 21029.0
759 21029.0
760 21029.0
761 21029.0
762 21029.0
763 21029.0
764 21029.0
765 21029.0
766 21029.0
767 21029.0
768 21029.0
769 21029.0
770 21029.0
771 21029.0
772 21029.0
773 21029.0
774 21029.0
775 21029.0
776 21029.0
777 21029.0
778 21029.0
779 21029.0
780 21029.0
781 21029.0
782 21029.0
783 21029.0
784 21029.0
785 21029.0
786 21029.0
787 21029.0
788 21029.0
789 21029.0
790 21029.0
791 21029.0
792 21029.0
793 21029.0
794 21029.0
795 21029.0
796 21029.0
797 21029.0
798 21029.0
799 21029.0
800 21029.0
801 21029.0
802 21029.0
803 21029.0
804 21029.0
805 21029.0
806 21029.0
807 21029.0
808 21029.0
809 21029.0
810 21029.0
811 21029.0
812 21029.0
813 21029.0
814 21029.0
815 21029.0
816 21029.0
817 21029.0
818 21029.0
819 21029.0
820 21029.0
821 21029.0
822 21029.0
823 21029.0
824 21029.0
825 21029.0
826 21029.0
827 21029.0
828 21029.0
829 21029.0
830 21029.0
831 21029.0
832 21029.0
833 21029.0
834 21029.0
835 21029.0
836 21029.0
837 21029.0
838 21029.0
839 21029.0
840 21029.0
841 21029.0
842 21029.0
843 21029.0
844 21029.0
845 21029.0
846 21029.0
847 21029.0
848 21029.0
849 21029.0
850 21029.0
851 21029.0
852 21029.0
853 21029.0
854 21029.0
855 21029.0
856 21029.0
857 21029.0
858 21029.0
859 21029.0
860 21029.0
861 21029.0
862 21029.0
863 21029.0
864 21029.0
865 21029.0
866 21029.0
867 21029.0
868 21029.0
869 21029.0
870 21029.0
871 21029.0
872 21029.0
873 21029.0
874 21029.0
875 21029.0
876 21029.0
877 21029.0
878 21029.0
879 21029.0
880 21029.0
881 21029.0
882 21029.0
883 21029.0
884 21029.0
885 21029.0
886 21029.0
887 21029.0
888 21029.0
889 21029.0
890 21029.0
891 21029.0
892 21029.0
893 21029.0
894 21029.0
895 21029.0
896 21029.0
897 21029.0
898 21029.0
899 21029.0
900 21029.0
901 21029.0
902 21029.0
903 21029.0
904 21029.0
905 21029.0
906 21029.0
907 21029.0
908 21029.0
909 21029.0
910 21029.0
911 21029.0
912 21029.0
913 21029.0
914 21029.0
915 21029.0
916 21029.0
917 21029.0
918 21029.0
919 21029.0
920 21029.0
921 21029.0
922 21029.0
923 21029.0
924 21029.0
925 21029.0
926 21029.0
927 21029.0
928 21029.0
929 21029.0
930 21029.0
931 21029.0
932 21029.0
933 21029.0
934 21029.0
935 21029.0
936 21029.0
937 21029.0
938 21029.0
939 21029.0
940 21029.0
941 21029.0
942 21029.0
943 21029.0
944 21029.0
945 21029.0
946 21029.0
947 21029.0
948 21029.0
949 21029.0
950 21029.0
951 21029.0
952 21029.0
953 21029.0
954 21029.0
955 21029.0
956 21029.0
957 21029.0
958 21029.0
959 21029.0
960 21029.0
961 21029.0
962 21029.0
963 21029.0
964 21029.0
965 21029.0
966 21029.0
967 21029.0
968 21029.0
969 21029.0
970 21029.0
971 21029.0
972 21029.0
973 21029.0
974 21029.0
975 21029.0
976 21029.0
977 21029.0
978 21029.0
979 21029.0
980 21029.0
981 21029.0
982 21029.0
983 21029.0
984 21029.0
985 21029.0
986 21029.0
987 21029.0
988 21029.0
989 21029.0
990 21029.0
991 21029.0
992 21029.0
993 21029.0
994 21029.0
995 21029.0
996 21029.0
997 21029.0
998 21029.0
999 21029.0
1000 21029.0
