0 7204.0
1 7434.0
2 8097.0
3 8571.0
4 9374.0
5 9855.0
6 10419.0
7 10510.0
8 11368.0
9 11425.0
10 11983.0
11 12590.0
12 13344.0
13 12850.0
14 13866.0
15 14040.0
16 14580.0
17 14613.0
18 14811.0
19 15322.0
20 15322.0
21 15524.0
22 16222.0
23 16087.0
24 16312.0
25 16589.0
26 16589.0
27 17118.0
28 17118.0
29 17068.0
30 17167.0
31 17167.0
32 17270.0
33 17526.0
34 17904.0
35 17904.0
36 17904.0
37 17904.0
38 17902.0
39 18367.0
40 18367.0
41 18058.0
42 18013.0
43 18375.0
44 18963.0
45 18963.0
46 18608.0
47 18276.0
48 18424.0
49 18451.0
50 19126.0
51 19126.0
52 18642.0
53 18725.0
54 18708.0
55 18789.0
56 18826.0
57 19068.0
58 18909.0
59 19361.0
60 19361.0
61 19093.0
62 19093.0
63 18945.0
64 18919.0
65 19014.0
66 19159.0
67 19159.0
68 19380.0
69 19159.0
70 19159.0
71 19159.0
72 19238.0
73 19407.0
74 19407.0
75 19507.0
76 19507.0
77 19786.0
78 19769.0
79 19468.0
80 19528.0
81 19718.0
82 19718.0
83 20084.0
84 19748.0
85 19883.0
86 19648.0
87 19663.0
88 20002.0
89 20002.0
90 20002.0
91 20134.0
92 20139.0
93 20134.0
94 20134.0
95 20134.0
96 20329.0
97 20351.0
98 20351.0
99 20577.0
100 20577.0
101 20577.0
102 20577.0
103 20577.0
104 20577.0
105 20551.0
106 20586.0
107 20515.0
108 20639.0
109 20552.0
110 20708.0
111 20708.0
112 20717.0
113 20869.0
114 20754.0
115 20796.0
116 20882.0
117 20882.0
118 20882.0
119 20873.0
120 20909.0
121 20909.0
122 20935.0
123 20949.0
124 20964.0
125 20964.0
126 20981.0
127 20974.0
128 21017.0
129 21037.0
130 21061.0
131 21061.0
132 21055.0
133 21055.0
134 21055.0
135 21059.0
136 21092.0
137 21092.0
138 21125.0
139 21125.0
140 21102.0
141 21118.0
142 21107.0
143 21107.0
144 21107.0
145 21107.0
146 21107.0
147 21107.0
148 21107.0
149 21107.0
150 21107.0
151 21107.0
152 21107.0
153 21107.0
154 21107.0
155 21098.0
156 21098.0
157 21098.0
158 21098.0
159 21098.0
160 21098.0
161 21098.0
162 21098.0
163 21098.0
164 21098.0
165 21098.0
166 21098.0
167 21098.0
168 21098.0
169 21098.0
170 21098.0
171 21098.0
172 21098.0
173 21098.0
174 21098.0
175 21098.0
176 21098.0
177 21098.0
178 21098.0
179 21098.0
180 21098.0
181 21098.0
182 21098.0
183 21098.0
184 21098.0
185 21098.0
186 21098.0
187 21098.0
188 21098.0
189 21098.0
190 21098.0
191 21098.0
192 21098.0
193 21098.0
194 21098.0
195 21098.0
196 21098.0
197 21098.0
198 21098.0
199 21098.0
200 21098.0
201 21098.0
202 21098.0
203 21098.0
204 21098.0
205 21098.0
206 21098.0
207 21098.0
208 21098.0
209 21098.0
210 21098.0
211 21098.0
212 21098.0
213 21098.0
214 21098.0
215 21098.0
216 21098.0
217 21098.0
218 21098.0
219 21098.0
220 21098.0
221 21098.0
222 21098.0
223 21098.0
224 21098.0
225 21098.0
226 21098.0
227 21098.0
228 21098.0
229 21098.0
230 21098.0
231 21098.0
232 21098.0
233 21098.0
234 21098.0
235 21098.0
236 21098.0
237 21098.0
238 21098.0
239 21098.0
240 21098.0
241 21098.0
242 21098.0
243 21098.0
244 21098.0
245 21098.0
246 21098.0
247 21098.0
248 21098.0
249 21098.0
250 21098.0
251 21098.0
252 21098.0
253 21098.0
254 21098.0
255 21098.0
256 21098.0
257 21098.0
258 21098.0
259 21098.0
260 21098.0
261 21098.0
262 21098.0
263 21098.0
264 21098.0
265 21098.0
266 21098.0
267 21098.0
268 21098.0
269 21098.0
270 21098.0
271 21098.0
272 21098.0
273 21098.0
274 21098.0
275 21098.0
276 21098.0
277 21098.0
278 21098.0
279 21098.0
280 21098.0
281 21098.0
282 21098.0
283 21098.0
284 21098.0
285 21098.0
286 21098.0
287 21098.0
288 21098.0
289 21098.0
290 21098.0
291 21098.0
292 21098.0
293 21098.0
294 21098.0
295 21098.0
296 21098.0
297 21098.0
298 21098.0
299 21098.0
300 21098.0
301 21098.0
302 21098.0
303 21098.0
304 21098.0
305 21098.0
306 21098.0
307 21098.0
308 21098.0
309 21098.0
310 21098.0
311 21098.0
312 21098.0
313 21098.0
314 21098.0
315 21098.0
316 21098.0
317 21098.0
318 21098.0
319 21098.0
320 21098.0
321 21098.0
322 21098.0
323 21098.0
324 21098.0
325 21098.0
326 21098.0
327 21098.0
328 21098.0
329 21098.0
330 21098.0
331 21098.0
332 21098.0
333 21098.0
334 21098.0
335 21098.0
336 21098.0
337 21098.0
338 21098.0
339 21098.0
340 21098.0
341 21098.0
342 21098.0
343 21098.0
344 21098.0
345 21098.0
346 21098.0
347 21098.0
348 21098.0
349 21098.0
350 21098.0
351 21098.0
352 21098.0
353 21098.0
354 21098.0
355 21098.0
356 21098.0
357 21098.0
358 21098.0
359 21098.0
360 21098.0
361 21098.0
362 21098.0
363 21098.0
364 21098.0
365 21098.0
366 21098.0
367 21098.0
368 21098.0
369 21098.0
370 21098.0
371 21098.0
372 21098.0
373 21098.0
374 21098.0
375 21098.0
376 21098.0
377 21098.0
378 21098.0
379 21098.0
380 21098.0
381 21098.0
382 21098.0
383 21098.0
384 21098.0
385 21098.0
386 21098.0
387 21098.0
388 21098.0
389 21098.0
390 21098.0
391 21098.0
392 21098.0
393 21098.0
394 21098.0
395 21098.0
396 21098.0
397 21098.0
398 21098.0
399 21098.0
400 21098.0
401 21098.0
402 21098.0
403 21098.0
404 21098.0
405 21098.0
406 21098.0
407 21098.0
408 21098.0
409 21098.0
410 21098.0
411 21098.0
412 21112.0
413 21126.0
414 21126.0
415 21098.0
416 21098.0
417 21098.0
418 21098.0
419 21098.0
420 21098.0
421 21098.0
422 21098.0
423 21098.0
424 21098.0
425 21098.0
426 21098.0
427 21098.0
428 21098.0
429 21098.0
430 21098.0
431 21098.0
432 21098.0
433 21098.0
434 21098.0
435 21098.0
436 21098.0
437 21098.0
438 21098.0
439 21098.0
440 21098.0
441 21098.0
442 21098.0
443 21098.0
444 21098.0
445 21098.0
446 21098.0
447 21098.0
448 21098.0
449 21098.0
450 21098.0
451 21098.0
452 21098.0
453 21098.0
454 21098.0
455 21098.0
456 21098.0
457 21098.0
458 21098.0
459 21098.0
460 21098.0
461 21098.0
462 21098.0
463 21098.0
464 21098.0
465 21098.0
466 21098.0
467 21098.0
468 21098.0
469 21098.0
470 21098.0
471 21098.0
472 21098.0
473 21098.0
474 21098.0
475 21098.0
476 21098.0
477 21098.0
478 21098.0
479 21098.0
480 21098.0
481 21098.0
482 21098.0
483 21098.0
484 21098.0
485 21098.0
486 21098.0
487 21098.0
488 21098.0
489 21098.0
490 21098.0
491 21098.0
492 21098.0
493 21098.0
494 21098.0
495 21098.0
496 21098.0
497 21098.0
498 21098.0
499 21098.0
500 21098.0
501 21098.0
502 21098.0
503 21098.0
504 21098.0
505 21098.0
506 21098.0
507 21098.0
508 21098.0
509 21098.0
510 21098.0
511 21098.0
512 21098.0
513 21098.0
514 21098.0
515 21098.0
516 21098.0
517 21098.0
518 21098.0
519 21098.0
520 21098.0
521 21098.0
522 21098.0
523 21122.0
524 21122.0
525 21122.0
526 21127.0
527 21122.0
528 21098.0
529 21098.0
530 21098.0
531 21098.0
532 21098.0
533 21098.0
534 21098.0
535 21098.0
536 21098.0
537 21098.0
538 21098.0
539 21098.0
540 21098.0
541 21098.0
542 21098.0
543 21098.0
544 21098.0
545 21098.0
546 21098.0
547 21098.0
548 21098.0
549 21098.0
550 21098.0
551 21098.0
552 21098.0
553 21098.0
554 21098.0
555 21098.0
556 21098.0
557 21098.0
558 21098.0
559 21098.0
560 21098.0
561 21098.0
562 21098.0
563 21098.0
564 21098.0
565 21098.0
566 21098.0
567 21098.0
568 21098.0
569 21098.0
570 21098.0
571 21098.0
572 21098.0
573 21098.0
574 21098.0
575 21098.0
576 21127.0
577 21098.0
578 21098.0
579 21098.0
580 21098.0
581 21098.0
582 21098.0
583 21098.0
584 21098.0
585 21098.0
586 21098.0
587 21098.0
588 21098.0
589 21098.0
590 21098.0
591 21098.0
592 21098.0
593 21098.0
594 21098.0
595 21098.0
596 21098.0
597 21098.0
598 21098.0
599 21098.0
600 21098.0
601 21098.0
602 21098.0
603 21098.0
604 21098.0
605 21098.0
606 21098.0
607 21098.0
608 21098.0
609 21098.0
610 21098.0
611 21098.0
612 21098.0
613 21098.0
614 21098.0
615 21098.0
616 21098.0
617 21098.0
618 21109.0
619 21109.0
620 21098.0
621 21098.0
622 21098.0
623 21098.0
624 21098.0
625 21098.0
626 21098.0
627 21098.0
628 21098.0
629 21098.0
630 21098.0
631 21098.0
632 21098.0
633 21098.0
634 21098.0
635 21098.0
636 21098.0
637 21098.0
638 21098.0
639 21098.0
640 21098.0
641 21098.0
642 21098.0
643 21098.0
644 21098.0
645 21098.0
646 21098.0
647 21098.0
648 21098.0
649 21098.0
650 21098.0
651 21098.0
652 21098.0
653 21098.0
654 21098.0
655 21098.0
656 21098.0
657 21098.0
658 21098.0
659 21098.0
660 21098.0
661 21098.0
662 21098.0
663 21098.0
664 21098.0
665 21098.0
666 21098.0
667 21098.0
668 21098.0
669 21098.0
670 21098.0
671 21098.0
672 21098.0
673 21098.0
674 21098.0
675 21098.0
676 21098.0
677 21098.0
678 21098.0
679 21098.0
680 21098.0
681 21098.0
682 21120.0
683 21134.0
684 21134.0
685 21134.0
686 21098.0
687 21098.0
688 21098.0
689 21098.0
690 21098.0
691 21098.0
692 21098.0
693 21098.0
694 21098.0
695 21098.0
696 21098.0
697 21098.0
698 21098.0
699 21098.0
700 21098.0
701 21098.0
702 21098.0
703 21098.0
704 21098.0
705 21098.0
706 21098.0
707 21098.0
708 21098.0
709 21098.0
710 21098.0
711 21098.0
712 21098.0
713 21098.0
714 21098.0
715 21098.0
716 21098.0
717 21098.0
718 21098.0
719 21098.0
720 21098.0
721 21098.0
722 21098.0
723 21098.0
724 21098.0
725 21098.0
726 21098.0
727 21098.0
728 21098.0
729 21098.0
730 21098.0
731 21098.0
732 21098.0
733 21098.0
734 21098.0
735 21098.0
736 21098.0
737 21098.0
738 21098.0
739 21098.0
740 21098.0
741 21098.0
742 21098.0
743 21098.0
744 21098.0
745 21098.0
746 21098.0
747 21098.0
748 21098.0
749 21098.0
750 21098.0
751 21098.0
752 21098.0
753 21098.0
754 21098.0
755 21098.0
756 21098.0
757 21098.0
758 21098.0
759 21098.0
760 21098.0
761 21098.0
762 21098.0
763 21098.0
764 21098.0
765 21098.0
766 21098.0
767 21098.0
768 21098.0
769 21098.0
770 21098.0
771 21098.0
772 21098.0
773 21098.0
774 21098.0
775 21098.0
776 21098.0
777 21098.0
778 21098.0
779 21098.0
780 21098.0
781 21098.0
782 21098.0
783 21098.0
784 21098.0
785 21098.0
786 21098.0
787 21098.0
788 21098.0
789 21098.0
790 21098.0
791 21098.0
792 21098.0
793 21098.0
794 21098.0
795 21098.0
796 21098.0
797 21098.0
798 21098.0
799 21098.0
800 21098.0
801 21098.0
802 21098.0
803 21098.0
804 21098.0
805 21098.0
806 21098.0
807 21098.0
808 21098.0
809 21098.0
810 21098.0
811 21098.0
812 21098.0
813 21098.0
814 21098.0
815 21098.0
816 21098.0
817 21098.0
818 21098.0
819 21098.0
820 21098.0
821 21098.0
822 21098.0
823 21098.0
824 21098.0
825 21098.0
826 21098.0
827 21098.0
828 21098.0
829 21098.0
830 21098.0
831 21098.0
832 21098.0
833 21098.0
834 21098.0
835 21098.0
836 21098.0
837 21098.0
838 21098.0
839 21098.0
840 21098.0
841 21098.0
842 21098.0
843 21098.0
844 21098.0
845 21098.0
846 21098.0
847 21098.0
848 21098.0
849 21098.0
850 21098.0
851 21098.0
852 21098.0
853 21098.0
854 21098.0
855 21098.0
856 21098.0
857 21098.0
858 21098.0
859 21098.0
860 21098.0
861 21098.0
862 21098.0
863 21098.0
864 21098.0
865 21098.0
866 21098.0
867 21098.0
868 21098.0
869 21098.0
870 21098.0
871 21098.0
872 21098.0
873 21098.0
874 21098.0
875 21098.0
876 21098.0
877 21098.0
878 21098.0
879 21098.0
880 21098.0
881 21098.0
882 21098.0
883 21098.0
884 21098.0
885 21098.0
886 21098.0
887 21098.0
888 21098.0
889 21098.0
890 21098.0
891 21098.0
892 21098.0
893 21098.0
894 21098.0
895 21098.0
896 21098.0
897 21098.0
898 21098.0
899 21098.0
900 21098.0
901 21098.0
902 21098.0
903 21098.0
904 21098.0
905 21098.0
906 21098.0
907 21098.0
908 21098.0
909 21098.0
910 21098.0
911 21098.0
912 21098.0
913 21098.0
914 21098.0
915 21098.0
916 21098.0
917 21098.0
918 21098.0
919 21098.0
920 21098.0
921 21098.0
922 21098.0
923 21098.0
924 21098.0
925 21098.0
926 21098.0
927 21098.0
928 21098.0
929 21098.0
930 21098.0
931 21098.0
932 21098.0
933 21098.0
934 21098.0
935 21098.0
936 21098.0
937 21098.0
938 21098.0
939 21098.0
940 21098.0
941 21098.0
942 21098.0
943 21098.0
944 21098.0
945 21098.0
946 21098.0
947 21098.0
948 21098.0
949 21098.0
950 21098.0
951 21098.0
952 21098.0
953 21098.0
954 21098.0
955 21098.0
956 21098.0
957 21098.0
958 21098.0
959 21098.0
960 21098.0
961 21098.0
962 21098.0
963 21098.0
964 21098.0
965 21098.0
966 21098.0
967 21098.0
968 21098.0
969 21098.0
970 21098.0
971 21098.0
972 21098.0
973 21098.0
974 21098.0
975 21098.0
976 21098.0
977 21098.0
978 21098.0
979 21098.0
980 21098.0
981 21098.0
982 21098.0
983 21098.0
984 21098.0
985 21098.0
986 21098.0
987 21098.0
988 21098.0
989 21098.0
990 21098.0
991 21098.0
992 21098.0
993 21098.0
994 21098.0
995 21098.0
996 21098.0
997 21098.0
998 21098.0
999 21098.0
1000 21098.0
