0 7204.0
1 7535.0
2 8546.0
3 8330.0
4 9041.0
5 10207.0
6 10207.0
7 11221.0
8 11283.0
9 12053.0
10 12461.0
11 13217.0
12 12732.0
13 12775.0
14 13363.0
15 13803.0
16 13888.0
17 14541.0
18 14801.0
19 14917.0
20 15358.0
21 15055.0
22 15625.0
23 16227.0
24 16227.0
25 16705.0
26 16705.0
27 16959.0
28 16603.0
29 17022.0
30 17022.0
31 16875.0
32 17420.0
33 17228.0
34 17558.0
35 17558.0
36 17437.0
37 17820.0
38 18322.0
39 18322.0
40 18365.0
41 18365.0
42 18365.0
43 18365.0
44 18371.0
45 18386.0
46 18667.0
47 19173.0
48 19173.0
49 19173.0
50 19173.0
51 19173.0
52 19027.0
53 19289.0
54 19535.0
55 19289.0
56 19289.0
57 19289.0
58 19078.0
59 19388.0
60 19388.0
61 19562.0
62 19562.0
63 19087.0
64 19096.0
65 19657.0
66 19657.0
67 19657.0
68 19657.0
69 19358.0
70 19456.0
71 19313.0
72 19401.0
73 19331.0
74 19566.0
75 19815.0
76 19581.0
77 19581.0
78 19800.0
79 19800.0
80 19800.0
81 19757.0
82 19802.0
83 19908.0
84 19748.0
85 19775.0
86 19746.0
87 19802.0
88 19875.0
89 19875.0
90 19795.0
91 19795.0
92 19770.0
93 19845.0
94 19883.0
95 20112.0
96 20370.0
97 20370.0
98 20095.0
99 20250.0
100 20189.0
101 20391.0
102 20391.0
103 20382.0
104 20539.0
105 20539.0
106 20559.0
107 20559.0
108 20559.0
109 20598.0
110 20598.0
111 20589.0
112 20566.0
113 20645.0
114 20769.0
115 20769.0
116 20678.0
117 20764.0
118 20820.0
119 20828.0
120 20878.0
121 20878.0
122 20887.0
123 20985.0
124 20985.0
125 20985.0
126 20999.0
127 21019.0
128 21018.0
129 21027.0
130 21018.0
131 21032.0
132 21028.0
133 21039.0
134 21039.0
135 21039.0
136 21045.0
137 21039.0
138 21067.0
139 21067.0
140 21067.0
141 21067.0
142 21063.0
143 21064.0
144 21067.0
145 21067.0
146 21067.0
147 21072.0
148 21080.0
149 21086.0
150 21090.0
151 21090.0
152 21090.0
153 21090.0
154 21067.0
155 21067.0
156 21067.0
157 21067.0
158 21067.0
159 21067.0
160 21067.0
161 21067.0
162 21067.0
163 21067.0
164 21067.0
165 21067.0
166 21067.0
167 21067.0
168 21067.0
169 21067.0
170 21067.0
171 21067.0
172 21067.0
173 21067.0
174 21067.0
175 21067.0
176 21067.0
177 21067.0
178 21067.0
179 21067.0
180 21067.0
181 21067.0
182 21067.0
183 21067.0
184 21068.0
185 21068.0
186 21068.0
187 21068.0
188 21068.0
189 21068.0
190 21068.0
191 21068.0
192 21068.0
193 21067.0
194 21067.0
195 21067.0
196 21067.0
197 21067.0
198 21067.0
199 21067.0
200 21067.0
201 21067.0
202 21067.0
203 21067.0
204 21067.0
205 21067.0
206 21067.0
207 21067.0
208 21067.0
209 21067.0
210 21067.0
211 21067.0
212 21067.0
213 21067.0
214 21067.0
215 21067.0
216 21067.0
217 21067.0
218 21067.0
219 21067.0
220 21067.0
221 21067.0
222 21067.0
223 21067.0
224 21067.0
225 21067.0
226 21067.0
227 21067.0
228 21067.0
229 21067.0
230 21067.0
231 21067.0
232 21067.0
233 21067.0
234 21067.0
235 21067.0
236 21067.0
237 21067.0
238 21067.0
239 21067.0
240 21067.0
241 21067.0
242 21067.0
243 21067.0
244 21067.0
245 21067.0
246 21067.0
247 21067.0
248 21067.0
249 21067.0
250 21067.0
251 21067.0
252 21067.0
253 21067.0
254 21067.0
255 21067.0
256 21067.0
257 21067.0
258 21067.0
259 21067.0
260 21067.0
261 21067.0
262 21067.0
263 21067.0
264 21067.0
265 21067.0
266 21067.0
267 21067.0
268 21067.0
269 21067.0
270 21067.0
271 21067.0
272 21067.0
273 21067.0
274 21067.0
275 21067.0
276 21067.0
277 21067.0
278 21067.0
279 21067.0
280 21067.0
281 21067.0
282 21067.0
283 21067.0
284 21067.0
285 21067.0
286 21067.0
287 21067.0
288 21067.0
289 21067.0
290 21067.0
291 21067.0
292 21067.0
293 21067.0
294 21067.0
295 21067.0
296 21067.0
297 21067.0
298 21067.0
299 21067.0
300 21067.0
301 21067.0
302 21067.0
303 21067.0
304 21067.0
305 21067.0
306 21067.0
307 21067.0
308 21067.0
309 21067.0
310 21067.0
311 21067.0
312 21067.0
313 21067.0
314 21067.0
315 21067.0
316 21067.0
317 21067.0
318 21067.0
319 21067.0
320 21067.0
321 21067.0
322 21067.0
323 21067.0
324 21067.0
325 21067.0
326 21067.0
327 21067.0
328 21067.0
329 21067.0
330 21067.0
331 21067.0
332 21067.0
333 21067.0
334 21067.0
335 21067.0
336 21067.0
337 21067.0
338 21067.0
339 21067.0
340 21067.0
341 21067.0
342 21067.0
343 21067.0
344 21067.0
345 21067.0
346 21067.0
347 21067.0
348 21067.0
349 21067.0
350 21067.0
351 21067.0
352 21067.0
353 21067.0
354 21067.0
355 21067.0
356 21067.0
357 21067.0
358 21067.0
359 21067.0
360 21067.0
361 21067.0
362 21067.0
363 21067.0
364 21067.0
365 21067.0
366 21067.0
367 21067.0
368 21067.0
369 21067.0
370 21067.0
371 21067.0
372 21067.0
373 21067.0
374 21067.0
375 21067.0
376 21067.0
377 21067.0
378 21067.0
379 21067.0
380 21067.0
381 21067.0
382 21067.0
383 21067.0
384 21067.0
385 21067.0
386 21067.0
387 21067.0
388 21067.0
389 21067.0
390 21067.0
391 21067.0
392 21067.0
393 21067.0
394 21067.0
395 21067.0
396 21067.0
397 21067.0
398 21067.0
399 21067.0
400 21067.0
401 21067.0
402 21067.0
403 21067.0
404 21067.0
405 21067.0
406 21067.0
407 21067.0
408 21067.0
409 21067.0
410 21067.0
411 21067.0
412 21067.0
413 21067.0
414 21067.0
415 21067.0
416 21067.0
417 21067.0
418 21067.0
419 21067.0
420 21067.0
421 21067.0
422 21067.0
423 21067.0
424 21067.0
425 21067.0
426 21067.0
427 21067.0
428 21067.0
429 21067.0
430 21067.0
431 21067.0
432 21067.0
433 21067.0
434 21067.0
435 21067.0
436 21067.0
437 21067.0
438 21067.0
439 21067.0
440 21067.0
441 21067.0
442 21067.0
443 21067.0
444 21067.0
445 21067.0
446 21067.0
447 21067.0
448 21067.0
449 21067.0
450 21067.0
451 21067.0
452 21067.0
453 21067.0
454 21067.0
455 21067.0
456 21067.0
457 21067.0
458 21067.0
459 21067.0
460 21067.0
461 21067.0
462 21067.0
463 21067.0
464 21067.0
465 21067.0
466 21067.0
467 21067.0
468 21067.0
469 21067.0
470 21067.0
471 21067.0
472 21067.0
473 21067.0
474 21067.0
475 21067.0
476 21067.0
477 21067.0
478 21067.0
479 21067.0
480 21067.0
481 21067.0
482 21067.0
483 21067.0
484 21067.0
485 21067.0
486 21067.0
487 21067.0
488 21067.0
489 21067.0
490 21067.0
491 21067.0
492 21067.0
493 21067.0
494 21067.0
495 21067.0
496 21067.0
497 21067.0
498 21067.0
499 21067.0
500 21067.0
501 21067.0
502 21067.0
503 21067.0
504 21067.0
505 21067.0
506 21067.0
507 21067.0
508 21067.0
509 21067.0
510 21067.0
511 21067.0
512 21067.0
513 21067.0
514 21067.0
515 21067.0
516 21067.0
517 21067.0
518 21067.0
519 21067.0
520 21067.0
521 21067.0
522 21067.0
523 21067.0
524 21067.0
525 21067.0
526 21067.0
527 21067.0
528 21067.0
529 21067.0
530 21067.0
531 21067.0
532 21067.0
533 21067.0
534 21067.0
535 21067.0
536 21067.0
537 21067.0
538 21067.0
539 21067.0
540 21095.0
541 21105.0
542 21105.0
543 21067.0
544 21067.0
545 21067.0
546 21067.0
547 21067.0
548 21067.0
549 21067.0
550 21067.0
551 21067.0
552 21067.0
553 21067.0
554 21067.0
555 21067.0
556 21067.0
557 21067.0
558 21067.0
559 21067.0
560 21067.0
561 21067.0
562 21067.0
563 21067.0
564 21067.0
565 21067.0
566 21067.0
567 21067.0
568 21067.0
569 21067.0
570 21067.0
571 21067.0
572 21067.0
573 21067.0
574 21067.0
575 21067.0
576 21067.0
577 21067.0
578 21067.0
579 21067.0
580 21067.0
581 21067.0
582 21067.0
583 21067.0
584 21067.0
585 21067.0
586 21067.0
587 21067.0
588 21067.0
589 21067.0
590 21067.0
591 21067.0
592 21067.0
593 21067.0
594 21067.0
595 21067.0
596 21067.0
597 21067.0
598 21067.0
599 21067.0
600 21067.0
601 21067.0
602 21067.0
603 21067.0
604 21067.0
605 21067.0
606 21067.0
607 21067.0
608 21067.0
609 21067.0
610 21067.0
611 21067.0
612 21067.0
613 21067.0
614 21067.0
615 21067.0
616 21067.0
617 21067.0
618 21067.0
619 21067.0
620 21067.0
621 21067.0
622 21067.0
623 21067.0
624 21067.0
625 21067.0
626 21067.0
627 21067.0
628 21067.0
629 21067.0
630 21067.0
631 21067.0
632 21067.0
633 21067.0
634 21067.0
635 21067.0
636 21067.0
637 21067.0
638 21067.0
639 21067.0
640 21067.0
641 21067.0
642 21067.0
643 21067.0
644 21067.0
645 21067.0
646 21067.0
647 21067.0
648 21067.0
649 21067.0
650 21067.0
651 21067.0
652 21067.0
653 21067.0
654 21067.0
655 21067.0
656 21067.0
657 21067.0
658 21067.0
659 21067.0
660 21067.0
661 21067.0
662 21067.0
663 21067.0
664 21067.0
665 21067.0
666 21067.0
667 21067.0
668 21067.0
669 21067.0
670 21067.0
671 21067.0
672 21067.0
673 21067.0
674 21067.0
675 21067.0
676 21067.0
677 21067.0
678 21067.0
679 21067.0
680 21067.0
681 21067.0
682 21067.0
683 21067.0
684 21067.0
685 21067.0
686 21067.0
687 21067.0
688 21067.0
689 21067.0
690 21067.0
691 21067.0
692 21067.0
693 21067.0
694 21067.0
695 21067.0
696 21067.0
697 21067.0
698 21067.0
699 21067.0
700 21067.0
701 21067.0
702 21067.0
703 21067.0
704 21067.0
705 21067.0
706 21067.0
707 21067.0
708 21067.0
709 21067.0
710 21067.0
711 21067.0
712 21067.0
713 21067.0
714 21067.0
715 21067.0
716 21067.0
717 21067.0
718 21067.0
719 21067.0
720 21067.0
721 21067.0
722 21067.0
723 21067.0
724 21067.0
725 21067.0
726 21067.0
727 21067.0
728 21067.0
729 21067.0
730 21067.0
731 21067.0
732 21067.0
733 21067.0
734 21067.0
735 21067.0
736 21067.0
737 21067.0
738 21067.0
739 21067.0
740 21067.0
741 21067.0
742 21067.0
743 21067.0
744 21067.0
745 21067.0
746 21067.0
747 21067.0
748 21067.0
749 21067.0
750 21067.0
751 21067.0
752 21067.0
753 21067.0
754 21067.0
755 21067.0
756 21067.0
757 21067.0
758 21067.0
759 21067.0
760 21067.0
761 21067.0
762 21067.0
763 21067.0
764 21067.0
765 21067.0
766 21067.0
767 21067.0
768 21067.0
769 21067.0
770 21067.0
771 21067.0
772 21067.0
773 21067.0
774 21067.0
775 21067.0
776 21067.0
777 21067.0
778 21067.0
779 21067.0
780 21067.0
781 21067.0
782 21067.0
783 21067.0
784 21067.0
785 21067.0
786 21067.0
787 21067.0
788 21067.0
789 21067.0
790 21067.0
791 21067.0
792 21067.0
793 21067.0
794 21067.0
795 21067.0
796 21067.0
797 21067.0
798 21067.0
799 21067.0
800 21067.0
801 21067.0
802 21067.0
803 21067.0
804 21067.0
805 21067.0
806 21067.0
807 21067.0
808 21067.0
809 21067.0
810 21067.0
811 21067.0
812 21067.0
813 21067.0
814 21067.0
815 21067.0
816 21067.0
817 21067.0
818 21067.0
819 21067.0
820 21067.0
821 21067.0
822 21067.0
823 21067.0
824 21067.0
825 21067.0
826 21067.0
827 21067.0
828 21067.0
829 21067.0
830 21067.0
831 21067.0
832 21067.0
833 21067.0
834 21067.0
835 21067.0
836 21067.0
837 21067.0
838 21067.0
839 21067.0
840 21067.0
841 21067.0
842 21067.0
843 21067.0
844 21067.0
845 21067.0
846 21067.0
847 21067.0
848 21067.0
849 21067.0
850 21067.0
851 21067.0
852 21067.0
853 21067.0
854 21067.0
855 21067.0
856 21067.0
857 21067.0
858 21067.0
859 21067.0
860 21067.0
861 21067.0
862 21067.0
863 21067.0
864 21067.0
865 21067.0
866 21067.0
867 21067.0
868 21067.0
869 21067.0
870 21067.0
871 21067.0
872 21067.0
873 21067.0
874 21067.0
875 21067.0
876 21067.0
877 21067.0
878 21067.0
879 21067.0
880 21067.0
881 21067.0
882 21067.0
883 21067.0
884 21067.0
885 21067.0
886 21067.0
887 21067.0
888 21067.0
889 21067.0
890 21067.0
891 21067.0
892 21067.0
893 21067.0
894 21067.0
895 21067.0
896 21067.0
897 21067.0
898 21067.0
899 21067.0
900 21067.0
901 21067.0
902 21067.0
903 21067.0
904 21067.0
905 21067.0
906 21067.0
907 21067.0
908 21067.0
909 21067.0
910 21067.0
911 21067.0
912 21067.0
913 21067.0
914 21067.0
915 21067.0
916 21067.0
917 21067.0
918 21067.0
919 21067.0
920 21067.0
921 21067.0
922 21067.0
923 21067.0
924 21067.0
925 21067.0
926 21067.0
927 21067.0
928 21067.0
929 21067.0
930 21067.0
931 21067.0
932 21067.0
933 21067.0
934 21067.0
935 21067.0
936 21067.0
937 21067.0
938 21067.0
939 21067.0
940 21067.0
941 21067.0
942 21067.0
943 21067.0
944 21067.0
945 21067.0
946 21067.0
947 21067.0
948 21067.0
949 21067.0
950 21067.0
951 21067.0
952 21067.0
953 21067.0
954 21067.0
955 21067.0
956 21067.0
957 21067.0
958 21067.0
959 21067.0
960 21067.0
961 21067.0
962 21067.0
963 21067.0
964 21067.0
965 21067.0
966 21067.0
967 21067.0
968 21067.0
969 21067.0
970 21067.0
971 21067.0
972 21067.0
973 21067.0
974 21067.0
975 21067.0
976 21067.0
977 21067.0
978 21067.0
979 21067.0
980 21067.0
981 21067.0
982 21067.0
983 21067.0
984 21067.0
985 21067.0
986 21067.0
987 21067.0
988 21067.0
989 21067.0
990 21067.0
991 21067.0
992 21067.0
993 21067.0
994 21067.0
995 21067.0
996 21067.0
997 21067.0
998 21067.0
999 21067.0
1000 21067.0
