0 7204.0
1 7639.0
2 8491.0
3 8832.0
4 9220.0
5 9632.0
6 10343.0
7 10878.0
8 10884.0
9 12010.0
10 12485.0
11 12485.0
12 12695.0
13 13303.0
14 13583.0
15 14601.0
16 14411.0
17 14546.0
18 14547.0
19 15029.0
20 15473.0
21 15473.0
22 16045.0
23 15790.0
24 15763.0
25 15807.0
26 16045.0
27 16153.0
28 16124.0
29 16847.0
30 17106.0
31 17106.0
32 17477.0
33 17477.0
34 17477.0
35 17611.0
36 17654.0
37 18368.0
38 18368.0
39 18368.0
40 18132.0
41 18132.0
42 18214.0
43 18395.0
44 18395.0
45 18202.0
46 18173.0
47 18009.0
48 18519.0
49 18777.0
50 18683.0
51 18613.0
52 18776.0
53 18776.0
54 18684.0
55 18841.0
56 19469.0
57 18841.0
58 18851.0
59 18851.0
60 18796.0
61 19057.0
62 19057.0
63 19086.0
64 19488.0
65 19253.0
66 19253.0
67 19375.0
68 19375.0
69 19202.0
70 19842.0
71 19518.0
72 19518.0
73 19518.0
74 19543.0
75 19636.0
76 19756.0
77 19756.0
78 19987.0
79 19987.0
80 19987.0
81 19785.0
82 19871.0
83 19871.0
84 20061.0
85 20077.0
86 19991.0
87 20483.0
88 20259.0
89 20317.0
90 20488.0
91 20433.0
92 20326.0
93 20371.0
94 20587.0
95 20654.0
96 20482.0
97 20563.0
98 20598.0
99 20549.0
100 20554.0
101 20616.0
102 20609.0
103 20661.0
104 20739.0
105 20697.0
106 20712.0
107 20797.0
108 20797.0
109 20829.0
110 20796.0
111 20790.0
112 20811.0
113 20843.0
114 20819.0
115 20834.0
116 20857.0
117 20874.0
118 20895.0
119 20904.0
120 20898.0
121 20941.0
122 20931.0
123 20931.0
124 20931.0
125 20942.0
126 20942.0
127 20964.0
128 20964.0
129 20964.0
130 20957.0
131 20961.0
132 20963.0
133 20971.0
134 20978.0
135 20980.0
136 20990.0
137 20990.0
138 20995.0
139 21005.0
140 21019.0
141 21012.0
142 21019.0
143 21019.0
144 21019.0
145 21019.0
146 21019.0
147 21019.0
148 21019.0
149 21019.0
150 21019.0
151 21019.0
152 21019.0
153 21019.0
154 21019.0
155 21019.0
156 21019.0
157 21019.0
158 21019.0
159 21019.0
160 21019.0
161 21019.0
162 21019.0
163 21019.0
164 21019.0
165 21019.0
166 21019.0
167 21019.0
168 21019.0
169 21019.0
170 21019.0
171 21019.0
172 21019.0
173 21019.0
174 21019.0
175 21019.0
176 21019.0
177 21019.0
178 21019.0
179 21019.0
180 21019.0
181 21019.0
182 21019.0
183 21019.0
184 21020.0
185 21020.0
186 21019.0
187 21019.0
188 21019.0
189 21019.0
190 21019.0
191 21019.0
192 21019.0
193 21019.0
194 21019.0
195 21019.0
196 21019.0
197 21019.0
198 21019.0
199 21019.0
200 21019.0
201 21019.0
202 21019.0
203 21019.0
204 21019.0
205 21019.0
206 21019.0
207 21019.0
208 21019.0
209 21019.0
210 21019.0
211 21019.0
212 21019.0
213 21019.0
214 21019.0
215 21019.0
216 21019.0
217 21019.0
218 21019.0
219 21019.0
220 21019.0
221 21019.0
222 21019.0
223 21019.0
224 21019.0
225 21019.0
226 21019.0
227 21019.0
228 21019.0
229 21019.0
230 21020.0
231 21020.0
232 21019.0
233 21019.0
234 21019.0
235 21038.0
236 21038.0
237 21019.0
238 21019.0
239 21019.0
240 21019.0
241 21019.0
242 21019.0
243 21019.0
244 21019.0
245 21019.0
246 21019.0
247 21019.0
248 21019.0
249 21019.0
250 21019.0
251 21019.0
252 21019.0
253 21019.0
254 21019.0
255 21019.0
256 21019.0
257 21019.0
258 21019.0
259 21019.0
260 21019.0
261 21019.0
262 21019.0
263 21019.0
264 21019.0
265 21019.0
266 21019.0
267 21019.0
268 21019.0
269 21019.0
270 21019.0
271 21019.0
272 21019.0
273 21019.0
274 21019.0
275 21019.0
276 21019.0
277 21019.0
278 21019.0
279 21019.0
280 21019.0
281 21019.0
282 21019.0
283 21019.0
284 21019.0
285 21019.0
286 21019.0
287 21019.0
288 21019.0
289 21019.0
290 21019.0
291 21019.0
292 21019.0
293 21019.0
294 21019.0
295 21019.0
296 21019.0
297 21019.0
298 21019.0
299 21019.0
300 21019.0
301 21019.0
302 21019.0
303 21019.0
304 21019.0
305 21019.0
306 21019.0
307 21019.0
308 21019.0
309 21019.0
310 21019.0
311 21019.0
312 21019.0
313 21019.0
314 21019.0
315 21019.0
316 21019.0
317 21019.0
318 21019.0
319 21019.0
320 21019.0
321 21019.0
322 21019.0
323 21019.0
324 21019.0
325 21019.0
326 21019.0
327 21019.0
328 21019.0
329 21019.0
330 21019.0
331 21019.0
332 21019.0
333 21019.0
334 21019.0
335 21019.0
336 21019.0
337 21019.0
338 21019.0
339 21019.0
340 21019.0
341 21019.0
342 21019.0
343 21019.0
344 21019.0
345 21019.0
346 21019.0
347 21019.0
348 21019.0
349 21019.0
350 21019.0
351 21019.0
352 21019.0
353 21019.0
354 21019.0
355 21019.0
356 21019.0
357 21019.0
358 21019.0
359 21019.0
360 21019.0
361 21019.0
362 21019.0
363 21019.0
364 21019.0
365 21019.0
366 21019.0
367 21019.0
368 21019.0
369 21019.0
370 21019.0
371 21019.0
372 21019.0
373 21019.0
374 21019.0
375 21019.0
376 21019.0
377 21019.0
378 21019.0
379 21019.0
380 21019.0
381 21019.0
382 21019.0
383 21019.0
384 21019.0
385 21019.0
386 21019.0
387 21019.0
388 21019.0
389 21019.0
390 21019.0
391 21019.0
392 21019.0
393 21019.0
394 21019.0
395 21019.0
396 21019.0
397 21019.0
398 21019.0
399 21019.0
400 21019.0
401 21019.0
402 21019.0
403 21019.0
404 21019.0
405 21019.0
406 21019.0
407 21019.0
408 21019.0
409 21019.0
410 21019.0
411 21019.0
412 21019.0
413 21019.0
414 21019.0
415 21019.0
416 21019.0
417 21019.0
418 21019.0
419 21019.0
420 21019.0
421 21019.0
422 21019.0
423 21019.0
424 21019.0
425 21019.0
426 21019.0
427 21019.0
428 21019.0
429 21019.0
430 21019.0
431 21019.0
432 21019.0
433 21019.0
434 21019.0
435 21019.0
436 21019.0
437 21019.0
438 21019.0
439 21019.0
440 21019.0
441 21019.0
442 21019.0
443 21019.0
444 21019.0
445 21019.0
446 21019.0
447 21019.0
448 21019.0
449 21019.0
450 21019.0
451 21019.0
452 21019.0
453 21019.0
454 21019.0
455 21019.0
456 21019.0
457 21019.0
458 21019.0
459 21019.0
460 21019.0
461 21019.0
462 21019.0
463 21019.0
464 21019.0
465 21019.0
466 21019.0
467 21019.0
468 21019.0
469 21019.0
470 21019.0
471 21019.0
472 21019.0
473 21019.0
474 21019.0
475 21019.0
476 21019.0
477 21032.0
478 21032.0
479 21032.0
480 21019.0
481 21019.0
482 21019.0
483 21019.0
484 21019.0
485 21019.0
486 21019.0
487 21019.0
488 21019.0
489 21019.0
490 21019.0
491 21019.0
492 21019.0
493 21019.0
494 21019.0
495 21019.0
496 21019.0
497 21019.0
498 21019.0
499 21019.0
500 21019.0
501 21019.0
502 21019.0
503 21019.0
504 21019.0
505 21019.0
506 21019.0
507 21019.0
508 21019.0
509 21019.0
510 21019.0
511 21019.0
512 21019.0
513 21019.0
514 21019.0
515 21019.0
516 21019.0
517 21019.0
518 21019.0
519 21019.0
520 21019.0
521 21019.0
522 21019.0
523 21019.0
524 21019.0
525 21019.0
526 21019.0
527 21019.0
528 21019.0
529 21019.0
530 21019.0
531 21019.0
532 21019.0
533 21019.0
534 21019.0
535 21019.0
536 21019.0
537 21019.0
538 21019.0
539 21019.0
540 21019.0
541 21019.0
542 21019.0
543 21019.0
544 21019.0
545 21019.0
546 21019.0
547 21019.0
548 21019.0
549 21019.0
550 21019.0
551 21019.0
552 21019.0
553 21019.0
554 21019.0
555 21019.0
556 21019.0
557 21019.0
558 21019.0
559 21019.0
560 21019.0
561 21019.0
562 21019.0
563 21019.0
564 21019.0
565 21019.0
566 21019.0
567 21019.0
568 21019.0
569 21019.0
570 21019.0
571 21019.0
572 21019.0
573 21019.0
574 21019.0
575 21019.0
576 21019.0
577 21019.0
578 21019.0
579 21019.0
580 21019.0
581 21019.0
582 21019.0
583 21019.0
584 21019.0
585 21019.0
586 21019.0
587 21019.0
588 21019.0
589 21019.0
590 21019.0
591 21019.0
592 21019.0
593 21019.0
594 21019.0
595 21019.0
596 21019.0
597 21019.0
598 21019.0
599 21019.0
600 21019.0
601 21019.0
602 21019.0
603 21019.0
604 21019.0
605 21019.0
606 21019.0
607 21019.0
608 21019.0
609 21019.0
610 21019.0
611 21019.0
612 21019.0
613 21019.0
614 21023.0
615 21019.0
616 21019.0
617 21019.0
618 21019.0
619 21020.0
620 21019.0
621 21019.0
622 21019.0
623 21019.0
624 21019.0
625 21019.0
626 21019.0
627 21019.0
628 21019.0
629 21019.0
630 21019.0
631 21019.0
632 21019.0
633 21019.0
634 21019.0
635 21019.0
636 21019.0
637 21019.0
638 21019.0
639 21019.0
640 21019.0
641 21019.0
642 21019.0
643 21019.0
644 21019.0
645 21019.0
646 21019.0
647 21019.0
648 21019.0
649 21019.0
650 21019.0
651 21019.0
652 21019.0
653 21019.0
654 21019.0
655 21019.0
656 21019.0
657 21019.0
658 21019.0
659 21019.0
660 21019.0
661 21019.0
662 21019.0
663 21019.0
664 21019.0
665 21019.0
666 21019.0
667 21019.0
668 21019.0
669 21019.0
670 21019.0
671 21019.0
672 21019.0
673 21019.0
674 21019.0
675 21019.0
676 21019.0
677 21019.0
678 21019.0
679 21019.0
680 21019.0
681 21019.0
682 21019.0
683 21019.0
684 21019.0
685 21019.0
686 21019.0
687 21019.0
688 21019.0
689 21019.0
690 21019.0
691 21019.0
692 21019.0
693 21019.0
694 21019.0
695 21019.0
696 21019.0
697 21019.0
698 21019.0
699 21019.0
700 21019.0
701 21019.0
702 21019.0
703 21019.0
704 21019.0
705 21019.0
706 21019.0
707 21019.0
708 21019.0
709 21019.0
710 21019.0
711 21019.0
712 21019.0
713 21019.0
714 21019.0
715 21019.0
716 21019.0
717 21019.0
718 21019.0
719 21019.0
720 21019.0
721 21019.0
722 21019.0
723 21019.0
724 21019.0
725 21019.0
726 21048.0
727 21019.0
728 21019.0
729 21019.0
730 21019.0
731 21019.0
732 21019.0
733 21019.0
734 21019.0
735 21019.0
736 21019.0
737 21019.0
738 21019.0
739 21019.0
740 21019.0
741 21019.0
742 21019.0
743 21019.0
744 21019.0
745 21019.0
746 21019.0
747 21019.0
748 21019.0
749 21019.0
750 21019.0
751 21019.0
752 21019.0
753 21019.0
754 21019.0
755 21019.0
756 21019.0
757 21019.0
758 21019.0
759 21019.0
760 21019.0
761 21019.0
762 21019.0
763 21019.0
764 21019.0
765 21019.0
766 21019.0
767 21019.0
768 21019.0
769 21019.0
770 21019.0
771 21019.0
772 21019.0
773 21019.0
774 21019.0
775 21019.0
776 21019.0
777 21019.0
778 21019.0
779 21019.0
780 21019.0
781 21019.0
782 21019.0
783 21019.0
784 21019.0
785 21019.0
786 21019.0
787 21019.0
788 21019.0
789 21019.0
790 21019.0
791 21019.0
792 21019.0
793 21019.0
794 21019.0
795 21019.0
796 21019.0
797 21019.0
798 21019.0
799 21019.0
800 21019.0
801 21019.0
802 21019.0
803 21019.0
804 21019.0
805 21019.0
806 21019.0
807 21019.0
808 21019.0
809 21019.0
810 21019.0
811 21019.0
812 21019.0
813 21019.0
814 21019.0
815 21019.0
816 21019.0
817 21019.0
818 21019.0
819 21019.0
820 21019.0
821 21019.0
822 21019.0
823 21019.0
824 21019.0
825 21019.0
826 21019.0
827 21019.0
828 21019.0
829 21019.0
830 21019.0
831 21019.0
832 21019.0
833 21019.0
834 21019.0
835 21019.0
836 21019.0
837 21019.0
838 21019.0
839 21019.0
840 21019.0
841 21019.0
842 21019.0
843 21019.0
844 21019.0
845 21019.0
846 21019.0
847 21019.0
848 21019.0
849 21019.0
850 21019.0
851 21019.0
852 21019.0
853 21019.0
854 21019.0
855 21019.0
856 21019.0
857 21019.0
858 21019.0
859 21019.0
860 21019.0
861 21019.0
862 21019.0
863 21019.0
864 21019.0
865 21019.0
866 21019.0
867 21019.0
868 21019.0
869 21019.0
870 21019.0
871 21019.0
872 21019.0
873 21019.0
874 21019.0
875 21019.0
876 21022.0
877 21022.0
878 21019.0
879 21019.0
880 21019.0
881 21019.0
882 21019.0
883 21019.0
884 21019.0
885 21019.0
886 21019.0
887 21019.0
888 21019.0
889 21019.0
890 21019.0
891 21019.0
892 21019.0
893 21019.0
894 21019.0
895 21019.0
896 21019.0
897 21019.0
898 21019.0
899 21019.0
900 21019.0
901 21019.0
902 21019.0
903 21019.0
904 21019.0
905 21019.0
906 21019.0
907 21019.0
908 21019.0
909 21019.0
910 21019.0
911 21019.0
912 21019.0
913 21019.0
914 21019.0
915 21019.0
916 21019.0
917 21019.0
918 21019.0
919 21019.0
920 21019.0
921 21019.0
922 21019.0
923 21019.0
924 21019.0
925 21019.0
926 21019.0
927 21019.0
928 21019.0
929 21019.0
930 21019.0
931 21019.0
932 21019.0
933 21019.0
934 21019.0
935 21019.0
936 21019.0
937 21019.0
938 21019.0
939 21019.0
940 21019.0
941 21019.0
942 21019.0
943 21019.0
944 21019.0
945 21019.0
946 21019.0
947 21019.0
948 21019.0
949 21019.0
950 21019.0
951 21019.0
952 21019.0
953 21019.0
954 21019.0
955 21019.0
956 21019.0
957 21019.0
958 21019.0
959 21019.0
960 21019.0
961 21019.0
962 21019.0
963 21019.0
964 21019.0
965 21019.0
966 21019.0
967 21019.0
968 21019.0
969 21019.0
970 21019.0
971 21019.0
972 21019.0
973 21019.0
974 21019.0
975 21019.0
976 21019.0
977 21019.0
978 21019.0
979 21019.0
980 21019.0
981 21019.0
982 21019.0
983 21019.0
984 21019.0
985 21019.0
986 21019.0
987 21019.0
988 21019.0
989 21019.0
990 21019.0
991 21019.0
992 21019.0
993 21019.0
994 21019.0
995 21019.0
996 21019.0
997 21019.0
998 21019.0
999 21019.0
1000 21019.0
