0 7095.0
1 7890.0
2 8195.0
3 8732.0
4 9485.0
5 9857.0
6 11010.0
7 11172.0
8 11147.0
9 11809.0
10 12076.0
11 12615.0
12 13501.0
13 13501.0
14 13517.0
15 13776.0
16 14491.0
17 14790.0
18 15706.0
19 15765.0
20 15606.0
21 15606.0
22 15856.0
23 16217.0
24 16787.0
25 16797.0
26 16909.0
27 16876.0
28 16877.0
29 16959.0
30 17241.0
31 17511.0
32 17511.0
33 17522.0
34 17469.0
35 17548.0
36 17901.0
37 18004.0
38 18073.0
39 18242.0
40 18577.0
41 18259.0
42 18324.0
43 18497.0
44 19046.0
45 18757.0
46 18896.0
47 18802.0
48 18952.0
49 18952.0
50 18802.0
51 18802.0
52 19027.0
53 19577.0
54 19577.0
55 19577.0
56 19102.0
57 19073.0
58 19505.0
59 19200.0
60 19282.0
61 19282.0
62 19282.0
63 19285.0
64 19351.0
65 19456.0
66 19683.0
67 19686.0
68 19893.0
69 19893.0
70 19684.0
71 19915.0
72 19915.0
73 19915.0
74 20112.0
75 20112.0
76 20112.0
77 20112.0
78 19846.0
79 19845.0
80 19864.0
81 19864.0
82 19937.0
83 19954.0
84 19954.0
85 20214.0
86 20214.0
87 20205.0
88 20205.0
89 20205.0
90 20302.0
91 20523.0
92 20523.0
93 20573.0
94 20573.0
95 20573.0
96 20573.0
97 20573.0
98 20493.0
99 20627.0
100 20627.0
101 20602.0
102 20567.0
103 20555.0
104 20670.0
105 20754.0
106 20888.0
107 20850.0
108 20802.0
109 20844.0
110 20859.0
111 20920.0
112 20998.0
113 20998.0
114 21018.0
115 21020.0
116 21027.0
117 21049.0
118 21058.0
119 21075.0
120 21101.0
121 21101.0
122 21098.0
123 21098.0
124 21098.0
125 21108.0
126 21108.0
127 21144.0
128 21144.0
129 21115.0
130 21115.0
131 21137.0
132 21144.0
133 21144.0
134 21137.0
135 21137.0
136 21137.0
137 21144.0
138 21147.0
139 21147.0
140 21147.0
141 21144.0
142 21166.0
143 21147.0
144 21147.0
145 21147.0
146 21147.0
147 21147.0
148 21147.0
149 21147.0
150 21147.0
151 21147.0
152 21147.0
153 21147.0
154 21147.0
155 21147.0
156 21147.0
157 21147.0
158 21147.0
159 21147.0
160 21147.0
161 21147.0
162 21147.0
163 21147.0
164 21147.0
165 21147.0
166 21147.0
167 21147.0
168 21147.0
169 21147.0
170 21147.0
171 21147.0
172 21147.0
173 21147.0
174 21147.0
175 21147.0
176 21147.0
177 21147.0
178 21147.0
179 21147.0
180 21147.0
181 21147.0
182 21147.0
183 21147.0
184 21147.0
185 21147.0
186 21147.0
187 21147.0
188 21147.0
189 21147.0
190 21147.0
191 21147.0
192 21147.0
193 21147.0
194 21147.0
195 21147.0
196 21147.0
197 21147.0
198 21147.0
199 21147.0
200 21147.0
201 21147.0
202 21147.0
203 21147.0
204 21147.0
205 21147.0
206 21147.0
207 21147.0
208 21147.0
209 21147.0
210 21147.0
211 21147.0
212 21147.0
213 21147.0
214 21147.0
215 21147.0
216 21147.0
217 21147.0
218 21147.0
219 21147.0
220 21147.0
221 21147.0
222 21147.0
223 21147.0
224 21147.0
225 21147.0
226 21147.0
227 21147.0
228 21147.0
229 21147.0
230 21147.0
231 21147.0
232 21147.0
233 21147.0
234 21147.0
235 21147.0
236 21147.0
237 21147.0
238 21147.0
239 21147.0
240 21147.0
241 21147.0
242 21147.0
243 21147.0
244 21147.0
245 21147.0
246 21147.0
247 21147.0
248 21147.0
249 21147.0
250 21147.0
251 21147.0
252 21147.0
253 21147.0
254 21147.0
255 21147.0
256 21147.0
257 21147.0
258 21147.0
259 21147.0
260 21147.0
261 21147.0
262 21147.0
263 21147.0
264 21147.0
265 21147.0
266 21147.0
267 21147.0
268 21147.0
269 21147.0
270 21147.0
271 21147.0
272 21147.0
273 21147.0
274 21147.0
275 21147.0
276 21147.0
277 21147.0
278 21147.0
279 21147.0
280 21147.0
281 21147.0
282 21147.0
283 21147.0
284 21147.0
285 21147.0
286 21147.0
287 21147.0
288 21147.0
289 21147.0
290 21147.0
291 21147.0
292 21147.0
293 21147.0
294 21147.0
295 21147.0
296 21147.0
297 21147.0
298 21147.0
299 21147.0
300 21147.0
301 21147.0
302 21147.0
303 21147.0
304 21147.0
305 21147.0
306 21147.0
307 21147.0
308 21147.0
309 21147.0
310 21147.0
311 21147.0
312 21147.0
313 21147.0
314 21147.0
315 21147.0
316 21147.0
317 21147.0
318 21147.0
319 21147.0
320 21147.0
321 21147.0
322 21147.0
323 21147.0
324 21147.0
325 21147.0
326 21147.0
327 21147.0
328 21147.0
329 21147.0
330 21147.0
331 21147.0
332 21147.0
333 21147.0
334 21147.0
335 21147.0
336 21147.0
337 21147.0
338 21147.0
339 21147.0
340 21147.0
341 21147.0
342 21147.0
343 21147.0
344 21147.0
345 21147.0
346 21147.0
347 21147.0
348 21147.0
349 21147.0
350 21147.0
351 21147.0
352 21147.0
353 21147.0
354 21147.0
355 21147.0
356 21147.0
357 21147.0
358 21147.0
359 21147.0
360 21147.0
361 21147.0
362 21147.0
363 21147.0
364 21147.0
365 21147.0
366 21147.0
367 21147.0
368 21147.0
369 21147.0
370 21147.0
371 21147.0
372 21147.0
373 21147.0
374 21147.0
375 21147.0
376 21147.0
377 21147.0
378 21147.0
379 21147.0
380 21147.0
381 21147.0
382 21147.0
383 21147.0
384 21147.0
385 21147.0
386 21147.0
387 21147.0
388 21147.0
389 21147.0
390 21147.0
391 21147.0
392 21147.0
393 21147.0
394 21147.0
395 21147.0
396 21147.0
397 21147.0
398 21147.0
399 21147.0
400 21147.0
401 21147.0
402 21147.0
403 21147.0
404 21147.0
405 21147.0
406 21147.0
407 21147.0
408 21147.0
409 21147.0
410 21147.0
411 21147.0
412 21147.0
413 21147.0
414 21147.0
415 21147.0
416 21147.0
417 21147.0
418 21147.0
419 21147.0
420 21147.0
421 21147.0
422 21147.0
423 21147.0
424 21147.0
425 21147.0
426 21147.0
427 21147.0
428 21147.0
429 21147.0
430 21147.0
431 21147.0
432 21147.0
433 21147.0
434 21147.0
435 21147.0
436 21147.0
437 21147.0
438 21147.0
439 21147.0
440 21147.0
441 21147.0
442 21147.0
443 21147.0
444 21147.0
445 21147.0
446 21147.0
447 21147.0
448 21147.0
449 21147.0
450 21147.0
451 21147.0
452 21147.0
453 21147.0
454 21147.0
455 21147.0
456 21147.0
457 21147.0
458 21147.0
459 21147.0
460 21147.0
461 21147.0
462 21147.0
463 21147.0
464 21147.0
465 21147.0
466 21147.0
467 21147.0
468 21147.0
469 21147.0
470 21147.0
471 21147.0
472 21147.0
473 21147.0
474 21147.0
475 21147.0
476 21147.0
477 21147.0
478 21147.0
479 21147.0
480 21147.0
481 21147.0
482 21147.0
483 21147.0
484 21147.0
485 21147.0
486 21147.0
487 21147.0
488 21147.0
489 21147.0
490 21147.0
491 21147.0
492 21147.0
493 21147.0
494 21147.0
495 21147.0
496 21147.0
497 21147.0
498 21147.0
499 21147.0
500 21147.0
501 21147.0
502 21147.0
503 21147.0
504 21147.0
505 21147.0
506 21147.0
507 21147.0
508 21147.0
509 21147.0
510 21147.0
511 21147.0
512 21147.0
513 21147.0
514 21147.0
515 21147.0
516 21147.0
517 21147.0
518 21147.0
519 21147.0
520 21147.0
521 21147.0
522 21147.0
523 21147.0
524 21147.0
525 21147.0
526 21147.0
527 21147.0
528 21147.0
529 21147.0
530 21147.0
531 21147.0
532 21147.0
533 21147.0
534 21147.0
535 21147.0
536 21147.0
537 21147.0
538 21147.0
539 21147.0
540 21147.0
541 21147.0
542 21147.0
543 21147.0
544 21147.0
545 21147.0
546 21147.0
547 21147.0
548 21147.0
549 21147.0
550 21147.0
551 21147.0
552 21147.0
553 21147.0
554 21147.0
555 21147.0
556 21147.0
557 21147.0
558 21147.0
559 21147.0
560 21147.0
561 21147.0
562 21147.0
563 21147.0
564 21147.0
565 21147.0
566 21147.0
567 21147.0
568 21147.0
569 21147.0
570 21147.0
571 21147.0
572 21147.0
573 21147.0
574 21147.0
575 21147.0
576 21147.0
577 21147.0
578 21147.0
579 21147.0
580 21147.0
581 21147.0
582 21147.0
583 21147.0
584 21147.0
585 21147.0
586 21147.0
587 21147.0
588 21147.0
589 21147.0
590 21147.0
591 21147.0
592 21147.0
593 21147.0
594 21147.0
595 21147.0
596 21147.0
597 21147.0
598 21147.0
599 21147.0
600 21147.0
601 21147.0
602 21147.0
603 21147.0
604 21147.0
605 21147.0
606 21147.0
607 21147.0
608 21147.0
609 21147.0
610 21147.0
611 21147.0
612 21147.0
613 21147.0
614 21147.0
615 21147.0
616 21147.0
617 21147.0
618 21147.0
619 21147.0
620 21147.0
621 21147.0
622 21147.0
623 21147.0
624 21147.0
625 21147.0
626 21147.0
627 21147.0
628 21147.0
629 21147.0
630 21147.0
631 21147.0
632 21147.0
633 21147.0
634 21147.0
635 21147.0
636 21147.0
637 21147.0
638 21147.0
639 21147.0
640 21147.0
641 21147.0
642 21147.0
643 21147.0
644 21147.0
645 21147.0
646 21147.0
647 21147.0
648 21147.0
649 21147.0
650 21147.0
651 21147.0
652 21147.0
653 21147.0
654 21147.0
655 21147.0
656 21147.0
657 21147.0
658 21147.0
659 21147.0
660 21147.0
661 21147.0
662 21147.0
663 21147.0
664 21147.0
665 21147.0
666 21147.0
667 21147.0
668 21147.0
669 21147.0
670 21147.0
671 21147.0
672 21147.0
673 21147.0
674 21147.0
675 21147.0
676 21147.0
677 21147.0
678 21147.0
679 21147.0
680 21147.0
681 21147.0
682 21147.0
683 21147.0
684 21147.0
685 21147.0
686 21147.0
687 21147.0
688 21147.0
689 21147.0
690 21147.0
691 21147.0
692 21147.0
693 21147.0
694 21147.0
695 21147.0
696 21147.0
697 21147.0
698 21147.0
699 21147.0
700 21147.0
701 21147.0
702 21147.0
703 21147.0
704 21147.0
705 21147.0
706 21147.0
707 21147.0
708 21147.0
709 21147.0
710 21147.0
711 21147.0
712 21147.0
713 21147.0
714 21147.0
715 21147.0
716 21147.0
717 21147.0
718 21147.0
719 21147.0
720 21147.0
721 21147.0
722 21147.0
723 21147.0
724 21147.0
725 21147.0
726 21147.0
727 21147.0
728 21147.0
729 21147.0
730 21147.0
731 21147.0
732 21147.0
733 21147.0
734 21147.0
735 21147.0
736 21147.0
737 21147.0
738 21147.0
739 21147.0
740 21147.0
741 21147.0
742 21147.0
743 21147.0
744 21147.0
745 21147.0
746 21147.0
747 21147.0
748 21147.0
749 21147.0
750 21147.0
751 21147.0
752 21147.0
753 21147.0
754 21147.0
755 21147.0
756 21147.0
757 21147.0
758 21147.0
759 21147.0
760 21147.0
761 21147.0
762 21147.0
763 21147.0
764 21147.0
765 21147.0
766 21147.0
767 21147.0
768 21147.0
769 21147.0
770 21147.0
771 21147.0
772 21147.0
773 21147.0
774 21147.0
775 21147.0
776 21147.0
777 21147.0
778 21147.0
779 21147.0
780 21147.0
781 21147.0
782 21147.0
783 21147.0
784 21147.0
785 21147.0
786 21147.0
787 21147.0
788 21147.0
789 21147.0
790 21147.0
791 21147.0
792 21147.0
793 21147.0
794 21147.0
795 21147.0
796 21147.0
797 21147.0
798 21147.0
799 21147.0
800 21147.0
801 21147.0
802 21147.0
803 21147.0
804 21147.0
805 21147.0
806 21147.0
807 21147.0
808 21147.0
809 21147.0
810 21147.0
811 21147.0
812 21147.0
813 21147.0
814 21147.0
815 21147.0
816 21147.0
817 21147.0
818 21147.0
819 21147.0
820 21147.0
821 21147.0
822 21147.0
823 21147.0
824 21147.0
825 21147.0
826 21147.0
827 21147.0
828 21147.0
829 21147.0
830 21147.0
831 21147.0
832 21147.0
833 21147.0
834 21147.0
835 21147.0
836 21147.0
837 21147.0
838 21147.0
839 21147.0
840 21147.0
841 21147.0
842 21147.0
843 21147.0
844 21147.0
845 21147.0
846 21147.0
847 21147.0
848 21147.0
849 21147.0
850 21147.0
851 21147.0
852 21147.0
853 21147.0
854 21147.0
855 21147.0
856 21147.0
857 21147.0
858 21147.0
859 21147.0
860 21147.0
861 21147.0
862 21147.0
863 21147.0
864 21147.0
865 21147.0
866 21147.0
867 21147.0
868 21147.0
869 21147.0
870 21147.0
871 21147.0
872 21147.0
873 21147.0
874 21147.0
875 21147.0
876 21147.0
877 21147.0
878 21147.0
879 21147.0
880 21147.0
881 21147.0
882 21147.0
883 21147.0
884 21147.0
885 21147.0
886 21147.0
887 21147.0
888 21147.0
889 21147.0
890 21147.0
891 21147.0
892 21147.0
893 21147.0
894 21147.0
895 21147.0
896 21147.0
897 21147.0
898 21147.0
899 21147.0
900 21147.0
901 21147.0
902 21147.0
903 21147.0
904 21147.0
905 21147.0
906 21147.0
907 21147.0
908 21147.0
909 21147.0
910 21147.0
911 21147.0
912 21147.0
913 21147.0
914 21147.0
915 21147.0
916 21147.0
917 21147.0
918 21147.0
919 21147.0
920 21147.0
921 21147.0
922 21147.0
923 21147.0
924 21147.0
925 21147.0
926 21147.0
927 21147.0
928 21147.0
929 21147.0
930 21147.0
931 21147.0
932 21147.0
933 21147.0
934 21147.0
935 21147.0
936 21147.0
937 21147.0
938 21147.0
939 21147.0
940 21147.0
941 21147.0
942 21147.0
943 21147.0
944 21147.0
945 21147.0
946 21147.0
947 21147.0
948 21147.0
949 21147.0
950 21147.0
951 21147.0
952 21147.0
953 21147.0
954 21147.0
955 21147.0
956 21147.0
957 21147.0
958 21147.0
959 21147.0
960 21147.0
961 21147.0
962 21147.0
963 21147.0
964 21147.0
965 21147.0
966 21147.0
967 21147.0
968 21147.0
969 21147.0
970 21147.0
971 21147.0
972 21147.0
973 21147.0
974 21147.0
975 21147.0
976 21147.0
977 21147.0
978 21147.0
979 21147.0
980 21147.0
981 21147.0
982 21147.0
983 21147.0
984 21147.0
985 21147.0
986 21147.0
987 21147.0
988 21147.0
989 21147.0
990 21147.0
991 21147.0
992 21147.0
993 21147.0
994 21147.0
995 21147.0
996 21147.0
997 21147.0
998 21147.0
999 21147.0
1000 21147.0
