0 7204.0
1 7524.0
2 8055.0
3 8773.0
4 9068.0
5 9713.0
6 10333.0
7 10644.0
8 11343.0
9 11546.0
10 12089.0
11 12387.0
12 12975.0
13 13613.0
14 13742.0
15 14450.0
16 14510.0
17 15111.0
18 15239.0
19 15697.0
20 15697.0
21 15697.0
22 15734.0
23 16272.0
24 16522.0
25 16794.0
26 16903.0
27 16903.0
28 17127.0
29 17377.0
30 17691.0
31 17676.0
32 17664.0
33 17600.0
34 18002.0
35 18352.0
36 18352.0
37 18352.0
38 18316.0
39 18271.0
40 18223.0
41 18231.0
42 18487.0
43 18487.0
44 18984.0
45 18551.0
46 18889.0
47 18746.0
48 19033.0
49 18929.0
50 19343.0
51 19343.0
52 19343.0
53 19343.0
54 19409.0
55 19409.0
56 19456.0
57 19537.0
58 19611.0
59 19296.0
60 19725.0
61 19725.0
62 19725.0
63 19908.0
64 19722.0
65 19722.0
66 19845.0
67 19845.0
68 19844.0
69 19938.0
70 19938.0
71 20109.0
72 20109.0
73 20057.0
74 20283.0
75 20343.0
76 20343.0
77 20343.0
78 20285.0
79 20382.0
80 20372.0
81 20420.0
82 20488.0
83 20488.0
84 20463.0
85 20493.0
86 20624.0
87 20542.0
88 20765.0
89 20765.0
90 20831.0
91 20831.0
92 20814.0
93 20814.0
94 20844.0
95 20844.0
96 20859.0
97 20974.0
98 20972.0
99 20979.0
100 21070.0
101 21070.0
102 21070.0
103 21059.0
104 21161.0
105 21182.0
106 21182.0
107 21182.0
108 21182.0
109 21182.0
110 21182.0
111 21155.0
112 21207.0
113 21207.0
114 21207.0
115 21229.0
116 21230.0
117 21230.0
118 21230.0
119 21239.0
120 21239.0
121 21239.0
122 21239.0
123 21239.0
124 21239.0
125 21239.0
126 21229.0
127 21229.0
128 21229.0
129 21229.0
130 21229.0
131 21229.0
132 21229.0
133 21190.0
134 21190.0
135 21190.0
136 21190.0
137 21190.0
138 21190.0
139 21190.0
140 21190.0
141 21190.0
142 21190.0
143 21190.0
144 21190.0
145 21190.0
146 21190.0
147 21190.0
148 21190.0
149 21190.0
150 21190.0
151 21190.0
152 21190.0
153 21190.0
154 21190.0
155 21190.0
156 21190.0
157 21190.0
158 21190.0
159 21190.0
160 21190.0
161 21190.0
162 21190.0
163 21190.0
164 21190.0
165 21190.0
166 21190.0
167 21190.0
168 21190.0
169 21190.0
170 21190.0
171 21190.0
172 21190.0
173 21190.0
174 21190.0
175 21190.0
176 21190.0
177 21190.0
178 21190.0
179 21190.0
180 21219.0
181 21190.0
182 21190.0
183 21190.0
184 21190.0
185 21190.0
186 21190.0
187 21190.0
188 21190.0
189 21190.0
190 21190.0
191 21190.0
192 21190.0
193 21190.0
194 21190.0
195 21190.0
196 21190.0
197 21190.0
198 21190.0
199 21190.0
200 21190.0
201 21190.0
202 21190.0
203 21190.0
204 21190.0
205 21190.0
206 21190.0
207 21190.0
208 21190.0
209 21190.0
210 21190.0
211 21190.0
212 21190.0
213 21190.0
214 21190.0
215 21190.0
216 21190.0
217 21190.0
218 21190.0
219 21190.0
220 21190.0
221 21190.0
222 21190.0
223 21190.0
224 21190.0
225 21190.0
226 21190.0
227 21190.0
228 21190.0
229 21190.0
230 21190.0
231 21190.0
232 21190.0
233 21190.0
234 21190.0
235 21190.0
236 21190.0
237 21190.0
238 21190.0
239 21190.0
240 21190.0
241 21190.0
242 21190.0
243 21190.0
244 21190.0
245 21190.0
246 21190.0
247 21190.0
248 21190.0
249 21190.0
250 21190.0
251 21190.0
252 21190.0
253 21190.0
254 21190.0
255 21190.0
256 21190.0
257 21190.0
258 21190.0
259 21190.0
260 21190.0
261 21190.0
262 21190.0
263 21190.0
264 21190.0
265 21190.0
266 21190.0
267 21190.0
268 21190.0
269 21190.0
270 21190.0
271 21190.0
272 21190.0
273 21190.0
274 21190.0
275 21190.0
276 21190.0
277 21190.0
278 21190.0
279 21190.0
280 21190.0
281 21190.0
282 21190.0
283 21190.0
284 21190.0
285 21190.0
286 21190.0
287 21190.0
288 21190.0
289 21190.0
290 21190.0
291 21190.0
292 21190.0
293 21190.0
294 21190.0
295 21190.0
296 21190.0
297 21190.0
298 21190.0
299 21190.0
300 21190.0
301 21190.0
302 21190.0
303 21190.0
304 21190.0
305 21190.0
306 21190.0
307 21190.0
308 21190.0
309 21193.0
310 21192.0
311 21192.0
312 21192.0
313 21190.0
314 21190.0
315 21190.0
316 21190.0
317 21190.0
318 21190.0
319 21190.0
320 21190.0
321 21190.0
322 21190.0
323 21190.0
324 21190.0
325 21190.0
326 21190.0
327 21190.0
328 21190.0
329 21190.0
330 21190.0
331 21190.0
332 21190.0
333 21190.0
334 21190.0
335 21190.0
336 21190.0
337 21190.0
338 21190.0
339 21190.0
340 21190.0
341 21190.0
342 21190.0
343 21191.0
344 21219.0
345 21219.0
346 21219.0
347 21219.0
348 21219.0
349 21219.0
350 21219.0
351 21219.0
352 21219.0
353 21219.0
354 21219.0
355 21219.0
356 21219.0
357 21219.0
358 21219.0
359 21219.0
360 21219.0
361 21219.0
362 21219.0
363 21219.0
364 21219.0
365 21219.0
366 21219.0
367 21219.0
368 21219.0
369 21219.0
370 21219.0
371 21219.0
372 21219.0
373 21219.0
374 21219.0
375 21219.0
376 21219.0
377 21219.0
378 21219.0
379 21219.0
380 21219.0
381 21219.0
382 21219.0
383 21219.0
384 21219.0
385 21219.0
386 21219.0
387 21219.0
388 21219.0
389 21219.0
390 21219.0
391 21219.0
392 21219.0
393 21219.0
394 21219.0
395 21219.0
396 21219.0
397 21219.0
398 21219.0
399 21219.0
400 21219.0
401 21219.0
402 21219.0
403 21219.0
404 21219.0
405 21219.0
406 21219.0
407 21219.0
408 21219.0
409 21219.0
410 21219.0
411 21219.0
412 21219.0
413 21219.0
414 21219.0
415 21219.0
416 21219.0
417 21219.0
418 21219.0
419 21219.0
420 21219.0
421 21219.0
422 21219.0
423 21219.0
424 21219.0
425 21219.0
426 21219.0
427 21219.0
428 21219.0
429 21219.0
430 21219.0
431 21219.0
432 21219.0
433 21219.0
434 21219.0
435 21219.0
436 21219.0
437 21219.0
438 21219.0
439 21219.0
440 21219.0
441 21219.0
442 21219.0
443 21219.0
444 21219.0
445 21219.0
446 21219.0
447 21219.0
448 21219.0
449 21219.0
450 21219.0
451 21219.0
452 21219.0
453 21219.0
454 21219.0
455 21219.0
456 21219.0
457 21219.0
458 21219.0
459 21219.0
460 21219.0
461 21219.0
462 21219.0
463 21219.0
464 21219.0
465 21219.0
466 21219.0
467 21219.0
468 21219.0
469 21219.0
470 21219.0
471 21219.0
472 21219.0
473 21219.0
474 21219.0
475 21219.0
476 21219.0
477 21219.0
478 21219.0
479 21219.0
480 21219.0
481 21219.0
482 21219.0
483 21219.0
484 21219.0
485 21219.0
486 21219.0
487 21219.0
488 21219.0
489 21219.0
490 21219.0
491 21219.0
492 21219.0
493 21219.0
494 21219.0
495 21219.0
496 21219.0
497 21219.0
498 21219.0
499 21219.0
500 21219.0
501 21219.0
502 21219.0
503 21219.0
504 21219.0
505 21219.0
506 21219.0
507 21219.0
508 21219.0
509 21219.0
510 21219.0
511 21219.0
512 21219.0
513 21219.0
514 21219.0
515 21219.0
516 21219.0
517 21219.0
518 21219.0
519 21219.0
520 21219.0
521 21219.0
522 21219.0
523 21219.0
524 21219.0
525 21219.0
526 21219.0
527 21219.0
528 21219.0
529 21219.0
530 21219.0
531 21219.0
532 21219.0
533 21219.0
534 21219.0
535 21219.0
536 21219.0
537 21219.0
538 21219.0
539 21219.0
540 21219.0
541 21219.0
542 21219.0
543 21219.0
544 21219.0
545 21219.0
546 21219.0
547 21219.0
548 21219.0
549 21219.0
550 21219.0
551 21219.0
552 21219.0
553 21219.0
554 21219.0
555 21219.0
556 21219.0
557 21219.0
558 21219.0
559 21219.0
560 21219.0
561 21219.0
562 21219.0
563 21219.0
564 21219.0
565 21219.0
566 21219.0
567 21219.0
568 21219.0
569 21219.0
570 21219.0
571 21219.0
572 21219.0
573 21219.0
574 21219.0
575 21219.0
576 21219.0
577 21219.0
578 21219.0
579 21219.0
580 21219.0
581 21219.0
582 21219.0
583 21219.0
584 21219.0
585 21219.0
586 21219.0
587 21219.0
588 21219.0
589 21219.0
590 21219.0
591 21219.0
592 21219.0
593 21219.0
594 21219.0
595 21219.0
596 21219.0
597 21219.0
598 21219.0
599 21219.0
600 21219.0
601 21219.0
602 21219.0
603 21219.0
604 21219.0
605 21219.0
606 21219.0
607 21219.0
608 21219.0
609 21219.0
610 21219.0
611 21219.0
612 21219.0
613 21219.0
614 21219.0
615 21219.0
616 21219.0
617 21219.0
618 21219.0
619 21219.0
620 21219.0
621 21219.0
622 21219.0
623 21219.0
624 21219.0
625 21219.0
626 21219.0
627 21219.0
628 21219.0
629 21219.0
630 21219.0
631 21219.0
632 21219.0
633 21219.0
634 21219.0
635 21219.0
636 21219.0
637 21220.0
638 21219.0
639 21219.0
640 21219.0
641 21219.0
642 21219.0
643 21219.0
644 21219.0
645 21219.0
646 21219.0
647 21219.0
648 21219.0
649 21219.0
650 21219.0
651 21219.0
652 21219.0
653 21219.0
654 21219.0
655 21219.0
656 21219.0
657 21219.0
658 21219.0
659 21219.0
660 21219.0
661 21219.0
662 21219.0
663 21219.0
664 21219.0
665 21219.0
666 21219.0
667 21219.0
668 21219.0
669 21219.0
670 21219.0
671 21219.0
672 21219.0
673 21219.0
674 21219.0
675 21219.0
676 21219.0
677 21219.0
678 21219.0
679 21219.0
680 21219.0
681 21219.0
682 21219.0
683 21219.0
684 21219.0
685 21219.0
686 21219.0
687 21219.0
688 21219.0
689 21219.0
690 21219.0
691 21219.0
692 21219.0
693 21219.0
694 21219.0
695 21219.0
696 21219.0
697 21219.0
698 21219.0
699 21219.0
700 21219.0
701 21219.0
702 21219.0
703 21219.0
704 21219.0
705 21219.0
706 21219.0
707 21219.0
708 21219.0
709 21219.0
710 21219.0
711 21219.0
712 21219.0
713 21219.0
714 21219.0
715 21219.0
716 21219.0
717 21219.0
718 21219.0
719 21219.0
720 21219.0
721 21219.0
722 21219.0
723 21219.0
724 21219.0
725 21219.0
726 21219.0
727 21219.0
728 21219.0
729 21219.0
730 21219.0
731 21219.0
732 21219.0
733 21219.0
734 21219.0
735 21219.0
736 21219.0
737 21219.0
738 21219.0
739 21219.0
740 21219.0
741 21219.0
742 21219.0
743 21219.0
744 21219.0
745 21219.0
746 21219.0
747 21219.0
748 21219.0
749 21219.0
750 21219.0
751 21219.0
752 21219.0
753 21219.0
754 21219.0
755 21219.0
756 21219.0
757 21219.0
758 21219.0
759 21219.0
760 21220.0
761 21220.0
762 21219.0
763 21219.0
764 21219.0
765 21219.0
766 21219.0
767 21219.0
768 21219.0
769 21219.0
770 21219.0
771 21219.0
772 21219.0
773 21219.0
774 21219.0
775 21219.0
776 21219.0
777 21219.0
778 21219.0
779 21219.0
780 21219.0
781 21219.0
782 21219.0
783 21219.0
784 21219.0
785 21219.0
786 21219.0
787 21219.0
788 21219.0
789 21219.0
790 21219.0
791 21219.0
792 21219.0
793 21219.0
794 21219.0
795 21219.0
796 21219.0
797 21219.0
798 21219.0
799 21219.0
800 21219.0
801 21219.0
802 21219.0
803 21219.0
804 21219.0
805 21219.0
806 21219.0
807 21219.0
808 21219.0
809 21219.0
810 21219.0
811 21219.0
812 21219.0
813 21219.0
814 21219.0
815 21219.0
816 21219.0
817 21219.0
818 21219.0
819 21219.0
820 21219.0
821 21219.0
822 21219.0
823 21219.0
824 21219.0
825 21219.0
826 21219.0
827 21219.0
828 21219.0
829 21219.0
830 21219.0
831 21219.0
832 21219.0
833 21219.0
834 21219.0
835 21219.0
836 21219.0
837 21219.0
838 21219.0
839 21219.0
840 21219.0
841 21219.0
842 21219.0
843 21219.0
844 21219.0
845 21219.0
846 21219.0
847 21219.0
848 21219.0
849 21219.0
850 21219.0
851 21219.0
852 21219.0
853 21219.0
854 21219.0
855 21219.0
856 21219.0
857 21219.0
858 21219.0
859 21219.0
860 21219.0
861 21219.0
862 21219.0
863 21219.0
864 21219.0
865 21219.0
866 21219.0
867 21219.0
868 21219.0
869 21219.0
870 21219.0
871 21219.0
872 21219.0
873 21219.0
874 21219.0
875 21219.0
876 21219.0
877 21219.0
878 21219.0
879 21219.0
880 21219.0
881 21219.0
882 21219.0
883 21219.0
884 21219.0
885 21219.0
886 21219.0
887 21219.0
888 21219.0
889 21219.0
890 21219.0
891 21219.0
892 21220.0
893 21219.0
894 21219.0
895 21219.0
896 21219.0
897 21219.0
898 21219.0
899 21219.0
900 21219.0
901 21219.0
902 21219.0
903 21219.0
904 21219.0
905 21219.0
906 21219.0
907 21219.0
908 21219.0
909 21219.0
910 21219.0
911 21219.0
912 21219.0
913 21219.0
914 21219.0
915 21219.0
916 21219.0
917 21219.0
918 21219.0
919 21219.0
920 21219.0
921 21219.0
922 21219.0
923 21219.0
924 21219.0
925 21219.0
926 21219.0
927 21219.0
928 21219.0
929 21219.0
930 21219.0
931 21219.0
932 21219.0
933 21219.0
934 21219.0
935 21219.0
936 21219.0
937 21219.0
938 21219.0
939 21219.0
940 21219.0
941 21219.0
942 21219.0
943 21219.0
944 21219.0
945 21219.0
946 21219.0
947 21219.0
948 21219.0
949 21219.0
950 21219.0
951 21219.0
952 21219.0
953 21219.0
954 21219.0
955 21219.0
956 21219.0
957 21219.0
958 21219.0
959 21219.0
960 21219.0
961 21219.0
962 21219.0
963 21219.0
964 21219.0
965 21219.0
966 21219.0
967 21219.0
968 21219.0
969 21219.0
970 21219.0
971 21219.0
972 21219.0
973 21219.0
974 21219.0
975 21219.0
976 21219.0
977 21219.0
978 21219.0
979 21219.0
980 21219.0
981 21219.0
982 21219.0
983 21219.0
984 21219.0
985 21219.0
986 21219.0
987 21219.0
988 21219.0
989 21219.0
990 21219.0
991 21219.0
992 21219.0
993 21219.0
994 21219.0
995 21219.0
996 21219.0
997 21219.0
998 21219.0
999 21219.0
1000 21219.0
