0 7204.0
1 7889.0
2 8311.0
3 8660.0
4 9493.0
5 9716.0
6 10497.0
7 11658.0
8 11658.0
9 11664.0
10 12812.0
11 12812.0
12 13563.0
13 13573.0
14 13583.0
15 13980.0
16 14411.0
17 14966.0
18 15030.0
19 14988.0
20 15581.0
21 15840.0
22 16086.0
23 16086.0
24 16362.0
25 16632.0
26 16632.0
27 16674.0
28 16827.0
29 16791.0
30 16978.0
31 16982.0
32 17272.0
33 17602.0
34 18056.0
35 18056.0
36 17747.0
37 17573.0
38 18021.0
39 18662.0
40 18383.0
41 18362.0
42 18572.0
43 19041.0
44 18509.0
45 18509.0
46 18509.0
47 18856.0
48 18587.0
49 18587.0
50 19148.0
51 18902.0
52 19178.0
53 19178.0
54 19267.0
55 19267.0
56 19294.0
57 19294.0
58 19531.0
59 19406.0
60 19590.0
61 19590.0
62 19590.0
63 19590.0
64 19555.0
65 19680.0
66 19680.0
67 19817.0
68 19680.0
69 19707.0
70 19733.0
71 19789.0
72 19901.0
73 19994.0
74 20022.0
75 19724.0
76 19830.0
77 20163.0
78 20121.0
79 20121.0
80 20121.0
81 20205.0
82 20205.0
83 20118.0
84 20323.0
85 20227.0
86 20332.0
87 20332.0
88 20326.0
89 20329.0
90 20376.0
91 20376.0
92 20376.0
93 20556.0
94 20468.0
95 20443.0
96 20463.0
97 20660.0
98 20522.0
99 20522.0
100 20576.0
101 20576.0
102 20741.0
103 20741.0
104 20757.0
105 20766.0
106 20794.0
107 20794.0
108 20726.0
109 20696.0
110 20745.0
111 20745.0
112 20742.0
113 20895.0
114 20897.0
115 20948.0
116 20927.0
117 20941.0
118 20945.0
119 20987.0
120 20997.0
121 20997.0
122 20994.0
123 20985.0
124 20991.0
125 21021.0
126 21035.0
127 21093.0
128 21093.0
129 21093.0
130 21089.0
131 21089.0
132 21064.0
133 21086.0
134 21086.0
135 21086.0
136 21086.0
137 21079.0
138 21064.0
139 21066.0
140 21054.0
141 21036.0
142 21043.0
143 21043.0
144 21043.0
145 21043.0
146 21036.0
147 21029.0
148 21022.0
149 21022.0
150 21022.0
151 21022.0
152 21022.0
153 21022.0
154 21022.0
155 21022.0
156 21022.0
157 21022.0
158 21022.0
159 21022.0
160 21022.0
161 21022.0
162 21022.0
163 21022.0
164 21022.0
165 21022.0
166 21022.0
167 21022.0
168 21022.0
169 21022.0
170 21022.0
171 21035.0
172 21035.0
173 21035.0
174 21035.0
175 21035.0
176 21035.0
177 21035.0
178 21035.0
179 21035.0
180 21035.0
181 21035.0
182 21035.0
183 21035.0
184 21035.0
185 21035.0
186 21035.0
187 21035.0
188 21035.0
189 21035.0
190 21035.0
191 21035.0
192 21035.0
193 21035.0
194 21035.0
195 21035.0
196 21035.0
197 21035.0
198 21035.0
199 21035.0
200 21035.0
201 21035.0
202 21035.0
203 21035.0
204 21035.0
205 21035.0
206 21035.0
207 21035.0
208 21035.0
209 21035.0
210 21035.0
211 21035.0
212 21035.0
213 21035.0
214 21035.0
215 21035.0
216 21035.0
217 21035.0
218 21035.0
219 21035.0
220 21035.0
221 21035.0
222 21035.0
223 21035.0
224 21035.0
225 21035.0
226 21035.0
227 21035.0
228 21035.0
229 21035.0
230 21035.0
231 21035.0
232 21035.0
233 21035.0
234 21035.0
235 21035.0
236 21035.0
237 21035.0
238 21035.0
239 21035.0
240 21035.0
241 21035.0
242 21035.0
243 21035.0
244 21035.0
245 21035.0
246 21035.0
247 21035.0
248 21035.0
249 21035.0
250 21035.0
251 21035.0
252 21035.0
253 21035.0
254 21035.0
255 21035.0
256 21035.0
257 21035.0
258 21035.0
259 21035.0
260 21035.0
261 21035.0
262 21035.0
263 21035.0
264 21035.0
265 21035.0
266 21035.0
267 21035.0
268 21035.0
269 21035.0
270 21035.0
271 21035.0
272 21035.0
273 21035.0
274 21035.0
275 21069.0
276 21069.0
277 21069.0
278 21069.0
279 21069.0
280 21069.0
281 21069.0
282 21069.0
283 21069.0
284 21069.0
285 21069.0
286 21069.0
287 21069.0
288 21069.0
289 21069.0
290 21069.0
291 21069.0
292 21069.0
293 21069.0
294 21069.0
295 21069.0
296 21069.0
297 21069.0
298 21069.0
299 21069.0
300 21069.0
301 21069.0
302 21069.0
303 21069.0
304 21069.0
305 21069.0
306 21069.0
307 21069.0
308 21069.0
309 21069.0
310 21069.0
311 21069.0
312 21069.0
313 21069.0
314 21069.0
315 21069.0
316 21069.0
317 21069.0
318 21069.0
319 21069.0
320 21069.0
321 21069.0
322 21069.0
323 21069.0
324 21069.0
325 21069.0
326 21069.0
327 21069.0
328 21069.0
329 21069.0
330 21069.0
331 21069.0
332 21069.0
333 21069.0
334 21069.0
335 21069.0
336 21069.0
337 21069.0
338 21069.0
339 21069.0
340 21069.0
341 21069.0
342 21069.0
343 21069.0
344 21069.0
345 21069.0
346 21069.0
347 21069.0
348 21069.0
349 21069.0
350 21069.0
351 21069.0
352 21069.0
353 21069.0
354 21069.0
355 21069.0
356 21069.0
357 21069.0
358 21069.0
359 21069.0
360 21069.0
361 21069.0
362 21069.0
363 21069.0
364 21069.0
365 21069.0
366 21069.0
367 21069.0
368 21069.0
369 21069.0
370 21069.0
371 21069.0
372 21069.0
373 21069.0
374 21069.0
375 21069.0
376 21069.0
377 21069.0
378 21069.0
379 21069.0
380 21069.0
381 21069.0
382 21069.0
383 21069.0
384 21069.0
385 21069.0
386 21069.0
387 21069.0
388 21069.0
389 21069.0
390 21069.0
391 21069.0
392 21069.0
393 21069.0
394 21069.0
395 21069.0
396 21069.0
397 21069.0
398 21069.0
399 21069.0
400 21069.0
401 21069.0
402 21069.0
403 21069.0
404 21069.0
405 21069.0
406 21069.0
407 21069.0
408 21069.0
409 21069.0
410 21069.0
411 21069.0
412 21069.0
413 21069.0
414 21069.0
415 21069.0
416 21069.0
417 21069.0
418 21069.0
419 21069.0
420 21069.0
421 21069.0
422 21069.0
423 21069.0
424 21069.0
425 21069.0
426 21069.0
427 21069.0
428 21069.0
429 21069.0
430 21069.0
431 21069.0
432 21069.0
433 21069.0
434 21069.0
435 21069.0
436 21069.0
437 21069.0
438 21069.0
439 21069.0
440 21069.0
441 21069.0
442 21069.0
443 21069.0
444 21069.0
445 21069.0
446 21069.0
447 21069.0
448 21069.0
449 21069.0
450 21069.0
451 21069.0
452 21069.0
453 21069.0
454 21069.0
455 21069.0
456 21069.0
457 21069.0
458 21069.0
459 21069.0
460 21069.0
461 21069.0
462 21069.0
463 21069.0
464 21069.0
465 21069.0
466 21069.0
467 21069.0
468 21069.0
469 21069.0
470 21069.0
471 21069.0
472 21069.0
473 21069.0
474 21069.0
475 21069.0
476 21069.0
477 21069.0
478 21069.0
479 21069.0
480 21069.0
481 21069.0
482 21069.0
483 21069.0
484 21069.0
485 21069.0
486 21069.0
487 21069.0
488 21069.0
489 21069.0
490 21069.0
491 21069.0
492 21069.0
493 21069.0
494 21069.0
495 21069.0
496 21069.0
497 21069.0
498 21069.0
499 21069.0
500 21069.0
501 21069.0
502 21069.0
503 21069.0
504 21069.0
505 21069.0
506 21069.0
507 21069.0
508 21069.0
509 21069.0
510 21069.0
511 21069.0
512 21069.0
513 21069.0
514 21069.0
515 21069.0
516 21069.0
517 21069.0
518 21069.0
519 21069.0
520 21069.0
521 21069.0
522 21069.0
523 21069.0
524 21069.0
525 21069.0
526 21069.0
527 21069.0
528 21069.0
529 21069.0
530 21069.0
531 21069.0
532 21069.0
533 21069.0
534 21069.0
535 21069.0
536 21069.0
537 21069.0
538 21069.0
539 21069.0
540 21069.0
541 21069.0
542 21069.0
543 21069.0
544 21069.0
545 21069.0
546 21069.0
547 21069.0
548 21069.0
549 21069.0
550 21069.0
551 21069.0
552 21069.0
553 21069.0
554 21069.0
555 21069.0
556 21069.0
557 21069.0
558 21069.0
559 21069.0
560 21069.0
561 21069.0
562 21069.0
563 21069.0
564 21069.0
565 21069.0
566 21069.0
567 21069.0
568 21069.0
569 21069.0
570 21069.0
571 21069.0
572 21069.0
573 21069.0
574 21069.0
575 21069.0
576 21069.0
577 21069.0
578 21069.0
579 21069.0
580 21069.0
581 21069.0
582 21069.0
583 21069.0
584 21069.0
585 21069.0
586 21069.0
587 21069.0
588 21069.0
589 21069.0
590 21069.0
591 21069.0
592 21069.0
593 21069.0
594 21069.0
595 21069.0
596 21069.0
597 21069.0
598 21069.0
599 21069.0
600 21069.0
601 21069.0
602 21069.0
603 21069.0
604 21069.0
605 21069.0
606 21069.0
607 21069.0
608 21069.0
609 21069.0
610 21069.0
611 21069.0
612 21069.0
613 21069.0
614 21069.0
615 21069.0
616 21069.0
617 21069.0
618 21069.0
619 21069.0
620 21069.0
621 21069.0
622 21069.0
623 21069.0
624 21069.0
625 21069.0
626 21069.0
627 21069.0
628 21069.0
629 21069.0
630 21069.0
631 21069.0
632 21069.0
633 21069.0
634 21069.0
635 21069.0
636 21069.0
637 21069.0
638 21069.0
639 21069.0
640 21069.0
641 21069.0
642 21069.0
643 21069.0
644 21069.0
645 21069.0
646 21069.0
647 21069.0
648 21069.0
649 21069.0
650 21069.0
651 21069.0
652 21069.0
653 21069.0
654 21069.0
655 21069.0
656 21069.0
657 21069.0
658 21069.0
659 21069.0
660 21069.0
661 21069.0
662 21069.0
663 21069.0
664 21069.0
665 21069.0
666 21069.0
667 21069.0
668 21069.0
669 21069.0
670 21069.0
671 21069.0
672 21069.0
673 21069.0
674 21069.0
675 21069.0
676 21069.0
677 21069.0
678 21069.0
679 21069.0
680 21069.0
681 21069.0
682 21069.0
683 21069.0
684 21069.0
685 21069.0
686 21069.0
687 21069.0
688 21069.0
689 21069.0
690 21069.0
691 21069.0
692 21069.0
693 21069.0
694 21069.0
695 21069.0
696 21069.0
697 21069.0
698 21069.0
699 21069.0
700 21069.0
701 21069.0
702 21069.0
703 21069.0
704 21069.0
705 21069.0
706 21069.0
707 21069.0
708 21069.0
709 21069.0
710 21069.0
711 21069.0
712 21069.0
713 21069.0
714 21069.0
715 21069.0
716 21069.0
717 21069.0
718 21069.0
719 21069.0
720 21069.0
721 21069.0
722 21069.0
723 21069.0
724 21069.0
725 21069.0
726 21069.0
727 21069.0
728 21069.0
729 21069.0
730 21069.0
731 21069.0
732 21069.0
733 21069.0
734 21069.0
735 21069.0
736 21069.0
737 21069.0
738 21069.0
739 21069.0
740 21069.0
741 21069.0
742 21069.0
743 21069.0
744 21069.0
745 21069.0
746 21069.0
747 21069.0
748 21069.0
749 21069.0
750 21069.0
751 21069.0
752 21069.0
753 21069.0
754 21069.0
755 21069.0
756 21069.0
757 21069.0
758 21069.0
759 21069.0
760 21069.0
761 21069.0
762 21069.0
763 21069.0
764 21069.0
765 21069.0
766 21069.0
767 21069.0
768 21069.0
769 21069.0
770 21069.0
771 21069.0
772 21069.0
773 21069.0
774 21069.0
775 21069.0
776 21069.0
777 21069.0
778 21069.0
779 21069.0
780 21069.0
781 21069.0
782 21069.0
783 21069.0
784 21069.0
785 21069.0
786 21069.0
787 21069.0
788 21069.0
789 21069.0
790 21069.0
791 21069.0
792 21069.0
793 21069.0
794 21069.0
795 21069.0
796 21069.0
797 21069.0
798 21069.0
799 21069.0
800 21069.0
801 21069.0
802 21069.0
803 21069.0
804 21069.0
805 21069.0
806 21069.0
807 21069.0
808 21069.0
809 21069.0
810 21069.0
811 21069.0
812 21069.0
813 21069.0
814 21069.0
815 21069.0
816 21069.0
817 21069.0
818 21069.0
819 21069.0
820 21069.0
821 21069.0
822 21069.0
823 21069.0
824 21069.0
825 21069.0
826 21069.0
827 21069.0
828 21069.0
829 21069.0
830 21069.0
831 21069.0
832 21069.0
833 21069.0
834 21069.0
835 21069.0
836 21069.0
837 21069.0
838 21069.0
839 21069.0
840 21069.0
841 21069.0
842 21069.0
843 21069.0
844 21069.0
845 21069.0
846 21069.0
847 21069.0
848 21069.0
849 21069.0
850 21069.0
851 21069.0
852 21069.0
853 21069.0
854 21069.0
855 21069.0
856 21069.0
857 21069.0
858 21069.0
859 21069.0
860 21069.0
861 21069.0
862 21069.0
863 21069.0
864 21069.0
865 21069.0
866 21069.0
867 21069.0
868 21069.0
869 21069.0
870 21069.0
871 21069.0
872 21069.0
873 21069.0
874 21069.0
875 21069.0
876 21069.0
877 21069.0
878 21069.0
879 21069.0
880 21069.0
881 21069.0
882 21069.0
883 21069.0
884 21069.0
885 21069.0
886 21069.0
887 21069.0
888 21069.0
889 21069.0
890 21069.0
891 21069.0
892 21069.0
893 21069.0
894 21069.0
895 21069.0
896 21069.0
897 21069.0
898 21069.0
899 21069.0
900 21069.0
901 21069.0
902 21069.0
903 21069.0
904 21069.0
905 21069.0
906 21069.0
907 21069.0
908 21069.0
909 21069.0
910 21069.0
911 21069.0
912 21069.0
913 21069.0
914 21069.0
915 21069.0
916 21069.0
917 21069.0
918 21069.0
919 21069.0
920 21069.0
921 21069.0
922 21069.0
923 21069.0
924 21069.0
925 21069.0
926 21069.0
927 21069.0
928 21069.0
929 21069.0
930 21069.0
931 21069.0
932 21069.0
933 21069.0
934 21069.0
935 21069.0
936 21069.0
937 21069.0
938 21069.0
939 21069.0
940 21069.0
941 21069.0
942 21069.0
943 21069.0
944 21069.0
945 21069.0
946 21069.0
947 21069.0
948 21069.0
949 21069.0
950 21069.0
951 21069.0
952 21069.0
953 21069.0
954 21069.0
955 21069.0
956 21069.0
957 21069.0
958 21069.0
959 21069.0
960 21069.0
961 21069.0
962 21069.0
963 21069.0
964 21069.0
965 21069.0
966 21069.0
967 21069.0
968 21069.0
969 21069.0
970 21069.0
971 21069.0
972 21069.0
973 21069.0
974 21069.0
975 21069.0
976 21069.0
977 21069.0
978 21069.0
979 21069.0
980 21069.0
981 21069.0
982 21069.0
983 21069.0
984 21069.0
985 21069.0
986 21069.0
987 21069.0
988 21069.0
989 21069.0
990 21069.0
991 21069.0
992 21069.0
993 21069.0
994 21069.0
995 21069.0
996 21069.0
997 21069.0
998 21069.0
999 21069.0
1000 21069.0
