0 7212.0
1 7730.0
2 8327.0
3 9006.0
4 10009.0
5 10228.0
6 10261.0
7 10730.0
8 11218.0
9 11892.0
10 11892.0
11 12140.0
12 12915.0
13 13320.0
14 13625.0
15 13987.0
16 14142.0
17 14637.0
18 15153.0
19 15650.0
20 15650.0
21 15391.0
22 16276.0
23 15678.0
24 16257.0
25 16257.0
26 17012.0
27 16691.0
28 17157.0
29 17524.0
30 17468.0
31 17651.0
32 17651.0
33 17852.0
34 17852.0
35 17727.0
36 18028.0
37 18028.0
38 18344.0
39 18344.0
40 18344.0
41 18070.0
42 18541.0
43 18541.0
44 18541.0
45 18541.0
46 18541.0
47 18276.0
48 18539.0
49 18628.0
50 18628.0
51 18760.0
52 18917.0
53 18628.0
54 19066.0
55 18729.0
56 18729.0
57 18729.0
58 18783.0
59 18727.0
60 18909.0
61 18939.0
62 19293.0
63 19293.0
64 19031.0
65 19031.0
66 19431.0
67 19233.0
68 19244.0
69 19405.0
70 19405.0
71 19405.0
72 19405.0
73 19405.0
74 19405.0
75 19913.0
76 19913.0
77 19913.0
78 19666.0
79 19766.0
80 19766.0
81 19763.0
82 19763.0
83 20134.0
84 20134.0
85 20134.0
86 20134.0
87 19908.0
88 19908.0
89 20096.0
90 20395.0
91 20395.0
92 20395.0
93 20269.0
94 20295.0
95 20354.0
96 20354.0
97 20435.0
98 20469.0
99 20469.0
100 20461.0
101 20587.0
102 20657.0
103 20598.0
104 20599.0
105 20645.0
106 20565.0
107 20716.0
108 20716.0
109 20601.0
110 20656.0
111 20721.0
112 20730.0
113 20730.0
114 20730.0
115 20648.0
116 20648.0
117 20609.0
118 20643.0
119 20629.0
120 20600.0
121 20619.0
122 20622.0
123 20622.0
124 20682.0
125 20645.0
126 20636.0
127 20632.0
128 20637.0
129 20645.0
130 20645.0
131 20660.0
132 20660.0
133 20673.0
134 20660.0
135 20660.0
136 20660.0
137 20673.0
138 20646.0
139 20645.0
140 20645.0
141 20646.0
142 20645.0
143 20641.0
144 20638.0
145 20638.0
146 20650.0
147 20660.0
148 20660.0
149 20660.0
150 20660.0
151 20660.0
152 20660.0
153 20660.0
154 20626.0
155 20659.0
156 20626.0
157 20626.0
158 20626.0
159 20626.0
160 20626.0
161 20626.0
162 20626.0
163 20626.0
164 20626.0
165 20626.0
166 20626.0
167 20626.0
168 20626.0
169 20626.0
170 20626.0
171 20626.0
172 20626.0
173 20626.0
174 20626.0
175 20626.0
176 20626.0
177 20626.0
178 20626.0
179 20626.0
180 20626.0
181 20626.0
182 20626.0
183 20626.0
184 20626.0
185 20626.0
186 20626.0
187 20626.0
188 20626.0
189 20626.0
190 20626.0
191 20626.0
192 20626.0
193 20626.0
194 20626.0
195 20626.0
196 20626.0
197 20626.0
198 20626.0
199 20626.0
200 20626.0
201 20626.0
202 20626.0
203 20626.0
204 20626.0
205 20626.0
206 20626.0
207 20626.0
208 20626.0
209 20626.0
210 20626.0
211 20626.0
212 20626.0
213 20626.0
214 20626.0
215 20626.0
216 20626.0
217 20626.0
218 20626.0
219 20626.0
220 20626.0
221 20626.0
222 20626.0
223 20626.0
224 20626.0
225 20626.0
226 20626.0
227 20626.0
228 20626.0
229 20626.0
230 20626.0
231 20626.0
232 20626.0
233 20626.0
234 20626.0
235 20626.0
236 20626.0
237 20626.0
238 20626.0
239 20626.0
240 20626.0
241 20626.0
242 20626.0
243 20626.0
244 20626.0
245 20626.0
246 20626.0
247 20626.0
248 20626.0
249 20626.0
250 20626.0
251 20626.0
252 20626.0
253 20626.0
254 20626.0
255 20626.0
256 20626.0
257 20626.0
258 20626.0
259 20626.0
260 20626.0
261 20626.0
262 20626.0
263 20626.0
264 20626.0
265 20626.0
266 20626.0
267 20626.0
268 20626.0
269 20626.0
270 20626.0
271 20626.0
272 20626.0
273 20626.0
274 20626.0
275 20626.0
276 20626.0
277 20626.0
278 20626.0
279 20626.0
280 20626.0
281 20626.0
282 20626.0
283 20626.0
284 20626.0
285 20626.0
286 20626.0
287 20626.0
288 20626.0
289 20626.0
290 20626.0
291 20633.0
292 20633.0
293 20626.0
294 20626.0
295 20626.0
296 20626.0
297 20626.0
298 20626.0
299 20626.0
300 20626.0
301 20626.0
302 20626.0
303 20626.0
304 20626.0
305 20626.0
306 20626.0
307 20626.0
308 20626.0
309 20626.0
310 20626.0
311 20626.0
312 20626.0
313 20626.0
314 20626.0
315 20626.0
316 20626.0
317 20626.0
318 20626.0
319 20626.0
320 20626.0
321 20626.0
322 20626.0
323 20626.0
324 20626.0
325 20626.0
326 20626.0
327 20626.0
328 20626.0
329 20626.0
330 20626.0
331 20626.0
332 20626.0
333 20626.0
334 20626.0
335 20626.0
336 20626.0
337 20626.0
338 20626.0
339 20626.0
340 20626.0
341 20626.0
342 20626.0
343 20626.0
344 20626.0
345 20626.0
346 20626.0
347 20626.0
348 20626.0
349 20626.0
350 20626.0
351 20626.0
352 20626.0
353 20626.0
354 20626.0
355 20626.0
356 20626.0
357 20626.0
358 20626.0
359 20626.0
360 20626.0
361 20626.0
362 20626.0
363 20626.0
364 20626.0
365 20626.0
366 20626.0
367 20626.0
368 20626.0
369 20626.0
370 20626.0
371 20626.0
372 20626.0
373 20626.0
374 20626.0
375 20626.0
376 20626.0
377 20626.0
378 20626.0
379 20626.0
380 20626.0
381 20626.0
382 20626.0
383 20626.0
384 20626.0
385 20626.0
386 20626.0
387 20626.0
388 20626.0
389 20626.0
390 20626.0
391 20626.0
392 20626.0
393 20626.0
394 20626.0
395 20626.0
396 20626.0
397 20626.0
398 20626.0
399 20626.0
400 20626.0
401 20626.0
402 20626.0
403 20626.0
404 20626.0
405 20626.0
406 20626.0
407 20626.0
408 20626.0
409 20626.0
410 20626.0
411 20626.0
412 20626.0
413 20626.0
414 20626.0
415 20626.0
416 20626.0
417 20626.0
418 20626.0
419 20626.0
420 20626.0
421 20626.0
422 20626.0
423 20626.0
424 20626.0
425 20626.0
426 20626.0
427 20626.0
428 20626.0
429 20626.0
430 20626.0
431 20626.0
432 20626.0
433 20626.0
434 20626.0
435 20626.0
436 20626.0
437 20626.0
438 20626.0
439 20626.0
440 20626.0
441 20626.0
442 20626.0
443 20626.0
444 20626.0
445 20626.0
446 20626.0
447 20626.0
448 20626.0
449 20626.0
450 20626.0
451 20626.0
452 20626.0
453 20626.0
454 20626.0
455 20626.0
456 20626.0
457 20626.0
458 20626.0
459 20626.0
460 20626.0
461 20626.0
462 20626.0
463 20626.0
464 20626.0
465 20626.0
466 20626.0
467 20626.0
468 20626.0
469 20626.0
470 20626.0
471 20626.0
472 20626.0
473 20643.0
474 20626.0
475 20626.0
476 20626.0
477 20626.0
478 20626.0
479 20626.0
480 20626.0
481 20626.0
482 20626.0
483 20626.0
484 20626.0
485 20626.0
486 20626.0
487 20626.0
488 20626.0
489 20626.0
490 20626.0
491 20626.0
492 20626.0
493 20626.0
494 20626.0
495 20626.0
496 20626.0
497 20626.0
498 20626.0
499 20626.0
500 20626.0
501 20626.0
502 20626.0
503 20626.0
504 20626.0
505 20626.0
506 20626.0
507 20626.0
508 20626.0
509 20626.0
510 20626.0
511 20626.0
512 20626.0
513 20626.0
514 20626.0
515 20626.0
516 20626.0
517 20626.0
518 20626.0
519 20626.0
520 20626.0
521 20626.0
522 20626.0
523 20626.0
524 20626.0
525 20626.0
526 20626.0
527 20626.0
528 20626.0
529 20626.0
530 20626.0
531 20626.0
532 20626.0
533 20626.0
534 20626.0
535 20626.0
536 20626.0
537 20626.0
538 20626.0
539 20626.0
540 20626.0
541 20626.0
542 20626.0
543 20626.0
544 20626.0
545 20626.0
546 20626.0
547 20626.0
548 20626.0
549 20626.0
550 20626.0
551 20626.0
552 20626.0
553 20626.0
554 20626.0
555 20626.0
556 20626.0
557 20626.0
558 20626.0
559 20626.0
560 20626.0
561 20626.0
562 20626.0
563 20626.0
564 20626.0
565 20626.0
566 20626.0
567 20626.0
568 20626.0
569 20626.0
570 20626.0
571 20626.0
572 20626.0
573 20626.0
574 20626.0
575 20626.0
576 20626.0
577 20626.0
578 20626.0
579 20626.0
580 20626.0
581 20626.0
582 20626.0
583 20626.0
584 20626.0
585 20626.0
586 20626.0
587 20626.0
588 20626.0
589 20626.0
590 20626.0
591 20626.0
592 20626.0
593 20626.0
594 20626.0
595 20626.0
596 20626.0
597 20626.0
598 20626.0
599 20626.0
600 20626.0
601 20626.0
602 20626.0
603 20626.0
604 20626.0
605 20626.0
606 20626.0
607 20626.0
608 20626.0
609 20626.0
610 20626.0
611 20626.0
612 20626.0
613 20626.0
614 20626.0
615 20626.0
616 20626.0
617 20626.0
618 20626.0
619 20626.0
620 20626.0
621 20626.0
622 20626.0
623 20626.0
624 20626.0
625 20626.0
626 20626.0
627 20626.0
628 20626.0
629 20626.0
630 20626.0
631 20626.0
632 20626.0
633 20626.0
634 20626.0
635 20626.0
636 20626.0
637 20626.0
638 20626.0
639 20626.0
640 20626.0
641 20626.0
642 20626.0
643 20626.0
644 20626.0
645 20626.0
646 20626.0
647 20626.0
648 20626.0
649 20626.0
650 20626.0
651 20626.0
652 20626.0
653 20626.0
654 20626.0
655 20626.0
656 20626.0
657 20626.0
658 20626.0
659 20626.0
660 20626.0
661 20626.0
662 20626.0
663 20626.0
664 20626.0
665 20626.0
666 20626.0
667 20626.0
668 20626.0
669 20626.0
670 20626.0
671 20626.0
672 20626.0
673 20626.0
674 20626.0
675 20626.0
676 20626.0
677 20626.0
678 20626.0
679 20626.0
680 20626.0
681 20626.0
682 20626.0
683 20626.0
684 20626.0
685 20626.0
686 20626.0
687 20626.0
688 20626.0
689 20626.0
690 20626.0
691 20626.0
692 20626.0
693 20626.0
694 20626.0
695 20626.0
696 20626.0
697 20626.0
698 20626.0
699 20626.0
700 20626.0
701 20626.0
702 20626.0
703 20626.0
704 20626.0
705 20626.0
706 20626.0
707 20626.0
708 20626.0
709 20626.0
710 20626.0
711 20626.0
712 20626.0
713 20626.0
714 20626.0
715 20626.0
716 20626.0
717 20626.0
718 20626.0
719 20626.0
720 20626.0
721 20626.0
722 20626.0
723 20626.0
724 20626.0
725 20626.0
726 20626.0
727 20626.0
728 20626.0
729 20626.0
730 20626.0
731 20626.0
732 20626.0
733 20626.0
734 20626.0
735 20626.0
736 20626.0
737 20626.0
738 20626.0
739 20626.0
740 20626.0
741 20626.0
742 20626.0
743 20626.0
744 20626.0
745 20626.0
746 20626.0
747 20626.0
748 20626.0
749 20626.0
750 20626.0
751 20626.0
752 20626.0
753 20626.0
754 20626.0
755 20626.0
756 20626.0
757 20626.0
758 20626.0
759 20626.0
760 20626.0
761 20626.0
762 20626.0
763 20626.0
764 20626.0
765 20626.0
766 20626.0
767 20626.0
768 20626.0
769 20626.0
770 20626.0
771 20626.0
772 20626.0
773 20626.0
774 20626.0
775 20626.0
776 20626.0
777 20626.0
778 20626.0
779 20626.0
780 20626.0
781 20626.0
782 20626.0
783 20626.0
784 20626.0
785 20626.0
786 20626.0
787 20626.0
788 20626.0
789 20626.0
790 20626.0
791 20626.0
792 20626.0
793 20626.0
794 20626.0
795 20626.0
796 20626.0
797 20626.0
798 20626.0
799 20626.0
800 20626.0
801 20626.0
802 20626.0
803 20626.0
804 20626.0
805 20626.0
806 20626.0
807 20626.0
808 20626.0
809 20626.0
810 20626.0
811 20626.0
812 20626.0
813 20626.0
814 20626.0
815 20626.0
816 20626.0
817 20626.0
818 20626.0
819 20626.0
820 20626.0
821 20626.0
822 20626.0
823 20626.0
824 20626.0
825 20626.0
826 20626.0
827 20626.0
828 20626.0
829 20626.0
830 20626.0
831 20626.0
832 20626.0
833 20626.0
834 20626.0
835 20626.0
836 20626.0
837 20626.0
838 20626.0
839 20626.0
840 20626.0
841 20626.0
842 20626.0
843 20626.0
844 20626.0
845 20626.0
846 20626.0
847 20626.0
848 20626.0
849 20626.0
850 20626.0
851 20626.0
852 20626.0
853 20626.0
854 20626.0
855 20626.0
856 20626.0
857 20626.0
858 20626.0
859 20626.0
860 20626.0
861 20626.0
862 20626.0
863 20626.0
864 20626.0
865 20626.0
866 20626.0
867 20626.0
868 20626.0
869 20626.0
870 20626.0
871 20626.0
872 20626.0
873 20626.0
874 20626.0
875 20626.0
876 20626.0
877 20626.0
878 20626.0
879 20626.0
880 20626.0
881 20626.0
882 20626.0
883 20626.0
884 20626.0
885 20626.0
886 20626.0
887 20626.0
888 20626.0
889 20626.0
890 20626.0
891 20626.0
892 20626.0
893 20626.0
894 20626.0
895 20626.0
896 20626.0
897 20626.0
898 20626.0
899 20626.0
900 20626.0
901 20626.0
902 20626.0
903 20626.0
904 20626.0
905 20626.0
906 20626.0
907 20626.0
908 20626.0
909 20626.0
910 20626.0
911 20626.0
912 20626.0
913 20626.0
914 20626.0
915 20626.0
916 20626.0
917 20626.0
918 20626.0
919 20626.0
920 20626.0
921 20626.0
922 20626.0
923 20626.0
924 20626.0
925 20626.0
926 20626.0
927 20626.0
928 20626.0
929 20626.0
930 20626.0
931 20626.0
932 20626.0
933 20626.0
934 20626.0
935 20626.0
936 20626.0
937 20626.0
938 20626.0
939 20626.0
940 20626.0
941 20626.0
942 20626.0
943 20626.0
944 20626.0
945 20626.0
946 20626.0
947 20626.0
948 20626.0
949 20626.0
950 20626.0
951 20626.0
952 20626.0
953 20626.0
954 20626.0
955 20626.0
956 20626.0
957 20626.0
958 20626.0
959 20626.0
960 20626.0
961 20626.0
962 20626.0
963 20626.0
964 20626.0
965 20626.0
966 20626.0
967 20626.0
968 20626.0
969 20626.0
970 20626.0
971 20626.0
972 20626.0
973 20626.0
974 20626.0
975 20626.0
976 20626.0
977 20626.0
978 20626.0
979 20626.0
980 20626.0
981 20626.0
982 20626.0
983 20626.0
984 20626.0
985 20626.0
986 20626.0
987 20626.0
988 20626.0
989 20626.0
990 20626.0
991 20626.0
992 20626.0
993 20626.0
994 20626.0
995 20626.0
996 20626.0
997 20626.0
998 20626.0
999 20626.0
1000 20626.0
