0 2183.0
1 2183.0
2 2183.0
3 2183.0
4 2183.0
5 2183.0
6 2183.0
7 2183.0
8 2183.0
9 2183.0
10 2183.0
11 2183.0
12 2183.0
13 2183.0
14 2183.0
15 2183.0
16 2183.0
17 2183.0
18 2183.0
19 2183.0
20 2183.0
21 2183.0
22 2183.0
23 2183.0
24 2183.0
25 2183.0
26 2183.0
27 2183.0
28 2183.0
29 2183.0
30 2183.0
31 2183.0
32 2183.0
33 2183.0
34 2183.0
35 2183.0
36 2183.0
37 2183.0
38 2183.0
39 2183.0
40 2183.0
41 2183.0
42 2183.0
43 2183.0
44 2183.0
45 2183.0
46 2183.0
47 2183.0
48 2183.0
49 2183.0
50 2183.0
51 2183.0
52 2183.0
53 2183.0
54 2183.0
55 2183.0
56 2183.0
57 2183.0
58 2183.0
59 2183.0
60 2183.0
61 2183.0
62 2183.0
63 2183.0
64 2183.0
65 2183.0
66 2183.0
67 2183.0
68 2183.0
69 2183.0
70 2183.0
71 2183.0
72 2183.0
73 2183.0
74 2183.0
75 2183.0
76 2183.0
77 2183.0
78 2183.0
79 2183.0
80 2183.0
81 2183.0
82 2183.0
83 2183.0
84 2183.0
85 2183.0
86 2183.0
87 2183.0
88 2183.0
89 2183.0
90 2183.0
91 2183.0
92 2183.0
93 2183.0
94 2183.0
95 2183.0
96 2183.0
97 2183.0
98 2183.0
99 2183.0
100 2183.0
101 2183.0
102 2183.0
103 2183.0
104 2183.0
105 2183.0
106 2183.0
107 2183.0
108 2183.0
109 2183.0
110 2183.0
111 2183.0
112 2183.0
113 2183.0
114 2183.0
115 2183.0
116 2183.0
117 2183.0
118 2183.0
119 2183.0
120 2183.0
121 2183.0
122 2183.0
123 2183.0
124 2183.0
125 2183.0
126 2183.0
127 2183.0
128 2183.0
129 2183.0
130 2183.0
131 2183.0
132 2183.0
133 2183.0
134 2183.0
135 2183.0
136 2183.0
137 2183.0
138 2183.0
139 2183.0
140 2183.0
141 2183.0
142 2183.0
143 2183.0
144 2183.0
145 2183.0
146 2183.0
147 2183.0
148 2183.0
149 2183.0
150 2183.0
151 2183.0
152 2183.0
153 2183.0
154 2183.0
155 2183.0
156 2183.0
157 2183.0
158 2183.0
159 2183.0
160 2183.0
161 2183.0
162 2183.0
163 2183.0
164 2183.0
165 2183.0
166 2183.0
167 2183.0
168 2183.0
169 2183.0
170 2183.0
171 2183.0
172 2183.0
173 2183.0
174 2183.0
175 2183.0
176 2183.0
177 2183.0
178 2183.0
179 2183.0
180 2183.0
181 2183.0
182 2183.0
183 2183.0
184 2183.0
185 2183.0
186 2183.0
187 2183.0
188 2183.0
189 2183.0
190 2183.0
191 2183.0
192 2183.0
193 2183.0
194 2183.0
195 2183.0
196 2183.0
197 2183.0
198 2183.0
199 2183.0
200 2183.0
201 2183.0
202 2183.0
203 2183.0
204 2183.0
205 2183.0
206 2183.0
207 2183.0
208 2183.0
209 2183.0
210 2183.0
211 2183.0
212 2183.0
213 2183.0
214 2183.0
215 2183.0
216 2183.0
217 2183.0
218 2183.0
219 2183.0
220 2183.0
221 2183.0
222 2183.0
223 2183.0
224 2183.0
225 2183.0
226 2183.0
227 2183.0
228 2183.0
229 2183.0
230 2183.0
231 2183.0
232 2183.0
233 2183.0
234 2183.0
235 2183.0
236 2183.0
237 2183.0
238 2183.0
239 2183.0
240 2183.0
241 2183.0
242 2183.0
243 2183.0
244 2183.0
245 2183.0
246 2183.0
247 2183.0
248 2183.0
249 2183.0
250 2183.0
251 2183.0
252 2183.0
253 2183.0
254 2183.0
255 2183.0
256 2183.0
257 2183.0
258 2183.0
259 2183.0
260 2183.0
261 2183.0
262 2183.0
263 2183.0
264 2183.0
265 2183.0
266 2183.0
267 2183.0
268 2183.0
269 2183.0
270 2183.0
271 2183.0
272 2183.0
273 2183.0
274 2183.0
275 2183.0
276 2183.0
277 2183.0
278 2183.0
279 2183.0
280 2183.0
281 2183.0
282 2183.0
283 2183.0
284 2183.0
285 2183.0
286 2183.0
287 2183.0
288 2183.0
289 2183.0
290 2183.0
291 2183.0
292 2183.0
293 2183.0
294 2183.0
295 2183.0
296 2183.0
297 2183.0
298 2183.0
299 2183.0
300 2183.0
301 2183.0
302 2183.0
303 2183.0
304 2183.0
305 2183.0
306 2183.0
307 2183.0
308 2183.0
309 2183.0
310 2183.0
311 2183.0
312 2183.0
313 2183.0
314 2183.0
315 2183.0
316 2183.0
317 2183.0
318 2183.0
319 2183.0
320 2183.0
321 2183.0
322 2183.0
323 2183.0
324 2183.0
325 2183.0
326 2183.0
327 2183.0
328 2183.0
329 2183.0
330 2183.0
331 2183.0
332 2183.0
333 2183.0
334 2183.0
335 2183.0
336 2183.0
337 2183.0
338 2183.0
339 2183.0
340 2183.0
341 2183.0
342 2183.0
343 2183.0
344 2183.0
345 2183.0
346 2183.0
347 2183.0
348 2183.0
349 2183.0
350 2183.0
351 2183.0
352 2183.0
353 2183.0
354 2183.0
355 2183.0
356 2183.0
357 2183.0
358 2183.0
359 2183.0
360 2183.0
361 2183.0
362 2183.0
363 2183.0
364 2183.0
365 2183.0
366 2183.0
367 2183.0
368 2183.0
369 2183.0
370 2183.0
371 2183.0
372 2183.0
373 2183.0
374 2183.0
375 2183.0
376 2183.0
377 2183.0
378 2183.0
379 2183.0
380 2183.0
381 2183.0
382 2183.0
383 2183.0
384 2183.0
385 2183.0
386 2183.0
387 2183.0
388 2183.0
389 2183.0
390 2183.0
391 2183.0
392 2183.0
393 2183.0
394 2183.0
395 2183.0
396 2183.0
397 2183.0
398 2183.0
399 2183.0
400 2183.0
401 2183.0
402 2183.0
403 2183.0
404 2183.0
405 2183.0
406 2183.0
407 2183.0
408 2183.0
409 2183.0
410 2183.0
411 2183.0
412 2183.0
413 2183.0
414 2183.0
415 2183.0
416 2183.0
417 2183.0
418 2183.0
419 2183.0
420 2183.0
421 2183.0
422 2183.0
423 2183.0
424 2183.0
425 2183.0
426 2183.0
427 2183.0
428 2183.0
429 2183.0
430 2183.0
431 2183.0
432 2183.0
433 2183.0
434 2183.0
435 2183.0
436 2183.0
437 2183.0
438 2183.0
439 2183.0
440 2183.0
441 2183.0
442 2183.0
443 2183.0
444 2183.0
445 2183.0
446 2183.0
447 2183.0
448 2183.0
449 2183.0
450 2183.0
451 2183.0
452 2183.0
453 2183.0
454 2183.0
455 2183.0
456 2183.0
457 2183.0
458 2183.0
459 2183.0
460 2183.0
461 2183.0
462 2183.0
463 2183.0
464 2183.0
465 2183.0
466 2183.0
467 2183.0
468 2183.0
469 2183.0
470 2183.0
471 2183.0
472 2183.0
473 2183.0
474 2183.0
475 2183.0
476 2183.0
477 2183.0
478 2183.0
479 2183.0
480 2183.0
481 2183.0
482 2183.0
483 2183.0
484 2183.0
485 2183.0
486 2183.0
487 2183.0
488 2183.0
489 2183.0
490 2183.0
491 2183.0
492 2183.0
493 2183.0
494 2183.0
495 2183.0
496 2183.0
497 2183.0
498 2183.0
499 2183.0
500 2183.0
501 2183.0
502 2183.0
503 2183.0
504 2183.0
505 2183.0
506 2183.0
507 2183.0
508 2183.0
509 2183.0
510 2183.0
511 2183.0
512 2183.0
513 2183.0
514 2183.0
515 2183.0
516 2183.0
517 2183.0
518 2183.0
519 2183.0
520 2183.0
521 2183.0
522 2183.0
523 2183.0
524 2183.0
525 2183.0
526 2183.0
527 2183.0
528 2183.0
529 2183.0
530 2183.0
531 2183.0
532 2183.0
533 2183.0
534 2183.0
535 2183.0
536 2183.0
537 2183.0
538 2183.0
539 2183.0
540 2183.0
541 2183.0
542 2183.0
543 2183.0
544 2183.0
545 2183.0
546 2183.0
547 2183.0
548 2183.0
549 2183.0
550 2183.0
551 2183.0
552 2183.0
553 2183.0
554 2183.0
555 2183.0
556 2183.0
557 2183.0
558 2183.0
559 2183.0
560 2183.0
561 2183.0
562 2183.0
563 2183.0
564 2183.0
565 2183.0
566 2183.0
567 2183.0
568 2183.0
569 2183.0
570 2183.0
571 2183.0
572 2183.0
573 2183.0
574 2183.0
575 2183.0
576 2183.0
577 2183.0
578 2183.0
579 2183.0
580 2183.0
581 2183.0
582 2183.0
583 2183.0
584 2183.0
585 2183.0
586 2183.0
587 2183.0
588 2183.0
589 2183.0
590 2183.0
591 2183.0
592 2183.0
593 2183.0
594 2183.0
595 2183.0
596 2183.0
597 2183.0
598 2183.0
599 2183.0
600 2183.0
601 2183.0
602 2183.0
603 2183.0
604 2183.0
605 2183.0
606 2183.0
607 2183.0
608 2183.0
609 2183.0
610 2183.0
611 2183.0
612 2183.0
613 2183.0
614 2183.0
615 2183.0
616 2183.0
617 2183.0
618 2183.0
619 2183.0
620 2183.0
621 2183.0
622 2183.0
623 2183.0
624 2183.0
625 2183.0
626 2183.0
627 2183.0
628 2183.0
629 2183.0
630 2183.0
631 2183.0
632 2183.0
633 2183.0
634 2183.0
635 2183.0
636 2183.0
637 2183.0
638 2183.0
639 2183.0
640 2183.0
641 2183.0
642 2183.0
643 2183.0
644 2183.0
645 2183.0
646 2183.0
647 2183.0
648 2183.0
649 2183.0
650 2183.0
651 2183.0
652 2183.0
653 2183.0
654 2183.0
655 2183.0
656 2183.0
657 2183.0
658 2183.0
659 2183.0
660 2183.0
661 2183.0
662 2183.0
663 2183.0
664 2183.0
665 2183.0
666 2183.0
667 2183.0
668 2183.0
669 2183.0
670 2183.0
671 2183.0
672 2183.0
673 2183.0
674 2183.0
675 2183.0
676 2183.0
677 2183.0
678 2183.0
679 2183.0
680 2183.0
681 2183.0
682 2183.0
683 2183.0
684 2183.0
685 2183.0
686 2183.0
687 2183.0
688 2183.0
689 2183.0
690 2183.0
691 2183.0
692 2183.0
693 2183.0
694 2183.0
695 2183.0
696 2183.0
697 2183.0
698 2183.0
699 2183.0
700 2183.0
701 2183.0
702 2183.0
703 2183.0
704 2183.0
705 2183.0
706 2183.0
707 2183.0
708 2183.0
709 2183.0
710 2183.0
711 2183.0
712 2183.0
713 2183.0
714 2183.0
715 2183.0
716 2183.0
717 2183.0
718 2183.0
719 2183.0
720 2183.0
721 2183.0
722 2183.0
723 2183.0
724 2183.0
725 2183.0
726 2183.0
727 2183.0
728 2183.0
729 2183.0
730 2183.0
731 2183.0
732 2183.0
733 2183.0
734 2183.0
735 2183.0
736 2183.0
737 2183.0
738 2183.0
739 2183.0
740 2183.0
741 2183.0
742 2183.0
743 2183.0
744 2183.0
745 2183.0
746 2183.0
747 2183.0
748 2183.0
749 2183.0
750 2183.0
751 2183.0
752 2183.0
753 2183.0
754 2183.0
755 2183.0
756 2183.0
757 2183.0
758 2183.0
759 2183.0
760 2183.0
761 2183.0
762 2183.0
763 2183.0
764 2183.0
765 2183.0
766 2183.0
767 2183.0
768 2183.0
769 2183.0
770 2183.0
771 2183.0
772 2183.0
773 2183.0
774 2183.0
775 2183.0
776 2183.0
777 2183.0
778 2183.0
779 2183.0
780 2183.0
781 2183.0
782 2183.0
783 2183.0
784 2183.0
785 2183.0
786 2183.0
787 2183.0
788 2183.0
789 2183.0
790 2183.0
791 2183.0
792 2183.0
793 2183.0
794 2183.0
795 2183.0
796 2183.0
797 2183.0
798 2183.0
799 2183.0
800 2183.0
801 2183.0
802 2183.0
803 2183.0
804 2183.0
805 2183.0
806 2183.0
807 2183.0
808 2183.0
809 2183.0
810 2183.0
811 2183.0
812 2183.0
813 2183.0
814 2183.0
815 2183.0
816 2183.0
817 2183.0
818 2183.0
819 2183.0
820 2183.0
821 2183.0
822 2183.0
823 2183.0
824 2183.0
825 2183.0
826 2183.0
827 2183.0
828 2183.0
829 2183.0
830 2183.0
831 2183.0
832 2183.0
833 2183.0
834 2183.0
835 2183.0
836 2183.0
837 2183.0
838 2183.0
839 2183.0
840 2183.0
841 2183.0
842 2183.0
843 2183.0
844 2183.0
845 2183.0
846 2183.0
847 2183.0
848 2183.0
849 2183.0
850 2183.0
851 2183.0
852 2183.0
853 2183.0
854 2183.0
855 2183.0
856 2183.0
857 2183.0
858 2183.0
859 2183.0
860 2183.0
861 2183.0
862 2183.0
863 2183.0
864 2183.0
865 2183.0
866 2183.0
867 2183.0
868 2183.0
869 2183.0
870 2183.0
871 2183.0
872 2183.0
873 2183.0
874 2183.0
875 2183.0
876 2183.0
877 2183.0
878 2183.0
879 2183.0
880 2183.0
881 2183.0
882 2183.0
883 2183.0
884 2183.0
885 2183.0
886 2183.0
887 2183.0
888 2183.0
889 2183.0
890 2183.0
891 2183.0
892 2183.0
893 2183.0
894 2183.0
895 2183.0
896 2183.0
897 2183.0
898 2183.0
899 2183.0
900 2183.0
901 2183.0
902 2183.0
903 2183.0
904 2183.0
905 2183.0
906 2183.0
907 2183.0
908 2183.0
909 2183.0
910 2183.0
911 2183.0
912 2183.0
913 2183.0
914 2183.0
915 2183.0
916 2183.0
917 2183.0
918 2183.0
919 2183.0
920 2183.0
921 2183.0
922 2183.0
923 2183.0
924 2183.0
925 2183.0
926 2183.0
927 2183.0
928 2183.0
929 2183.0
930 2183.0
931 2183.0
932 2183.0
933 2183.0
934 2183.0
935 2183.0
936 2183.0
937 2183.0
938 2183.0
939 2183.0
940 2183.0
941 2183.0
942 2183.0
943 2183.0
944 2183.0
945 2183.0
946 2183.0
947 2183.0
948 2183.0
949 2183.0
950 2183.0
951 2183.0
952 2183.0
953 2183.0
954 2183.0
955 2183.0
956 2183.0
957 2183.0
958 2183.0
959 2183.0
960 2183.0
961 2183.0
962 2183.0
963 2183.0
964 2183.0
965 2183.0
966 2183.0
967 2183.0
968 2183.0
969 2183.0
970 2183.0
971 2183.0
972 2183.0
973 2183.0
974 2183.0
975 2183.0
976 2183.0
977 2183.0
978 2183.0
979 2183.0
980 2183.0
981 2183.0
982 2183.0
983 2183.0
984 2183.0
985 2183.0
986 2183.0
987 2183.0
988 2183.0
989 2183.0
990 2183.0
991 2183.0
992 2183.0
993 2183.0
994 2183.0
995 2183.0
996 2183.0
997 2183.0
998 2183.0
999 2183.0
1000 2183.0
