0 2438.0
1 2438.0
2 2438.0
3 2438.0
4 2438.0
5 2438.0
6 2438.0
7 2438.0
8 2438.0
9 2438.0
10 2438.0
11 2438.0
12 2438.0
13 2438.0
14 2438.0
15 2438.0
16 2438.0
17 2438.0
18 2438.0
19 2438.0
20 2438.0
21 2438.0
22 2438.0
23 2438.0
24 2438.0
25 2438.0
26 2438.0
27 2438.0
28 2438.0
29 2438.0
30 2438.0
31 2438.0
32 2438.0
33 2438.0
34 2438.0
35 2438.0
36 2438.0
37 2438.0
38 2438.0
39 2438.0
40 2438.0
41 2438.0
42 2438.0
43 2438.0
44 2438.0
45 2438.0
46 2438.0
47 2438.0
48 2438.0
49 2438.0
50 2438.0
51 2438.0
52 2438.0
53 2438.0
54 2438.0
55 2438.0
56 2438.0
57 2438.0
58 2438.0
59 2438.0
60 2438.0
61 2438.0
62 2438.0
63 2438.0
64 2438.0
65 2438.0
66 2438.0
67 2438.0
68 2438.0
69 2438.0
70 2438.0
71 2438.0
72 2438.0
73 2438.0
74 2438.0
75 2438.0
76 2438.0
77 2438.0
78 2438.0
79 2438.0
80 2438.0
81 2438.0
82 2438.0
83 2438.0
84 2438.0
85 2438.0
86 2438.0
87 2438.0
88 2438.0
89 2438.0
90 2438.0
91 2438.0
92 2438.0
93 2438.0
94 2438.0
95 2438.0
96 2438.0
97 2438.0
98 2438.0
99 2438.0
100 2438.0
101 2438.0
102 2438.0
103 2438.0
104 2438.0
105 2438.0
106 2438.0
107 2438.0
108 2438.0
109 2438.0
110 2438.0
111 2438.0
112 2438.0
113 2438.0
114 2438.0
115 2438.0
116 2438.0
117 2438.0
118 2438.0
119 2438.0
120 2438.0
121 2438.0
122 2438.0
123 2438.0
124 2438.0
125 2438.0
126 2438.0
127 2438.0
128 2438.0
129 2438.0
130 2438.0
131 2438.0
132 2438.0
133 2438.0
134 2438.0
135 2438.0
136 2438.0
137 2438.0
138 2438.0
139 2438.0
140 2438.0
141 2438.0
142 2438.0
143 2438.0
144 2438.0
145 2438.0
146 2438.0
147 2438.0
148 2438.0
149 2438.0
150 2438.0
151 2438.0
152 2438.0
153 2438.0
154 2438.0
155 2438.0
156 2438.0
157 2438.0
158 2438.0
159 2438.0
160 2438.0
161 2438.0
162 2438.0
163 2438.0
164 2438.0
165 2438.0
166 2438.0
167 2438.0
168 2438.0
169 2438.0
170 2438.0
171 2438.0
172 2438.0
173 2438.0
174 2438.0
175 2438.0
176 2438.0
177 2438.0
178 2438.0
179 2438.0
180 2438.0
181 2438.0
182 2438.0
183 2438.0
184 2438.0
185 2438.0
186 2438.0
187 2438.0
188 2438.0
189 2438.0
190 2438.0
191 2438.0
192 2438.0
193 2438.0
194 2438.0
195 2438.0
196 2438.0
197 2438.0
198 2438.0
199 2438.0
200 2438.0
201 2438.0
202 2438.0
203 2438.0
204 2438.0
205 2438.0
206 2438.0
207 2438.0
208 2438.0
209 2438.0
210 2438.0
211 2438.0
212 2438.0
213 2438.0
214 2438.0
215 2438.0
216 2438.0
217 2438.0
218 2438.0
219 2438.0
220 2438.0
221 2438.0
222 2438.0
223 2438.0
224 2438.0
225 2438.0
226 2438.0
227 2438.0
228 2438.0
229 2438.0
230 2438.0
231 2438.0
232 2438.0
233 2438.0
234 2438.0
235 2438.0
236 2438.0
237 2438.0
238 2438.0
239 2438.0
240 2438.0
241 2438.0
242 2438.0
243 2438.0
244 2438.0
245 2438.0
246 2438.0
247 2438.0
248 2438.0
249 2438.0
250 2438.0
251 2438.0
252 2438.0
253 2438.0
254 2438.0
255 2438.0
256 2438.0
257 2438.0
258 2438.0
259 2438.0
260 2438.0
261 2438.0
262 2438.0
263 2438.0
264 2438.0
265 2438.0
266 2438.0
267 2438.0
268 2438.0
269 2438.0
270 2438.0
271 2438.0
272 2438.0
273 2438.0
274 2438.0
275 2438.0
276 2438.0
277 2438.0
278 2438.0
279 2438.0
280 2438.0
281 2438.0
282 2438.0
283 2438.0
284 2438.0
285 2438.0
286 2438.0
287 2438.0
288 2438.0
289 2438.0
290 2438.0
291 2438.0
292 2438.0
293 2438.0
294 2438.0
295 2438.0
296 2438.0
297 2438.0
298 2438.0
299 2438.0
300 2438.0
301 2438.0
302 2438.0
303 2438.0
304 2438.0
305 2438.0
306 2438.0
307 2438.0
308 2438.0
309 2438.0
310 2438.0
311 2438.0
312 2438.0
313 2438.0
314 2438.0
315 2438.0
316 2438.0
317 2438.0
318 2438.0
319 2438.0
320 2438.0
321 2438.0
322 2438.0
323 2438.0
324 2438.0
325 2438.0
326 2438.0
327 2438.0
328 2438.0
329 2438.0
330 2438.0
331 2438.0
332 2438.0
333 2438.0
334 2438.0
335 2438.0
336 2438.0
337 2438.0
338 2438.0
339 2438.0
340 2438.0
341 2438.0
342 2438.0
343 2438.0
344 2438.0
345 2438.0
346 2438.0
347 2438.0
348 2438.0
349 2438.0
350 2438.0
351 2438.0
352 2438.0
353 2438.0
354 2438.0
355 2438.0
356 2438.0
357 2438.0
358 2438.0
359 2438.0
360 2438.0
361 2438.0
362 2438.0
363 2438.0
364 2438.0
365 2438.0
366 2438.0
367 2438.0
368 2438.0
369 2438.0
370 2438.0
371 2438.0
372 2438.0
373 2438.0
374 2438.0
375 2438.0
376 2438.0
377 2438.0
378 2438.0
379 2438.0
380 2438.0
381 2438.0
382 2438.0
383 2438.0
384 2438.0
385 2438.0
386 2438.0
387 2438.0
388 2438.0
389 2438.0
390 2438.0
391 2438.0
392 2438.0
393 2438.0
394 2438.0
395 2438.0
396 2438.0
397 2438.0
398 2438.0
399 2438.0
400 2438.0
401 2438.0
402 2438.0
403 2438.0
404 2438.0
405 2438.0
406 2438.0
407 2438.0
408 2438.0
409 2438.0
410 2438.0
411 2438.0
412 2438.0
413 2438.0
414 2438.0
415 2438.0
416 2438.0
417 2438.0
418 2438.0
419 2438.0
420 2438.0
421 2438.0
422 2438.0
423 2438.0
424 2438.0
425 2438.0
426 2438.0
427 2438.0
428 2438.0
429 2438.0
430 2438.0
431 2438.0
432 2438.0
433 2438.0
434 2438.0
435 2438.0
436 2438.0
437 2438.0
438 2438.0
439 2438.0
440 2438.0
441 2438.0
442 2438.0
443 2438.0
444 2438.0
445 2438.0
446 2438.0
447 2438.0
448 2438.0
449 2438.0
450 2438.0
451 2438.0
452 2438.0
453 2438.0
454 2438.0
455 2438.0
456 2438.0
457 2438.0
458 2438.0
459 2438.0
460 2438.0
461 2438.0
462 2438.0
463 2438.0
464 2438.0
465 2438.0
466 2438.0
467 2438.0
468 2438.0
469 2438.0
470 2438.0
471 2438.0
472 2438.0
473 2438.0
474 2438.0
475 2438.0
476 2438.0
477 2438.0
478 2438.0
479 2438.0
480 2438.0
481 2438.0
482 2438.0
483 2438.0
484 2438.0
485 2438.0
486 2438.0
487 2438.0
488 2438.0
489 2438.0
490 2438.0
491 2438.0
492 2438.0
493 2438.0
494 2438.0
495 2438.0
496 2438.0
497 2438.0
498 2438.0
499 2438.0
500 2438.0
501 2438.0
502 2438.0
503 2438.0
504 2438.0
505 2438.0
506 2438.0
507 2438.0
508 2438.0
509 2438.0
510 2438.0
511 2438.0
512 2438.0
513 2438.0
514 2438.0
515 2438.0
516 2438.0
517 2438.0
518 2438.0
519 2438.0
520 2438.0
521 2438.0
522 2438.0
523 2438.0
524 2438.0
525 2438.0
526 2438.0
527 2438.0
528 2438.0
529 2438.0
530 2438.0
531 2438.0
532 2438.0
533 2438.0
534 2438.0
535 2438.0
536 2438.0
537 2438.0
538 2438.0
539 2438.0
540 2438.0
541 2438.0
542 2438.0
543 2438.0
544 2438.0
545 2438.0
546 2438.0
547 2438.0
548 2438.0
549 2438.0
550 2438.0
551 2438.0
552 2438.0
553 2438.0
554 2438.0
555 2438.0
556 2438.0
557 2438.0
558 2438.0
559 2438.0
560 2438.0
561 2438.0
562 2438.0
563 2438.0
564 2438.0
565 2438.0
566 2438.0
567 2438.0
568 2438.0
569 2438.0
570 2438.0
571 2438.0
572 2438.0
573 2438.0
574 2438.0
575 2438.0
576 2438.0
577 2438.0
578 2438.0
579 2438.0
580 2438.0
581 2438.0
582 2438.0
583 2438.0
584 2438.0
585 2438.0
586 2438.0
587 2438.0
588 2438.0
589 2438.0
590 2438.0
591 2438.0
592 2438.0
593 2438.0
594 2438.0
595 2438.0
596 2438.0
597 2438.0
598 2438.0
599 2438.0
600 2438.0
601 2438.0
602 2438.0
603 2438.0
604 2438.0
605 2438.0
606 2438.0
607 2438.0
608 2438.0
609 2438.0
610 2438.0
611 2438.0
612 2438.0
613 2438.0
614 2438.0
615 2438.0
616 2438.0
617 2438.0
618 2438.0
619 2438.0
620 2438.0
621 2438.0
622 2438.0
623 2438.0
624 2438.0
625 2438.0
626 2438.0
627 2438.0
628 2438.0
629 2438.0
630 2438.0
631 2438.0
632 2438.0
633 2438.0
634 2438.0
635 2438.0
636 2438.0
637 2438.0
638 2438.0
639 2438.0
640 2438.0
641 2438.0
642 2438.0
643 2438.0
644 2438.0
645 2438.0
646 2438.0
647 2438.0
648 2438.0
649 2438.0
650 2438.0
651 2438.0
652 2438.0
653 2438.0
654 2438.0
655 2438.0
656 2438.0
657 2438.0
658 2438.0
659 2438.0
660 2438.0
661 2438.0
662 2438.0
663 2438.0
664 2438.0
665 2438.0
666 2438.0
667 2438.0
668 2438.0
669 2438.0
670 2438.0
671 2438.0
672 2438.0
673 2438.0
674 2438.0
675 2438.0
676 2438.0
677 2438.0
678 2438.0
679 2438.0
680 2438.0
681 2438.0
682 2438.0
683 2438.0
684 2438.0
685 2438.0
686 2438.0
687 2438.0
688 2438.0
689 2438.0
690 2438.0
691 2438.0
692 2438.0
693 2438.0
694 2438.0
695 2438.0
696 2438.0
697 2438.0
698 2438.0
699 2438.0
700 2438.0
701 2438.0
702 2438.0
703 2438.0
704 2438.0
705 2438.0
706 2438.0
707 2438.0
708 2438.0
709 2438.0
710 2438.0
711 2438.0
712 2438.0
713 2438.0
714 2438.0
715 2438.0
716 2438.0
717 2438.0
718 2438.0
719 2438.0
720 2438.0
721 2438.0
722 2438.0
723 2438.0
724 2438.0
725 2438.0
726 2438.0
727 2438.0
728 2438.0
729 2438.0
730 2438.0
731 2438.0
732 2438.0
733 2438.0
734 2438.0
735 2438.0
736 2438.0
737 2438.0
738 2438.0
739 2438.0
740 2438.0
741 2438.0
742 2438.0
743 2438.0
744 2438.0
745 2438.0
746 2438.0
747 2438.0
748 2438.0
749 2438.0
750 2438.0
751 2438.0
752 2438.0
753 2438.0
754 2438.0
755 2438.0
756 2438.0
757 2438.0
758 2438.0
759 2438.0
760 2438.0
761 2438.0
762 2438.0
763 2438.0
764 2438.0
765 2438.0
766 2438.0
767 2438.0
768 2438.0
769 2438.0
770 2438.0
771 2438.0
772 2438.0
773 2438.0
774 2438.0
775 2438.0
776 2438.0
777 2438.0
778 2438.0
779 2438.0
780 2438.0
781 2438.0
782 2438.0
783 2438.0
784 2438.0
785 2438.0
786 2438.0
787 2438.0
788 2438.0
789 2438.0
790 2438.0
791 2438.0
792 2438.0
793 2438.0
794 2438.0
795 2438.0
796 2438.0
797 2438.0
798 2438.0
799 2438.0
800 2438.0
801 2438.0
802 2438.0
803 2438.0
804 2438.0
805 2438.0
806 2438.0
807 2438.0
808 2438.0
809 2438.0
810 2438.0
811 2438.0
812 2438.0
813 2438.0
814 2438.0
815 2438.0
816 2438.0
817 2438.0
818 2438.0
819 2438.0
820 2438.0
821 2438.0
822 2438.0
823 2438.0
824 2438.0
825 2438.0
826 2438.0
827 2438.0
828 2438.0
829 2438.0
830 2438.0
831 2438.0
832 2438.0
833 2438.0
834 2438.0
835 2438.0
836 2438.0
837 2438.0
838 2438.0
839 2438.0
840 2438.0
841 2438.0
842 2438.0
843 2438.0
844 2438.0
845 2438.0
846 2438.0
847 2438.0
848 2438.0
849 2438.0
850 2438.0
851 2438.0
852 2438.0
853 2438.0
854 2438.0
855 2438.0
856 2438.0
857 2438.0
858 2438.0
859 2438.0
860 2438.0
861 2438.0
862 2438.0
863 2438.0
864 2438.0
865 2438.0
866 2438.0
867 2438.0
868 2438.0
869 2438.0
870 2438.0
871 2438.0
872 2438.0
873 2438.0
874 2438.0
875 2438.0
876 2438.0
877 2438.0
878 2438.0
879 2438.0
880 2438.0
881 2438.0
882 2438.0
883 2438.0
884 2438.0
885 2438.0
886 2438.0
887 2438.0
888 2438.0
889 2438.0
890 2438.0
891 2438.0
892 2438.0
893 2438.0
894 2438.0
895 2438.0
896 2438.0
897 2438.0
898 2438.0
899 2438.0
900 2438.0
901 2438.0
902 2438.0
903 2438.0
904 2438.0
905 2438.0
906 2438.0
907 2438.0
908 2438.0
909 2438.0
910 2438.0
911 2438.0
912 2438.0
913 2438.0
914 2438.0
915 2438.0
916 2438.0
917 2438.0
918 2438.0
919 2438.0
920 2438.0
921 2438.0
922 2438.0
923 2438.0
924 2438.0
925 2438.0
926 2438.0
927 2438.0
928 2438.0
929 2438.0
930 2438.0
931 2438.0
932 2438.0
933 2438.0
934 2438.0
935 2438.0
936 2438.0
937 2438.0
938 2438.0
939 2438.0
940 2438.0
941 2438.0
942 2438.0
943 2438.0
944 2438.0
945 2438.0
946 2438.0
947 2438.0
948 2438.0
949 2438.0
950 2438.0
951 2438.0
952 2438.0
953 2438.0
954 2438.0
955 2438.0
956 2438.0
957 2438.0
958 2438.0
959 2438.0
960 2438.0
961 2438.0
962 2438.0
963 2438.0
964 2438.0
965 2438.0
966 2438.0
967 2438.0
968 2438.0
969 2438.0
970 2438.0
971 2438.0
972 2438.0
973 2438.0
974 2438.0
975 2438.0
976 2438.0
977 2438.0
978 2438.0
979 2438.0
980 2438.0
981 2438.0
982 2438.0
983 2438.0
984 2438.0
985 2438.0
986 2438.0
987 2438.0
988 2438.0
989 2438.0
990 2438.0
991 2438.0
992 2438.0
993 2438.0
994 2438.0
995 2438.0
996 2438.0
997 2438.0
998 2438.0
999 2438.0
1000 2438.0
