0 3870.0
1 3870.0
2 3870.0
3 3870.0
4 3870.0
5 3870.0
6 3870.0
7 3870.0
8 3870.0
9 3870.0
10 3870.0
11 3870.0
12 3870.0
13 3870.0
14 3870.0
15 3870.0
16 3870.0
17 3870.0
18 3870.0
19 3870.0
20 3870.0
21 3870.0
22 3870.0
23 3870.0
24 3870.0
25 3870.0
26 3870.0
27 3870.0
28 3870.0
29 3870.0
30 3870.0
31 3870.0
32 3870.0
33 3870.0
34 3870.0
35 3870.0
36 3870.0
37 3870.0
38 3870.0
39 3870.0
40 3870.0
41 3870.0
42 3870.0
43 3870.0
44 3870.0
45 3870.0
46 3870.0
47 3870.0
48 3870.0
49 3870.0
50 3870.0
51 3870.0
52 3870.0
53 3870.0
54 3870.0
55 3870.0
56 3870.0
57 3870.0
58 3870.0
59 3870.0
60 3870.0
61 3870.0
62 3870.0
63 3870.0
64 3870.0
65 3870.0
66 3870.0
67 3870.0
68 3870.0
69 3870.0
70 3870.0
71 3870.0
72 3870.0
73 3870.0
74 3870.0
75 3870.0
76 3870.0
77 3870.0
78 3870.0
79 3870.0
80 3870.0
81 3870.0
82 3870.0
83 3870.0
84 3870.0
85 3870.0
86 3870.0
87 3870.0
88 3870.0
89 3870.0
90 3870.0
91 3870.0
92 3870.0
93 3870.0
94 3870.0
95 3870.0
96 3870.0
97 3870.0
98 3870.0
99 3870.0
100 3870.0
101 3870.0
102 3870.0
103 3870.0
104 3870.0
105 3870.0
106 3870.0
107 3870.0
108 3870.0
109 3870.0
110 3870.0
111 3870.0
112 3870.0
113 3870.0
114 3870.0
115 3870.0
116 3870.0
117 3870.0
118 3870.0
119 3870.0
120 3870.0
121 3870.0
122 3870.0
123 3870.0
124 3870.0
125 3870.0
126 3870.0
127 3870.0
128 3870.0
129 3870.0
130 3870.0
131 3870.0
132 3870.0
133 3870.0
134 3870.0
135 3870.0
136 3870.0
137 3870.0
138 3870.0
139 3870.0
140 3870.0
141 3870.0
142 3870.0
143 3870.0
144 3870.0
145 3870.0
146 3870.0
147 3870.0
148 3870.0
149 3870.0
150 3870.0
151 3870.0
152 3870.0
153 3870.0
154 3870.0
155 3870.0
156 3870.0
157 3870.0
158 3870.0
159 3870.0
160 3870.0
161 3870.0
162 3870.0
163 3870.0
164 3870.0
165 3870.0
166 3870.0
167 3870.0
168 3870.0
169 3870.0
170 3870.0
171 3870.0
172 3870.0
173 3870.0
174 3870.0
175 3870.0
176 3870.0
177 3870.0
178 3870.0
179 3870.0
180 3870.0
181 3870.0
182 3870.0
183 3870.0
184 3870.0
185 3870.0
186 3870.0
187 3870.0
188 3870.0
189 3870.0
190 3870.0
191 3870.0
192 3870.0
193 3870.0
194 3870.0
195 3870.0
196 3870.0
197 3870.0
198 3870.0
199 3870.0
200 3870.0
201 3870.0
202 3870.0
203 3870.0
204 3870.0
205 3870.0
206 3870.0
207 3870.0
208 3870.0
209 3870.0
210 3870.0
211 3870.0
212 3870.0
213 3870.0
214 3870.0
215 3870.0
216 3870.0
217 3870.0
218 3870.0
219 3870.0
220 3870.0
221 3870.0
222 3870.0
223 3870.0
224 3870.0
225 3870.0
226 3870.0
227 3870.0
228 3870.0
229 3870.0
230 3870.0
231 3870.0
232 3870.0
233 3870.0
234 3870.0
235 3870.0
236 3870.0
237 3870.0
238 3870.0
239 3870.0
240 3870.0
241 3870.0
242 3870.0
243 3870.0
244 3870.0
245 3870.0
246 3870.0
247 3870.0
248 3870.0
249 3870.0
250 3870.0
251 3870.0
252 3870.0
253 3870.0
254 3870.0
255 3870.0
256 3870.0
257 3870.0
258 3870.0
259 3870.0
260 3870.0
261 3870.0
262 3870.0
263 3870.0
264 3870.0
265 3870.0
266 3870.0
267 3870.0
268 3870.0
269 3870.0
270 3870.0
271 3870.0
272 3870.0
273 3870.0
274 3870.0
275 3870.0
276 3870.0
277 3870.0
278 3870.0
279 3870.0
280 3870.0
281 3870.0
282 3870.0
283 3870.0
284 3870.0
285 3870.0
286 3870.0
287 3870.0
288 3870.0
289 3870.0
290 3870.0
291 3870.0
292 3870.0
293 3870.0
294 3870.0
295 3870.0
296 3870.0
297 3870.0
298 3870.0
299 3870.0
300 3870.0
301 3870.0
302 3870.0
303 3870.0
304 3870.0
305 3870.0
306 3870.0
307 3870.0
308 3870.0
309 3870.0
310 3870.0
311 3870.0
312 3870.0
313 3870.0
314 3870.0
315 3870.0
316 3870.0
317 3870.0
318 3870.0
319 3870.0
320 3870.0
321 3870.0
322 3870.0
323 3870.0
324 3870.0
325 3870.0
326 3870.0
327 3870.0
328 3870.0
329 3870.0
330 3870.0
331 3870.0
332 3870.0
333 3870.0
334 3870.0
335 3870.0
336 3870.0
337 3870.0
338 3870.0
339 3870.0
340 3870.0
341 3870.0
342 3870.0
343 3870.0
344 3870.0
345 3870.0
346 3870.0
347 3870.0
348 3870.0
349 3870.0
350 3870.0
351 3870.0
352 3870.0
353 3870.0
354 3870.0
355 3870.0
356 3870.0
357 3870.0
358 3870.0
359 3870.0
360 3870.0
361 3870.0
362 3870.0
363 3870.0
364 3870.0
365 3870.0
366 3870.0
367 3870.0
368 3870.0
369 3870.0
370 3870.0
371 3870.0
372 3870.0
373 3870.0
374 3870.0
375 3870.0
376 3870.0
377 3870.0
378 3870.0
379 3870.0
380 3870.0
381 3870.0
382 3870.0
383 3870.0
384 3870.0
385 3870.0
386 3870.0
387 3870.0
388 3870.0
389 3870.0
390 3870.0
391 3870.0
392 3870.0
393 3870.0
394 3870.0
395 3870.0
396 3870.0
397 3870.0
398 3870.0
399 3870.0
400 3870.0
401 3870.0
402 3870.0
403 3870.0
404 3870.0
405 3870.0
406 3870.0
407 3870.0
408 3870.0
409 3870.0
410 3870.0
411 3870.0
412 3870.0
413 3870.0
414 3870.0
415 3870.0
416 3870.0
417 3870.0
418 3870.0
419 3870.0
420 3870.0
421 3870.0
422 3870.0
423 3870.0
424 3870.0
425 3870.0
426 3870.0
427 3870.0
428 3870.0
429 3870.0
430 3870.0
431 3870.0
432 3870.0
433 3870.0
434 3870.0
435 3870.0
436 3870.0
437 3870.0
438 3870.0
439 3870.0
440 3870.0
441 3870.0
442 3870.0
443 3870.0
444 3870.0
445 3870.0
446 3870.0
447 3870.0
448 3870.0
449 3870.0
450 3870.0
451 3870.0
452 3870.0
453 3870.0
454 3870.0
455 3870.0
456 3870.0
457 3870.0
458 3870.0
459 3870.0
460 3870.0
461 3870.0
462 3870.0
463 3870.0
464 3870.0
465 3870.0
466 3870.0
467 3870.0
468 3870.0
469 3870.0
470 3870.0
471 3870.0
472 3870.0
473 3870.0
474 3870.0
475 3870.0
476 3870.0
477 3870.0
478 3870.0
479 3870.0
480 3870.0
481 3870.0
482 3870.0
483 3870.0
484 3870.0
485 3870.0
486 3870.0
487 3870.0
488 3870.0
489 3870.0
490 3870.0
491 3870.0
492 3870.0
493 3870.0
494 3870.0
495 3870.0
496 3870.0
497 3870.0
498 3870.0
499 3870.0
500 3870.0
501 3870.0
502 3870.0
503 3870.0
504 3870.0
505 3870.0
506 3870.0
507 3870.0
508 3870.0
509 3870.0
510 3870.0
511 3870.0
512 3870.0
513 3870.0
514 3870.0
515 3870.0
516 3870.0
517 3870.0
518 3870.0
519 3870.0
520 3870.0
521 3870.0
522 3870.0
523 3870.0
524 3870.0
525 3870.0
526 3870.0
527 3870.0
528 3870.0
529 3870.0
530 3870.0
531 3870.0
532 3870.0
533 3870.0
534 3870.0
535 3870.0
536 3870.0
537 3870.0
538 3870.0
539 3870.0
540 3870.0
541 3870.0
542 3870.0
543 3870.0
544 3870.0
545 3870.0
546 3870.0
547 3870.0
548 3870.0
549 3870.0
550 3870.0
551 3870.0
552 3870.0
553 3870.0
554 3870.0
555 3870.0
556 3870.0
557 3870.0
558 3870.0
559 3870.0
560 3870.0
561 3870.0
562 3870.0
563 3870.0
564 3870.0
565 3870.0
566 3870.0
567 3870.0
568 3870.0
569 3870.0
570 3870.0
571 3870.0
572 3870.0
573 3870.0
574 3870.0
575 3870.0
576 3870.0
577 3870.0
578 3870.0
579 3870.0
580 3870.0
581 3870.0
582 3870.0
583 3870.0
584 3870.0
585 3870.0
586 3870.0
587 3870.0
588 3870.0
589 3870.0
590 3870.0
591 3870.0
592 3870.0
593 3870.0
594 3870.0
595 3870.0
596 3870.0
597 3870.0
598 3870.0
599 3870.0
600 3870.0
601 3870.0
602 3870.0
603 3870.0
604 3870.0
605 3870.0
606 3870.0
607 3870.0
608 3870.0
609 3870.0
610 3870.0
611 3870.0
612 3870.0
613 3870.0
614 3870.0
615 3870.0
616 3870.0
617 3870.0
618 3870.0
619 3870.0
620 3870.0
621 3870.0
622 3870.0
623 3870.0
624 3870.0
625 3870.0
626 3870.0
627 3870.0
628 3870.0
629 3870.0
630 3870.0
631 3870.0
632 3870.0
633 3870.0
634 3870.0
635 3870.0
636 3870.0
637 3870.0
638 3870.0
639 3870.0
640 3870.0
641 3870.0
642 3870.0
643 3870.0
644 3870.0
645 3870.0
646 3870.0
647 3870.0
648 3870.0
649 3870.0
650 3870.0
651 3870.0
652 3870.0
653 3870.0
654 3870.0
655 3870.0
656 3870.0
657 3870.0
658 3870.0
659 3870.0
660 3870.0
661 3870.0
662 3870.0
663 3870.0
664 3870.0
665 3870.0
666 3870.0
667 3870.0
668 3870.0
669 3870.0
670 3870.0
671 3870.0
672 3870.0
673 3870.0
674 3870.0
675 3870.0
676 3870.0
677 3870.0
678 3870.0
679 3870.0
680 3870.0
681 3870.0
682 3870.0
683 3870.0
684 3870.0
685 3870.0
686 3870.0
687 3870.0
688 3870.0
689 3870.0
690 3870.0
691 3870.0
692 3870.0
693 3870.0
694 3870.0
695 3870.0
696 3870.0
697 3870.0
698 3870.0
699 3870.0
700 3870.0
701 3870.0
702 3870.0
703 3870.0
704 3870.0
705 3870.0
706 3870.0
707 3870.0
708 3870.0
709 3870.0
710 3870.0
711 3870.0
712 3870.0
713 3870.0
714 3870.0
715 3870.0
716 3870.0
717 3870.0
718 3870.0
719 3870.0
720 3870.0
721 3870.0
722 3870.0
723 3870.0
724 3870.0
725 3870.0
726 3870.0
727 3870.0
728 3870.0
729 3870.0
730 3870.0
731 3870.0
732 3870.0
733 3870.0
734 3870.0
735 3870.0
736 3870.0
737 3870.0
738 3870.0
739 3870.0
740 3870.0
741 3870.0
742 3870.0
743 3870.0
744 3870.0
745 3870.0
746 3870.0
747 3870.0
748 3870.0
749 3870.0
750 3870.0
751 3870.0
752 3870.0
753 3870.0
754 3870