0	3635.0	1405.0
1	4227.0	2016.0
2	4227.0	2188.0
3	4227.0	2244.0
4	4227.0	2308.0
5	4227.0	2317.0
6	4227.0	2483.0
7	4227.0	2811.0
8	4227.0	2818.0
9	4227.0	2836.0
10	4227.0	2836.0
11	4227.0	2911.0
12	4227.0	2911.0
13	4227.0	2911.0
14	4227.0	2911.0
15	4227.0	2911.0
16	4227.0	2911.0
17	4321.0	2911.0
18	4321.0	2911.0
19	4321.0	2911.0
20	4354.0	3068.0
21	4354.0	2911.0
22	4457.0	2911.0
23	4457.0	2911.0
24	4457.0	2911.0
25	4457.0	2989.0
26	4457.0	2989.0
27	4457.0	2989.0
28	4457.0	2989.0
29	4457.0	2989.0
30	4457.0	2992.0
31	4457.0	3026.0
32	4457.0	3026.0
33	4457.0	3030.0
34	4457.0	3158.0
35	4457.0	3158.0
36	4457.0	3158.0
37	4457.0	3158.0
38	4457.0	3158.0
39	4457.0	3158.0
40	4457.0	3210.0
41	4457.0	3176.0
42	4457.0	3210.0
43	4457.0	3210.0
44	4457.0	3210.0
45	4457.0	3210.0
46	4457.0	3210.0
47	4457.0	3210.0
48	4457.0	3210.0
49	4457.0	3210.0
50	4457.0	3210.0
51	4686.0	3284.0
52	4686.0	3284.0
53	4686.0	3284.0
54	4686.0	3297.0
55	4686.0	3297.0
56	4686.0	3297.0
57	4686.0	3334.0
58	4686.0	3334.0
59	4686.0	3334.0
60	4686.0	3517.0
61	5047.0	3387.0
62	5047.0	3387.0
63	5047.0	3387.0
64	5047.0	3410.0
65	5047.0	3451.0
66	5047.0	3451.0
67	5047.0	3451.0
68	5047.0	3451.0
69	5047.0	3451.0
70	5047.0	3451.0
71	5047.0	3451.0
72	5047.0	3451.0
73	5047.0	3451.0
74	5047.0	3451.0
75	5047.0	3451.0
76	5047.0	3451.0
77	5047.0	3459.0
78	5047.0	3459.0
79	5047.0	3459.0
80	5047.0	3582.0
81	5047.0	3495.0
82	5047.0	3495.0
83	5047.0	3495.0
84	5047.0	3580.0
85	5047.0	3582.0
86	5047.0	3600.0
87	5047.0	3609.0
88	5047.0	3632.0
89	5047.0	3632.0
90	5047.0	3635.0
91	5047.0	3635.0
92	5047.0	3635.0
93	5047.0	3635.0
94	5047.0	3635.0
95	5047.0	3635.0
96	5047.0	3635.0
97	5047.0	3635.0
98	5047.0	3635.0
99	5047.0	3635.0
100	5047.0	3669.0
101	5047.0	3635.0
102	5047.0	3635.0
103	5047.0	3635.0
104	5047.0	3635.0
105	5047.0	3635.0
106	5047.0	3635.0
107	5047.0	3635.0
108	5047.0	3635.0
109	5047.0	3635.0
110	5047.0	3635.0
111	5047.0	3635.0
112	5047.0	3635.0
113	5047.0	3635.0
114	5047.0	3635.0
115	5047.0	3635.0
116	5047.0	3635.0
117	5047.0	3635.0
118	5047.0	3635.0
119	5047.0	3635.0
120	5047.0	3701.0
121	5047.0	3635.0
122	5047.0	3635.0
123	5047.0	3635.0
124	5047.0	3635.0
125	5047.0	3635.0
126	5047.0	3668.0
127	5047.0	3668.0
128	5047.0	3668.0
129	5047.0	3668.0
130	5047.0	3668.0
131	5047.0	3668.0
132	5047.0	3668.0
133	5047.0	3668.0
134	5047.0	3668.0
135	5047.0	3668.0
136	5047.0	3668.0
137	5047.0	3668.0
138	5047.0	3668.0
139	5047.0	3668.0
140	5047.0	3668.0
141	5047.0	3668.0
142	5047.0	3668.0
143	5047.0	3669.0
144	5047.0	3669.0
145	5047.0	3669.0
146	5047.0	3669.0
147	5047.0	3669.0
148	5047.0	3684.0
149	5047.0	3684.0
150	5047.0	3703.0
151	5047.0	3703.0
152	5047.0	3703.0
153	5047.0	3703.0
154	5047.0	3703.0
155	5047.0	3705.0
156	5047.0	3705.0
157	5047.0	3705.0
158	5047.0	3705.0
159	5047.0	3744.0
160	5047.0	3820.0
161	5047.0	3744.0
162	5047.0	3744.0
163	5047.0	3762.0
164	5047.0	3762.0
165	5047.0	3762.0
166	5047.0	3762.0
167	5047.0	3762.0
168	5047.0	3762.0
169	5047.0	3762.0
170	5047.0	3762.0
171	5047.0	3775.0
172	5047.0	3775.0
173	5047.0	3775.0
174	5047.0	3775.0
175	5047.0	3775.0
176	5047.0	3775.0
177	5047.0	3775.0
178	5047.0	3775.0
179	5047.0	3775.0
180	5047.0	3802.0
181	5047.0	3775.0
182	5047.0	3775.0
183	5047.0	3775.0
184	5047.0	3775.0
185	5047.0	3775.0
186	5047.0	3775.0
187	5047.0	3775.0
188	5047.0	3775.0
189	5047.0	3775.0
190	5047.0	3775.0
191	5047.0	3775.0
192	5047.0	3775.0
193	5047.0	3775.0
194	5047.0	3775.0
195	5047.0	3775.0
196	5047.0	3802.0
197	5047.0	3802.0
198	5047.0	3802.0
199	5047.0	3802.0
200	5047.0	3884.0
201	5047.0	3802.0
202	5047.0	3802.0
203	5047.0	3802.0
204	5047.0	3802.0
205	5047.0	3802.0
206	5047.0	3802.0
207	5047.0	3802.0
208	5047.0	3802.0
209	5047.0	3802.0
210	5047.0	3802.0
211	5047.0	3802.0
212	5047.0	3802.0
213	5047.0	3802.0
214	5047.0	3802.0
215	5047.0	3802.0
216	5047.0	3802.0
217	5047.0	3802.0
218	5047.0	3802.0
219	5047.0	3802.0
220	5047.0	3802.0
221	5047.0	3802.0
222	5047.0	3802.0
223	5047.0	3802.0
224	5047.0	3802.0
225	5047.0	3802.0
226	5047.0	3802.0
227	5047.0	3802.0
228	5047.0	3802.0
229	5047.0	3802.0
230	5047.0	3802.0
231	5047.0	3802.0
232	5047.0	3802.0
233	5047.0	3808.0
234	5047.0	3808.0
235	5047.0	3808.0
236	5047.0	3808.0
237	5047.0	3808.0
238	5047.0	3808.0
239	5047.0	3808.0
240	5047.0	3808.0
241	5047.0	3808.0
242	5047.0	3823.0
243	5047.0	3823.0
244	5047.0	3823.0
245	5047.0	3823.0
246	5047.0	3823.0
247	5047.0	3823.0
248	5047.0	3823.0
249	5047.0	3837.0
250	5047.0	3837.0
251	5047.0	3837.0
252	5047.0	3837.0
253	5047.0	3837.0
254	5047.0	3884.0
255	5047.0	3884.0
256	5047.0	3884.0
257	5047.0	3884.0
258	5047.0	3884.0
259	5047.0	3884.0
260	5047.0	3903.0
261	5047.0	3884.0
262	5047.0	3884.0
263	5047.0	3884.0
264	5047.0	3884.0
265	5047.0	3884.0
266	5047.0	3884.0
267	5047.0	3884.0
268	5047.0	3884.0
269	5047.0	3884.0
270	5047.0	3884.0
271	5047.0	3884.0
272	5047.0	3884.0
273	5047.0	3884.0
274	5047.0	3884.0
275	5047.0	3884.0
276	5047.0	3884.0
277	5047.0	3884.0
278	5047.0	3884.0
279	5047.0	3890.0
280	5047.0	3977.0
281	5047.0	3890.0
282	5047.0	3890.0
283	5047.0	3890.0
284	5047.0	3890.0
285	5047.0	3890.0
286	5047.0	3890.0
287	5047.0	3890.0
288	5047.0	3903.0
289	5047.0	3903.0
290	5047.0	3903.0
291	5047.0	3903.0
292	5047.0	3903.0
293	5047.0	3903.0
294	5047.0	3903.0
295	5047.0	3903.0
296	5047.0	3903.0
297	5047.0	3903.0
298	5047.0	3903.0
299	5047.0	3903.0
300	5047.0	3982.0
301	5047.0	3903.0
302	5047.0	3903.0
303	5047.0	3903.0
304	5047.0	3903.0
305	5047.0	3903.0
306	5047.0	3903.0
307	5047.0	3903.0
308	5047.0	3903.0
309	5047.0	3903.0
310	5047.0	3903.0
311	5047.0	3903.0
312	5047.0	3903.0
313	5047.0	3903.0
314	5047.0	3903.0
315	5047.0	3903.0
316	5047.0	3903.0
317	5047.0	3903.0
318	5047.0	3903.0
319	5047.0	3903.0
320	5047.0	3961.0
321	5047.0	3903.0
322	5047.0	3903.0
323	5047.0	3903.0
324	5047.0	3903.0
325	5047.0	3903.0
326	5047.0	3903.0
327	5047.0	3903.0
328	5047.0	3903.0
329	5047.0	3903.0
330	5047.0	3903.0
331	5047.0	3903.0
332	5047.0	3903.0
333	5047.0	3903.0
334	5047.0	3903.0
335	5047.0	3903.0
336	5047.0	3903.0
337	5047.0	3903.0
338	5047.0	3903.0
339	5047.0	3903.0
340	5047.0	3903.0
341	5047.0	3903.0
342	5047.0	3903.0
343	5047.0	3903.0
344	5047.0	3903.0
345	5047.0	3903.0
346	5047.0	3903.0
347	5047.0	3903.0
348	5047.0	3903.0
349	5047.0	3905.0
350	5047.0	3905.0
351	5047.0	3905.0
352	5047.0	3905.0
353	5047.0	3905.0
354	5047.0	3905.0
355	5047.0	3905.0
356	5047.0	3905.0
357	5047.0	3905.0
358	5047.0	3905.0
359	5047.0	3905.0
360	5047.0	3905.0
361	5047.0	3905.0
362	5047.0	3905.0
363	5047.0	3905.0
364	5047.0	3905.0
365	5047.0	3905.0
366	5047.0	3905.0
367	5047.0	3905.0
368	5047.0	3905.0
369	5047.0	3905.0
370	5047.0	3905.0
371	5047.0	3905.0
372	5047.0	3905.0
373	5047.0	3905.0
374	5047.0	3905.0
375	5047.0	3905.0
376	5047.0	3905.0
377	5047.0	3905.0
378	5047.0	3905.0
379	5047.0	3905.0
380	5047.0	3960.0
381	5047.0	3905.0
382	5047.0	3905.0
383	5047.0	3905.0
384	5047.0	3905.0
385	5047.0	3905.0
386	5047.0	3905.0
387	5047.0	3948.0
388	5047.0	3948.0
389	5047.0	3948.0
390	5047.0	3948.0
391	5047.0	3948.0
392	5047.0	3948.0
393	5047.0	3948.0
394	5047.0	3948.0
395	5047.0	3948.0
396	5047.0	3948.0
397	5047.0	3948.0
398	5047.0	3948.0
399	5047.0	3948.0
400	5047.0	3948.0
401	5047.0	3948.0
402	5047.0	3948.0
403	5047.0	3948.0
404	5047.0	3948.0
405	5047.0	3948.0
406	5047.0	3948.0
407	5047.0	3948.0
408	5047.0	3948.0
409	5047.0	3948.0
410	5047.0	3948.0
411	5047.0	3948.0
412	5047.0	3948.0
413	5047.0	3948.0
414	5047.0	3948.0
415	5047.0	3948.0
416	5047.0	3948.0
417	5047.0	3948.0
418	5047.0	3948.0
419	5047.0	3948.0
420	5047.0	3960.0
421	5047.0	3948.0
422	5047.0	3948.0
423	5047.0	3948.0
424	5047.0	3948.0
425	5047.0	3948.0
426	5047.0	3948.0
427	5047.0	3948.0
428	5047.0	3948.0
429	5047.0	3948.0
430	5047.0	3948.0
431	5047.0	3948.0
432	5047.0	3948.0
433	5047.0	3948.0
434	5047.0	3948.0
435	5047.0	3948.0
436	5047.0	3948.0
437	5047.0	3948.0
438	5047.0	3948.0
439	5047.0	3948.0
440	5047.0	3948.0
441	5047.0	3948.0
442	5047.0	3948.0
443	5047.0	3948.0
444	5047.0	3948.0
445	5047.0	3948.0
446	5047.0	3948.0
447	5047.0	3948.0
448	5047.0	3948.0
449	5047.0	3948.0
450	5047.0	3948.0
451	5047.0	3948.0
452	5047.0	3948.0
453	5047.0	3948.0
454	5047.0	3948.0
455	5047.0	3948.0
456	5047.0	3948.0
457	5047.0	3948.0
458	5047.0	3948.0
459	5047.0	3948.0
460	5047.0	4056.0
461	5047.0	3948.0
462	5047.0	3948.0
463	5047.0	3948.0
464	5047.0	3948.0
465	5047.0	3948.0
466	5047.0	3948.0
467	5047.0	3948.0
468	5047.0	3948.0
469	5047.0	3948.0
470	5047.0	3948.0
471	5047.0	3948.0
472	5047.0	3948.0
473	5047.0	3960.0
474	5047.0	3960.0
475	5047.0	3960.0
476	5047.0	3960.0
477	5047.0	3960.0
478	5047.0	3960.0
479	5047.0	3960.0
480	5047.0	3980.0
481	5047.0	3960.0
482	5047.0	3960.0
483	5047.0	3960.0
484	5047.0	3960.0
485	5047.0	3960.0
486	5047.0	3980.0
487	5047.0	3980.0
488	5047.0	3980.0
489	5047.0	3980.0
490	5047.0	3980.0
491	5047.0	3980.0
492	5047.0	3980.0
493	5047.0	3980.0
494	5047.0	3980.0
495	5047.0	3980.0
496	5047.0	3980.0
497	5047.0	3980.0
498	5047.0	3980.0
499	5047.0	3980.0
500	5047.0	4082.0
501	5047.0	3980.0
502	5047.0	3980.0
503	5047.0	3980.0
504	5047.0	3980.0
505	5047.0	3980.0
506	5047.0	3980.0
507	5047.0	3980.0
508	5047.0	3980.0
509	5047.0	3980.0
510	5047.0	3980.0
511	5047.0	3980.0
512	5047.0	3980.0
513	5047.0	3980.0
514	5047.0	3980.0
515	5047.0	3980.0
516	5047.0	3980.0
517	5047.0	3980.0
518	5047.0	3980.0
519	5047.0	4019.0
520	5047.0	4046.0
521	5047.0	4019.0
522	5047.0	4019.0
523	5047.0	4021.0
524	5047.0	4021.0
525	5047.0	4021.0
526	5047.0	4021.0
527	5047.0	4021.0
528	5047.0	4046.0
529	5047.0	4046.0
530	5047.0	4046.0
531	5047.0	4046.0
532	5047.0	4046.0
533	5047.0	4046.0
534	5047.0	4046.0
535	5047.0	4046.0
536	5047.0	4046.0
537	5047.0	4046.0
538	5047.0	4046.0
539	5047.0	4046.0
540	5047.0	4074.0
541	5047.0	4046.0
542	5047.0	4046.0
543	5047.0	4046.0
544	5047.0	4046.0
545	5047.0	4046.0
546	5047.0	4046.0
547	5047.0	4046.0
548	5047.0	4046.0
549	5047.0	4046.0
550	5047.0	4046.0
551	5047.0	4046.0
552	5047.0	4046.0
553	5047.0	4046.0
554	5047.0	4046.0
555	5047.0	4046.0
556	5047.0	4046.0
557	5047.0	4046.0
558	5047.0	4064.0
559	5047.0	4064.0
560	5047.0	4079.0
561	5047.0	4064.0
562	5047.0	4064.0
563	5047.0	4064.0
564	5047.0	4064.0
565	5047.0	4064.0
566	5047.0	4064.0
567	5047.0	4064.0
568	5047.0	4064.0
569	5047.0	4064.0
570	5047.0	4064.0
571	5047.0	4064.0
572	5047.0	4064.0
573	5047.0	4064.0
574	5047.0	4064.0
575	5047.0	4064.0
576	5047.0	4064.0
577	5047.0	4064.0
578	5047.0	4064.0
579	5047.0	4064.0
580	5047.0	4074.0
581	5047.0	4064.0
582	5047.0	4064.0
583	5047.0	4064.0
584	5047.0	4064.0
585	5047.0	4064.0
586	5047.0	4064.0
587	5047.0	4064.0
588	5047.0	4072.0
589	5047.0	4072.0
590	5047.0	4072.0
591	5047.0	4072.0
592	5047.0	4072.0
593	5047.0	4072.0
594	5047.0	4072.0
595	5047.0	4074.0
596	5047.0	4074.0
597	5047.0	4074.0
598	5047.0	4074.0
599	5047.0	4074.0
600	5047.0	4075.0
601	5047.0	4074.0
602	5047.0	4074.0
603	5047.0	4074.0
604	5047.0	4074.0
605	5047.0	4074.0
606	5047.0	4074.0
607	5047.0	4074.0
608	5047.0	4074.0
609	5047.0	4074.0
610	5047.0	4074.0
611	5047.0	4074.0
612	5047.0	4074.0
613	5047.0	4074.0
614	5047.0	4074.0
615	5047.0	4074.0
616	5047.0	4074.0
617	5047.0	4074.0
618	5047.0	4074.0
619	5047.0	4074.0
620	5047.0	4085.0
621	5047.0	4074.0
622	5047.0	4074.0
623	5047.0	4074.0
624	5047.0	4074.0
625	5047.0	4074.0
626	5047.0	4074.0
627	5047.0	4074.0
628	5047.0	4074.0
629	5047.0	4074.0
630	5047.0	4074.0
631	5047.0	4074.0
632	5047.0	4074.0
633	5047.0	4074.0
634	5047.0	4074.0
635	5047.0	4074.0
636	5047.0	4074.0
637	5047.0	4075.0
638	5047.0	4075.0
639	5047.0	4075.0
640	5047.0	4085.0
641	5047.0	4075.0
642	5047.0	4075.0
643	5047.0	4075.0
644	5047.0	4075.0
645	5047.0	4075.0
646	5047.0	4075.0
647	5047.0	4076.0
648	5047.0	4076.0
649	5047.0	4076.0
650	5047.0	4076.0
651	5047.0	4076.0
652	5047.0	4076.0
653	5047.0	4076.0
654	5047.0	4076.0
655	5047.0	4076.0
656	5047.0	4076.0
657	5047.0	4076.0
658	5047.0	4076.0
659	5047.0	4076.0
660	5047.0	4095.0
661	5047.0	4076.0
662	5047.0	4076.0
663	5047.0	4076.0
664	5047.0	4076.0
665	5047.0	4076.0
666	5047.0	4076.0
667	5047.0	4076.0
668	5047.0	4076.0
669	5047.0	4076.0
670	5047.0	4076.0
671	5047.0	4076.0
672	5047.0	4076.0
673	5047.0	4076.0
674	5047.0	4076.0
675	5047.0	4076.0
676	5047.0	4076.0
677	5047.0	4076.0
678	5047.0	4076.0
679	5047.0	4076.0
680	5047.0	4098.0
681	5047.0	4076.0
682	5047.0	4076.0
683	5047.0	4076.0
684	5047.0	4076.0
685	5047.0	4076.0
686	5047.0	4076.0
687	5047.0	4076.0
688	5047.0	4076.0
689	5047.0	4076.0
690	5047.0	4076.0
691	5047.0	4076.0
692	5047.0	4076.0
693	5047.0	4076.0
694	5047.0	4076.0
695	5047.0	4076.0
696	5047.0	4076.0
697	5047.0	4076.0
698	5047.0	4076.0
699	5047.0	4076.0
700	5047.0	4095.0
701	5047.0	4076.0
702	5047.0	4076.0
703	5047.0	4076.0
704	5047.0	4076.0
705	5047.0	4076.0
706	5047.0	4076.0
707	5047.0	4076.0
708	5047.0	4076.0
709	5047.0	4076.0
710	5047.0	4076.0
711	5047.0	4076.0
712	5047.0	4076.0
713	5047.0	4076.0
714	5047.0	4076.0
715	5047.0	4076.0
716	5047.0	4076.0
717	5047.0	4076.0
718	5047.0	4076.0
719	5047.0	4076.0
720	5047.0	4079.0
721	5047.0	4076.0
722	5047.0	4076.0
723	5047.0	4076.0
724	5047.0	4076.0
725	5047.0	4076.0
726	5047.0	4076.0
727	5047.0	4076.0
728	5047.0	4076.0
729	5047.0	4076.0
730	5047.0	4076.0
731	5047.0	4076.0
732	5047.0	4076.0
733	5047.0	4076.0
734	5047.0	4076.0
735	5047.0	4076.0
736	5047.0	4076.0
737	5047.0	4076.0
738	5047.0	4076.0
739	5047.0	4076.0
740	5047.0	4079.0
741	5047.0	4076.0
742	5047.0	4076.0
743	5047.0	4076.0
744	5047.0	4076.0
745	5047.0	4076.0
746	5047.0	4076.0
747	5047.0	4076.0
748	5047.0	4076.0
749	5047.0	4076.0
750	5047.0	4076.0
751	5047.0	4076.0
752	5047.0	4076.0
753	5047.0	4076.0
754	5047.0	4076.0
755	5047.0	4076.0
756	5047.0	4076.0
757	5047.0	4076.0
758	5047.0	4076.0
759	5047.0	4076.0
760	5047.0	4115.0
761	5047.0	4076.0
762	5047.0	4076.0
763	5047.0	4076.0
764	5047.0	4076.0
765	5047.0	4076.0
766	5047.0	4076.0
767	5047.0	4076.0
768	5047.0	4076.0
769	5047.0	4076.0
770	5047.0	4076.0
771	5047.0	4076.0
772	5047.0	4076.0
773	5047.0	4076.0
774	5047.0	4076.0
775	5047.0	4076.0
776	5047.0	4076.0
777	5047.0	4076.0
778	5047.0	4076.0
779	5047.0	4076.0
780	5047.0	4079.0
781	5047.0	4076.0
782	5047.0	4076.0
783	5047.0	4076.0
784	5047.0	4076.0
785	5047.0	4076.0
786	5047.0	4076.0
787	5047.0	4076.0
788	5047.0	4076.0
789	5047.0	4076.0
790	5047.0	4076.0
791	5047.0	4076.0
792	5047.0	4076.0
793	5047.0	4076.0
794	5047.0	4076.0
795	5047.0	4076.0
796	5047.0	4076.0
797	5047.0	4076.0
798	5047.0	4076.0
799	5047.0	4076.0
800	5047.0	4079.0
801	5047.0	4076.0
802	5047.0	4076.0
803	5047.0	4076.0
804	5047.0	4076.0
805	5047.0	4076.0
806	5047.0	4076.0
807	5047.0	4076.0
808	5047.0	4076.0
809	5047.0	4076.0
810	5047.0	4076.0
811	5047.0	4076.0
812	5047.0	4076.0
813	5047.0	4076.0
814	5047.0	4076.0
815	5047.0	4076.0
816	5047.0	4076.0
817	5047.0	4076.0
818	5047.0	4076.0
819	5047.0	4076.0
820	5047.0	4123.0
821	5047.0	4076.0
822	5047.0	4076.0
823	5047.0	4076.0
824	5047.0	4076.0
825	5047.0	4076.0
826	5047.0	4076.0
827	5047.0	4076.0
828	5047.0	4076.0
829	5047.0	4076.0
830	5047.0	4076.0
831	5047.0	4076.0
832	5047.0	4076.0
833	5047.0	4076.0
834	5047.0	4076.0
835	5047.0	4076.0
836	5047.0	4076.0
837	5047.0	4076.0
838	5047.0	4079.0
839	5047.0	4079.0
840	5047.0	4133.0
841	5047.0	4079.0
842	5047.0	4079.0
843	5047.0	4079.0
844	5047.0	4079.0
845	5047.0	4079.0
846	5047.0	4079.0
847	5047.0	4079.0
848	5047.0	4079.0
849	5047.0	4079.0
850	5047.0	4079.0
851	5047.0	4079.0
852	5047.0	4079.0
853	5047.0	4079.0
854	5047.0	4079.0
855	5047.0	4079.0
856	5047.0	4079.0
857	5047.0	4079.0
858	5047.0	4079.0
859	5047.0	4079.0
860	5047.0	4079.0
861	5047.0	4079.0
862	5047.0	4085.0
863	5047.0	4085.0
864	5047.0	4085.0
865	5047.0	4085.0
866	5047.0	4085.0
867	5047.0	4085.0
868	5047.0	4085.0
869	5047.0	4085.0
870	5047.0	4085.0
871	5047.0	4085.0
872	5047.0	4085.0
873	5047.0	4085.0
874	5047.0	4085.0
875	5047.0	4085.0
876	5047.0	4085.0
877	5047.0	4085.0
878	5047.0	4085.0
879	5047.0	4085.0
880	5047.0	4127.0
881	5047.0	4085.0
882	5047.0	4085.0
883	5047.0	4085.0
884	5047.0	4085.0
885	5047.0	4085.0
886	5047.0	4085.0
887	5047.0	4085.0
888	5047.0	4085.0
889	5047.0	4085.0
890	5047.0	4085.0
891	5047.0	4085.0
892	5047.0	4085.0
893	5047.0	4085.0
894	5047.0	4085.0
895	5047.0	4085.0
896	5047.0	4085.0
897	5047.0	4085.0
898	5047.0	4085.0
899	5047.0	4085.0
900	5047.0	4127.0
901	5047.0	4085.0
902	5047.0	4085.0
903	5047.0	4085.0
904	5047.0	4085.0
905	5047.0	4085.0
906	5047.0	4085.0
907	5047.0	4085.0
908	5047.0	4085.0
909	5047.0	4085.0
910	5047.0	4085.0
911	5047.0	4085.0
912	5047.0	4085.0
913	5047.0	4085.0
914	5047.0	4085.0
915	5047.0	4085.0
916	5047.0	4085.0
917	5047.0	4085.0
918	5047.0	4104.0
919	5047.0	4104.0
920	5047.0	4137.0
921	5047.0	4104.0
922	5047.0	4104.0
923	5047.0	4104.0
924	5047.0	4104.0
925	5047.0	4104.0
926	5047.0	4104.0
927	5047.0	4104.0
928	5047.0	4104.0
929	5047.0	4104.0
930	5047.0	4104.0
931	5047.0	4104.0
932	5047.0	4104.0
933	5047.0	4104.0
934	5047.0	4104.0
935	5047.0	4104.0
936	5047.0	4104.0
937	5047.0	4104.0
938	5047.0	4104.0
939	5047.0	4104.0
940	5047.0	4227.0
941	5047.0	4104.0
942	5047.0	4104.0
943	5047.0	4104.0
944	5047.0	4104.0
945	5047.0	4104.0
946	5047.0	4104.0
947	5047.0	4104.0
948	5047.0	4104.0
949	5047.0	4104.0
950	5047.0	4104.0
951	5047.0	4104.0
952	5047.0	4104.0
953	5047.0	4104.0
954	5047.0	4104.0
955	5047.0	4104.0
956	5047.0	4104.0
957	5047.0	4104.0
958	5047.0	4104.0
959	5047.0	4104.0
960	5047.0	4104.0
961	5047.0	4104.0
962	5047.0	4104.0
963	5047.0	4104.0
964	5047.0	4104.0
965	5047.0	4104.0
966	5047.0	4104.0
967	5047.0	4104.0
968	5047.0	4104.0
969	5047.0	4104.0
970	5047.0	4104.0
971	5047.0	4104.0
972	5047.0	4104.0
973	5047.0	4104.0
974	5047.0	4123.0
975	5047.0	4123.0
976	5047.0	4123.0
977	5047.0	4123.0
978	5047.0	4123.0
979	5047.0	4123.0
980	5047.0	4135.0
981	5047.0	4123.0
982	5047.0	4123.0
983	5047.0	4123.0
984	5047.0	4123.0
985	5047.0	4123.0
986	5047.0	4123.0
987	5047.0	4123.0
988	5047.0	4123.0
989	5047.0	4123.0
990	5047.0	4123.0
991	5047.0	4123.0
992	5047.0	4123.0
993	5047.0	4123.0
994	5047.0	4123.0
995	5047.0	4123.0
996	5047.0	4123.0
997	5047.0	4123.0
998	5047.0	4123.0
999	5047.0	4123.0
1000	5047.0	4164.0
1001	5047.0	4123.0
1002	5047.0	4123.0
1003	5047.0	4123.0
1004	5047.0	4123.0
1005	5047.0	4123.0
1006	5047.0	4123.0
1007	5047.0	4123.0
1008	5047.0	4123.0
1009	5047.0	4123.0
1010	5047.0	4123.0
1011	5047.0	4123.0
1012	5047.0	4123.0
1013	5047.0	4123.0
1014	5047.0	4123.0
1015	5047.0	4123.0
1016	5047.0	4123.0
1017	5047.0	4123.0
1018	5047.0	4123.0
1019	5047.0	4123.0
1020	5047.0	4154.0
1021	5047.0	4123.0
1022	5047.0	4123.0
1023	5047.0	4123.0
1024	5047.0	4123.0
1025	5047.0	4123.0
1026	5047.0	4123.0
1027	5047.0	4123.0
1028	5047.0	4123.0
1029	5047.0	4123.0
1030	5047.0	4123.0
1031	5047.0	4123.0
1032	5047.0	4123.0
1033	5047.0	4123.0
1034	5047.0	4123.0
1035	5047.0	4123.0
1036	5047.0	4123.0
1037	5047.0	4123.0
1038	5047.0	4123.0
1039	5047.0	4123.0
1040	5047.0	4135.0
1041	5047.0	4123.0
1042	5047.0	4123.0
1043	5047.0	4123.0
1044	5047.0	4123.0
1045	5047.0	4123.0
1046	5047.0	4123.0
1047	5047.0	4123.0
1048	5047.0	4123.0
1049	5047.0	4123.0
1050	5047.0	4123.0
1051	5047.0	4123.0
1052	5047.0	4123.0
1053	5047.0	4123.0
1054	5047.0	4123.0
1055	5047.0	4123.0
1056	5047.0	4123.0
1057	5047.0	4123.0
1058	5047.0	4123.0
1059	5047.0	4123.0
1060	5047.0	4164.0
1061	5047.0	4123.0
1062	5047.0	4123.0
1063	5047.0	4123.0
1064	5047.0	4123.0
1065	5047.0	4123.0
1066	5047.0	4123.0
1067	5047.0	4123.0
1068	5047.0	4123.0
1069	5047.0	4123.0
1070	5047.0	4123.0
1071	5047.0	4123.0
1072	5047.0	4123.0
1073	5047.0	4123.0
1074	5047.0	4123.0
1075	5047.0	4123.0
1076	5047.0	4123.0
1077	5047.0	4123.0
1078	5047.0	4123.0
1079	5047.0	4123.0
1080	5047.0	4154.0
1081	5047.0	4123.0
1082	5047.0	4123.0
1083	5047.0	4123.0
1084	5047.0	4123.0
1085	5047.0	4123.0
1086	5047.0	4123.0
1087	5047.0	4123.0
1088	5047.0	4123.0
1089	5047.0	4123.0
1090	5047.0	4123.0
1091	5047.0	4123.0
1092	5047.0	4123.0
1093	5047.0	4123.0
1094	5047.0	4123.0
1095	5047.0	4123.0
1096	5047.0	4123.0
1097	5047.0	4123.0
1098	5047.0	4123.0
1099	5047.0	4123.0
1100	5047.0	4123.0
1101	5047.0	4123.0
1102	5047.0	4123.0
1103	5047.0	4123.0
1104	5047.0	4123.0
1105	5047.0	4123.0
1106	5047.0	4123.0
1107	5047.0	4123.0
1108	5047.0	4123.0
1109	5047.0	4123.0
1110	5047.0	4123.0
1111	5047.0	4123.0
1112	5047.0	4123.0
1113	5047.0	4123.0
1114	5047.0	4123.0
1115	5047.0	4123.0
1116	5047.0	4123.0
1117	5047.0	4123.0
1118	5047.0	4123.0
1119	5047.0	4123.0
1120	5047.0	4165.0
1121	5047.0	4123.0
1122	5047.0	4123.0
1123	5047.0	4123.0
1124	5047.0	4123.0
1125	5047.0	4123.0
1126	5047.0	4123.0
1127	5047.0	4123.0
1128	5047.0	4123.0
1129	5047.0	4123.0
1130	5047.0	4123.0
1131	5047.0	4123.0
1132	5047.0	4123.0
1133	5047.0	4123.0
1134	5047.0	4123.0
1135	5047.0	4123.0
1136	5047.0	4123.0
1137	5047.0	4123.0
1138	5047.0	4123.0
1139	5047.0	4123.0
1140	5047.0	4123.0
1141	5047.0	4123.0
1142	5047.0	4123.0
1143	5047.0	4123.0
1144	5047.0	4123.0
1145	5047.0	4123.0
1146	5047.0	4123.0
1147	5047.0	4123.0
1148	5047.0	4123.0
1149	5047.0	4123.0
1150	5047.0	4123.0
1151	5047.0	4123.0
1152	5047.0	4123.0
1153	5047.0	4123.0
1154	5047.0	4123.0
1155	5047.0	4123.0
1156	5047.0	4123.0
1157	5047.0	4123.0
1158	5047.0	4123.0
1159	5047.0	4123.0
1160	5047.0	4209.0
1161	5047.0	4123.0
1162	5047.0	4123.0
1163	5047.0	4123.0
1164	5047.0	4123.0
1165	5047.0	4123.0
1166	5047.0	4123.0
1167	5047.0	4135.0
1168	5047.0	4135.0
1169	5047.0	4135.0
1170	5047.0	4135.0
1171	5047.0	4135.0
1172	5047.0	4135.0
1173	5047.0	4135.0
1174	5047.0	4135.0
1175	5047.0	4135.0
1176	5047.0	4135.0
1177	5047.0	4135.0
1178	5047.0	4135.0
1179	5047.0	4135.0
1180	5047.0	4154.0
1181	5047.0	4135.0
1182	5047.0	4135.0
1183	5047.0	4135.0
1184	5047.0	4135.0
1185	5047.0	4135.0
1186	5047.0	4135.0
1187	5047.0	4135.0
1188	5047.0	4135.0
1189	5047.0	4135.0
1190	5047.0	4135.0
1191	5047.0	4135.0
1192	5047.0	4135.0
1193	5047.0	4135.0
1194	5047.0	4135.0
1195	5047.0	4135.0
1196	5047.0	4135.0
1197	5047.0	4135.0
1198	5047.0	4135.0
1199	5047.0	4135.0
1200	5047.0	4172.0
1201	5047.0	4135.0
1202	5047.0	4135.0
1203	5047.0	4135.0
1204	5047.0	4135.0
1205	5047.0	4135.0
1206	5047.0	4135.0
1207	5047.0	4135.0
1208	5047.0	4135.0
1209	5047.0	4135.0
1210	5047.0	4135.0
1211	5047.0	4135.0
1212	5047.0	4135.0
1213	5047.0	4135.0
1214	5047.0	4135.0
1215	5047.0	4135.0
