0 3061.0
1 3061.0
2 3061.0
3 3061.0
4 3061.0
5 3061.0
6 3061.0
7 3061.0
8 3061.0
9 3061.0
10 3061.0
11 3061.0
12 3061.0
13 3061.0
14 3061.0
15 3061.0
16 3061.0
17 3061.0
18 3061.0
19 3061.0
20 3061.0
21 3061.0
22 3061.0
23 3061.0
24 3061.0
25 3061.0
26 3061.0
27 3061.0
28 3061.0
29 3061.0
30 3061.0
31 3061.0
32 3061.0
33 3061.0
34 3061.0
35 3061.0
36 3061.0
37 3061.0
38 3061.0
39 3061.0
40 3061.0
41 3061.0
42 3061.0
43 3061.0
44 3061.0
45 3061.0
46 3061.0
47 3061.0
48 3061.0
49 3061.0
50 3061.0
51 3061.0
52 3061.0
53 3061.0
54 3061.0
55 3061.0
56 3061.0
57 3061.0
58 3061.0
59 3061.0
60 3061.0
61 3061.0
62 3061.0
63 3061.0
64 3061.0
65 3061.0
66 3061.0
67 3061.0
68 3061.0
69 3061.0
70 3061.0
71 3061.0
72 3061.0
73 3061.0
74 3061.0
75 3061.0
76 3061.0
77 3061.0
78 3061.0
79 3061.0
80 3061.0
81 3061.0
82 3061.0
83 3061.0
84 3061.0
85 3061.0
86 3061.0
87 3061.0
88 3061.0
89 3061.0
90 3061.0
91 3061.0
92 3061.0
93 3061.0
94 3061.0
95 3061.0
96 3061.0
97 3061.0
98 3061.0
99 3061.0
100 3061.0
101 3061.0
102 3061.0
103 3061.0
104 3061.0
105 3061.0
106 3061.0
107 3061.0
108 3061.0
109 3061.0
110 3061.0
111 3061.0
112 3061.0
113 3061.0
114 3061.0
115 3061.0
116 3061.0
117 3061.0
118 3061.0
119 3061.0
120 3061.0
121 3061.0
122 3061.0
123 3061.0
124 3061.0
125 3061.0
126 3061.0
127 3061.0
128 3061.0
129 3061.0
130 3061.0
131 3061.0
132 3061.0
133 3061.0
134 3061.0
135 3061.0
136 3061.0
137 3061.0
138 3061.0
139 3061.0
140 3061.0
141 3061.0
142 3061.0
143 3061.0
144 3061.0
145 3061.0
146 3061.0
147 3061.0
148 3061.0
149 3061.0
150 3061.0
151 3061.0
152 3061.0
153 3061.0
154 3061.0
155 3061.0
156 3061.0
157 3061.0
158 3061.0
159 3061.0
160 3061.0
161 3061.0
162 3061.0
163 3061.0
164 3061.0
165 3061.0
166 3061.0
167 3061.0
168 3061.0
169 3061.0
170 3061.0
171 3061.0
172 3061.0
173 3061.0
174 3061.0
175 3061.0
176 3061.0
177 3061.0
178 3061.0
179 3061.0
180 3061.0
181 3061.0
182 3061.0
183 3061.0
184 3061.0
185 3061.0
186 3061.0
187 3061.0
188 3061.0
189 3061.0
190 3061.0
191 3061.0
192 3061.0
193 3061.0
194 3061.0
195 3061.0
196 3061.0
197 3061.0
198 3061.0
199 3061.0
200 3061.0
201 3061.0
202 3061.0
203 3061.0
204 3061.0
205 3061.0
206 3061.0
207 3061.0
208 3061.0
209 3061.0
210 3061.0
211 3061.0
212 3061.0
213 3061.0
214 3061.0
215 3061.0
216 3061.0
217 3061.0
218 3061.0
219 3061.0
220 3061.0
221 3061.0
222 3061.0
223 3061.0
224 3061.0
225 3061.0
226 3061.0
227 3061.0
228 3061.0
229 3061.0
230 3061.0
231 3061.0
232 3061.0
233 3061.0
234 3061.0
235 3061.0
236 3061.0
237 3061.0
238 3061.0
239 3061.0
240 3061.0
241 3061.0
242 3061.0
243 3061.0
244 3061.0
245 3061.0
246 3061.0
247 3061.0
248 3061.0
249 3061.0
250 3061.0
251 3061.0
252 3061.0
253 3061.0
254 3061.0
255 3061.0
256 3061.0
257 3061.0
258 3061.0
259 3061.0
260 3061.0
261 3061.0
262 3061.0
263 3061.0
264 3061.0
265 3061.0
266 3061.0
267 3061.0
268 3061.0
269 3061.0
270 3061.0
271 3061.0
272 3061.0
273 3061.0
274 3061.0
275 3061.0
276 3061.0
277 3061.0
278 3061.0
279 3061.0
280 3061.0
281 3061.0
282 3061.0
283 3061.0
284 3061.0
285 3061.0
286 3061.0
287 3061.0
288 3061.0
289 3061.0
290 3061.0
291 3061.0
292 3061.0
293 3061.0
294 3061.0
295 3061.0
296 3061.0
297 3061.0
298 3061.0
299 3061.0
300 3061.0
301 3061.0
302 3061.0
303 3061.0
304 3061.0
305 3061.0
306 3061.0
307 3061.0
308 3061.0
309 3061.0
310 3061.0
311 3061.0
312 3061.0
313 3061.0
314 3061.0
315 3061.0
316 3061.0
317 3061.0
318 3061.0
319 3061.0
320 3061.0
321 3061.0
322 3061.0
323 3061.0
324 3061.0
325 3061.0
326 3061.0
327 3061.0
328 3061.0
329 3061.0
330 3061.0
331 3061.0
332 3061.0
333 3061.0
334 3061.0
335 3061.0
336 3061.0
337 3061.0
338 3061.0
339 3061.0
340 3061.0
341 3061.0
342 3061.0
343 3061.0
344 3061.0
345 3061.0
346 3061.0
347 3061.0
348 3061.0
349 3061.0
350 3061.0
351 3061.0
352 3061.0
353 3061.0
354 3061.0
355 3061.0
356 3061.0
357 3061.0
358 3061.0
359 3061.0
360 3061.0
361 3061.0
362 3061.0
363 3061.0
364 3061.0
365 3061.0
366 3061.0
367 3061.0
368 3061.0
369 3061.0
370 3061.0
371 3061.0
372 3061.0
373 3061.0
374 3061.0
375 3061.0
376 3061.0
377 3061.0
378 3061.0
379 3061.0
380 3061.0
381 3061.0
382 3061.0
383 3061.0
384 3061.0
385 3061.0
386 3061.0
387 3061.0
388 3061.0
389 3061.0
390 3061.0
391 3061.0
392 3061.0
393 3061.0
394 3061.0
395 3061.0
396 3061.0
397 3061.0
398 3061.0
399 3061.0
400 3061.0
401 3061.0
402 3061.0
403 3061.0
404 3061.0
405 3061.0
406 3061.0
407 3061.0
408 3061.0
409 3061.0
410 3061.0
411 3061.0
412 3061.0
413 3061.0
414 3061.0
415 3061.0
416 3061.0
417 3061.0
418 3061.0
419 3061.0
420 3061.0
421 3061.0
422 3061.0
423 3061.0
424 3061.0
425 3061.0
426 3061.0
427 3061.0
428 3061.0
429 3061.0
430 3061.0
431 3061.0
432 3061.0
433 3061.0
434 3061.0
435 3061.0
436 3061.0
437 3061.0
438 3061.0
439 3061.0
440 3061.0
441 3061.0
442 3061.0
443 3061.0
444 3061.0
445 3061.0
446 3061.0
447 3061.0
448 3061.0
449 3061.0
450 3061.0
451 3061.0
452 3061.0
453 3061.0
454 3061.0
455 3061.0
456 3061.0
457 3061.0
458 3061.0
459 3061.0
460 3061.0
461 3061.0
462 3061.0
463 3061.0
464 3061.0
465 3061.0
466 3061.0
467 3061.0
468 3061.0
469 3061.0
470 3061.0
471 3061.0
472 3061.0
473 3061.0
474 3061.0
475 3061.0
476 3061.0
477 3061.0
478 3061.0
479 3061.0
480 3061.0
481 3061.0
482 3061.0
483 3061.0
484 3061.0
485 3061.0
486 3061.0
487 3061.0
488 3061.0
489 3061.0
490 3061.0
491 3061.0
492 3061.0
493 3061.0
494 3061.0
495 3061.0
496 3061.0
497 3061.0
498 3061.0
499 3061.0
500 3061.0
501 3061.0
502 3061.0
503 3061.0
504 3061.0
505 3061.0
506 3061.0
507 3061.0
508 3061.0
509 3061.0
510 3061.0
511 3061.0
512 3061.0
513 3061.0
514 3061.0
515 3061.0
516 3061.0
517 3061.0
518 3061.0
519 3061.0
520 3061.0
521 3061.0
522 3061.0
523 3061.0
524 3061.0
525 3061.0
526 3061.0
527 3061.0
528 3061.0
529 3061.0
530 3061.0
531 3061.0
532 3061.0
533 3061.0
534 3061.0
535 3061.0
536 3061.0
537 3061.0
538 3061.0
539 3061.0
540 3061.0
541 3061.0
542 3061.0
543 3061.0
544 3061.0
545 3061.0
546 3061.0
547 3061.0
548 3061.0
549 3061.0
550 3061.0
551 3061.0
552 3061.0
553 3061.0
554 3061.0
555 3061.0
556 3061.0
557 3061.0
558 3061.0
559 3061.0
560 3061.0
561 3061.0
562 3061.0
563 3061.0
564 3061.0
565 3061.0
566 3061.0
567 3061.0
568 3061.0
569 3061.0
570 3061.0
571 3061.0
572 3061.0
573 3061.0
574 3061.0
575 3061.0
576 3061.0
577 3061.0
578 3061.0
579 3061.0
580 3061.0
581 3061.0
582 3061.0
583 3061.0
584 3061.0
585 3061.0
586 3061.0
587 3061.0
588 3061.0
589 3061.0
590 3061.0
591 3061.0
592 3061.0
593 3061.0
594 3061.0
595 3061.0
596 3061.0
597 3061.0
598 3061.0
599 3061.0
600 3061.0
601 3061.0
602 3061.0
603 3061.0
604 3061.0
605 3061.0
606 3061.0
607 3061.0
608 3061.0
609 3061.0
610 3061.0
611 3061.0
612 3061.0
613 3061.0
614 3061.0
615 3061.0
616 3061.0
617 3061.0
618 3061.0
619 3061.0
620 3061.0
621 3061.0
622 3061.0
623 3061.0
624 3061.0
625 3061.0
626 3061.0
627 3061.0
628 3061.0
629 3061.0
630 3061.0
631 3061.0
632 3061.0
633 3061.0
634 3061.0
635 3061.0
636 3061.0
637 3061.0
638 3061.0
639 3061.0
640 3061.0
641 3061.0
642 3061.0
643 3061.0
644 3061.0
645 3061.0
646 3061.0
647 3061.0
648 3061.0
649 3061.0
650 3061.0
651 3061.0
652 3061.0
653 3061.0
654 3061.0
655 3061.0
656 3061.0
657 3061.0
658 3061.0
659 3061.0
660 3061.0
661 3061.0
662 3061.0
663 3061.0
664 3061.0
665 3061.0
666 3061.0
667 3061.0
668 3061.0
669 3061.0
670 3061.0
671 3061.0
672 3061.0
673 3061.0
674 3061.0
675 3061.0
676 3061.0
677 3061.0
678 3061.0
679 3061.0
680 3061.0
681 3061.0
682 3061.0
683 3061.0
684 3061.0
685 3061.0
686 3061.0
687 3061.0
688 3061.0
689 3061.0
690 3061.0
691 3061.0
692 3061.0
693 3061.0
694 3061.0
695 3061.0
696 3061.0
697 3061.0
698 3061.0
699 3061.0
700 3061.0
701 3061.0
702 3061.0
703 3061.0
704 3061.0
705 3061.0
706 3061.0
707 3061.0
708 3061.0
709 3061.0
710 3061.0
711 3061.0
712 3061.0
713 3061.0
714 3061.0
715 3061.0
716 3061.0
717 3061.0
718 3061.0
719 3061.0
720 3061.0
721 3061.0
722 3061.0
723 3061.0
724 3061.0
725 3061.0
726 3061.0
727 3061.0
728 3061.0
729 3061.0
730 3061.0
731 3061.0
732 3061.0
733 3061.0
734 3061.0
735 3061.0
736 3061.0
737 3061.0
738 3061.0
739 3061.0
740 3061.0
741 3061.0
742 3061.0
743 3061.0
744 3061.0
745 3061.0
746 3061.0
747 3061.0
748 3061.0
749 3061.0
750 3061.0
751 3061.0
752 3061.0
753 3061.0
754 3061.0
755 3061.0
756 3061.0
757 3061.0
758 3061.0
759 3061.0
760 3061.0
761 3061.0
762 3061.0
763 3061.0
764 3061.0
765 3061.0
766 3061.0
767 3061.0
768 3061.0
769 3061.0
770 3061.0
771 3061.0
772 3061.0
773 3061.0
774 3061.0
775 3061.0
776 3061.0
777 3061.0
778 3061.0
779 3061.0
780 3061.0
781 3061.0
782 3061.0
783 3061.0
784 3061.0
785 3061.0
786 3061.0
787 3061.0
788 3061.0
789 3061.0
790 3061.0
791 3061.0
792 3061.0
793 3061.0
794 3061.0
795 3061.0
796 3061.0
797 3061.0
798 3061.0
799 3061.0
800 3061.0
801 3061.0
802 3061.0
803 3061.0
804 3061.0
805 3061.0
806 3061.0
807 3061.0
808 3061.0
809 3061.0
810 3061.0
811 3061.0
812 3061.0
813 3061.0
814 3061.0
815 3061.0
816 3061.0
817 3061.0
818 3061.0
819 3061.0
820 3061.0
821 3061.0
822 3061.0
823 3061.0
824 3061.0
825 3061.0
826 3061.0
827 3061.0
828 3061.0
829 3061.0
830 3061.0
831 3061.0
832 3061.0
833 3061.0
834 3061.0
835 3061.0
836 3061.0
837 3061.0
838 3061.0
839 3061.0
840 3061.0
841 3061.0
842 3061.0
843 3061.0
844 3061.0
845 3061.0
846 3061.0
847 3061.0
848 3061.0
849 3061.0
850 3061.0
851 3061.0
852 3061.0
853 3061.0
854 3061.0
855 3061.0
856 3061.0
857 3061.0
858 3061.0
859 3061.0
860 3061.0
861 3061.0
862 3061.0
863 3061.0
864 3061.0
865 3061.0
866 3061.0
867 3061.0
868 3061.0
869 3061.0
870 3061.0
871 3061.0
872 3061.0
873 3061.0
874 3061.0
875 3061.0
876 3061.0
877 3061.0
878 3061.0
879 3061.0
880 3061.0
881 3061.0
882 3061.0
883 3061.0
884 3061.0
885 3061.0
886 3061.0
887 3061.0
888 3061.0
889 3061.0
890 3061.0
891 3061.0
892 3061.0
893 3061.0
894 3061.0
895 3061.0
896 3061.0
897 3061.0
898 3061.0
899 3061.0
900 3061.0
901 3061.0
902 3061.0
903 3061.0
904 3061.0
905 3061.0
906 3061.0
907 3061.0
908 3061.0
909 3061.0
910 3061.0
911 3061.0
912 3061.0
913 3061.0
914 3061.0
915 3061.0
916 3061.0
917 3061.0
918 3061.0
919 3061.0
920 3061.0
921 3061.0
922 3061.0
923 3061.0
924 3061.0
925 3061.0
926 3061.0
927 3061.0
928 3061.0
929 3061.0
930 3061.0
931 3061.0
932 3061.0
933 3061.0
934 3061.0
935 3061.0
936 3061.0
937 3061.0
938 3061.0
939 3061.0
940 3061.0
941 3061.0
942 3061.0
943 3061.0
944 3061.0
945 3061.0
946 3061.0
947 3061.0
948 3061.0
949 3061.0
950 3061.0
951 3061.0
952 3061.0
953 3061.0
954 3061.0
955 3061.0
956 3061.0
957 3061.0
958 3061.0
959 3061.0
960 3061.0
961 3061.0
962 3061.0
963 3061.0
964 3061.0
965 3061.0
966 3061.0
967 3061.0
968 3061.0
969 3061.0
970 3061.0
971 3061.0
972 3061.0
973 3061.0
974 3061.0
975 3061.0
976 3061.0
977 3061.0
978 3061.0
979 3061.0
980 3061.0
981 3061.0
982 3061.0
983 3061.0
984 3061.0
985 3061.0
986 3061.0
987 3061.0
988 3061.0
989 3061.0
990 3061.0
991 3061.0
992 3061.0
993 3061.0
994 3061.0
995 3061.0
996 3061.0
997 3061.0
998 3061.0
999 3061.0
1000 3061.0
