0 2631.0
1 2631.0
2 2631.0
3 2631.0
4 2631.0
5 2631.0
6 2631.0
7 2631.0
8 2631.0
9 2631.0
10 2631.0
11 2631.0
12 2631.0
13 2631.0
14 2631.0
15 2631.0
16 2631.0
17 2631.0
18 2631.0
19 2631.0
20 2631.0
21 2631.0
22 2631.0
23 2631.0
24 2631.0
25 2631.0
26 2631.0
27 2631.0
28 2631.0
29 2631.0
30 2631.0
31 2631.0
32 2631.0
33 2631.0
34 2631.0
35 2631.0
36 2631.0
37 2631.0
38 2631.0
39 2631.0
40 2631.0
41 2631.0
42 2631.0
43 2631.0
44 2631.0
45 2631.0
46 2631.0
47 2631.0
48 2631.0
49 2631.0
50 2631.0
51 2631.0
52 2631.0
53 2631.0
54 2631.0
55 2631.0
56 2631.0
57 2631.0
58 2631.0
59 2631.0
60 2631.0
61 2631.0
62 2631.0
63 2631.0
64 2631.0
65 2631.0
66 2631.0
67 2631.0
68 2631.0
69 2631.0
70 2631.0
71 2631.0
72 2631.0
73 2631.0
74 2631.0
75 2631.0
76 2631.0
77 2631.0
78 2631.0
79 2631.0
80 2631.0
81 2631.0
82 2631.0
83 2631.0
84 2631.0
85 2631.0
86 2631.0
87 2631.0
88 2631.0
89 2631.0
90 2631.0
91 2631.0
92 2631.0
93 2631.0
94 2631.0
95 2631.0
96 2631.0
97 2631.0
98 2631.0
99 2631.0
100 2631.0
101 2631.0
102 2631.0
103 2631.0
104 2631.0
105 2631.0
106 2631.0
107 2631.0
108 2631.0
109 2631.0
110 2631.0
111 2631.0
112 2631.0
113 2631.0
114 2631.0
115 2631.0
116 2631.0
117 2631.0
118 2631.0
119 2631.0
120 2631.0
121 2631.0
122 2631.0
123 2631.0
124 2631.0
125 2631.0
126 2631.0
127 2631.0
128 2631.0
129 2631.0
130 2631.0
131 2631.0
132 2631.0
133 2631.0
134 2631.0
135 2631.0
136 2631.0
137 2631.0
138 2631.0
139 2631.0
140 2631.0
141 2631.0
142 2631.0
143 2631.0
144 2631.0
145 2631.0
146 2631.0
147 2631.0
148 2631.0
149 2631.0
150 2631.0
151 2631.0
152 2631.0
153 2631.0
154 2631.0
155 2631.0
156 2631.0
157 2631.0
158 2631.0
159 2631.0
160 2631.0
161 2631.0
162 2631.0
163 2631.0
164 2631.0
165 2631.0
166 2631.0
167 2631.0
168 2631.0
169 2631.0
170 2631.0
171 2631.0
172 2631.0
173 2631.0
174 2631.0
175 2631.0
176 2631.0
177 2631.0
178 2631.0
179 2631.0
180 2631.0
181 2631.0
182 2631.0
183 2631.0
184 2631.0
185 2631.0
186 2631.0
187 2631.0
188 2631.0
189 2631.0
190 2631.0
191 2631.0
192 2631.0
193 2631.0
194 2631.0
195 2631.0
196 2631.0
197 2631.0
198 2631.0
199 2631.0
200 2631.0
201 2631.0
202 2631.0
203 2631.0
204 2631.0
205 2631.0
206 2631.0
207 2631.0
208 2631.0
209 2631.0
210 2631.0
211 2631.0
212 2631.0
213 2631.0
214 2631.0
215 2631.0
216 2631.0
217 2631.0
218 2631.0
219 2631.0
220 2631.0
221 2631.0
222 2631.0
223 2631.0
224 2631.0
225 2631.0
226 2631.0
227 2631.0
228 2631.0
229 2631.0
230 2631.0
231 2631.0
232 2631.0
233 2631.0
234 2631.0
235 2631.0
236 2631.0
237 2631.0
238 2631.0
239 2631.0
240 2631.0
241 2631.0
242 2631.0
243 2631.0
244 2631.0
245 2631.0
246 2631.0
247 2631.0
248 2631.0
249 2631.0
250 2631.0
251 2631.0
252 2631.0
253 2631.0
254 2631.0
255 2631.0
256 2631.0
257 2631.0
258 2631.0
259 2631.0
260 2631.0
261 2631.0
262 2631.0
263 2631.0
264 2631.0
265 2631.0
266 2631.0
267 2631.0
268 2631.0
269 2631.0
270 2631.0
271 2631.0
272 2631.0
273 2631.0
274 2631.0
275 2631.0
276 2631.0
277 2631.0
278 2631.0
279 2631.0
280 2631.0
281 2631.0
282 2631.0
283 2631.0
284 2631.0
285 2631.0
286 2631.0
287 2631.0
288 2631.0
289 2631.0
290 2631.0
291 2631.0
292 2631.0
293 2631.0
294 2631.0
295 2631.0
296 2631.0
297 2631.0
298 2631.0
299 2631.0
300 2631.0
301 2631.0
302 2631.0
303 2631.0
304 2631.0
305 2631.0
306 2631.0
307 2631.0
308 2631.0
309 2631.0
310 2631.0
311 2631.0
312 2631.0
313 2631.0
314 2631.0
315 2631.0
316 2631.0
317 2631.0
318 2631.0
319 2631.0
320 2631.0
321 2631.0
322 2631.0
323 2631.0
324 2631.0
325 2631.0
326 2631.0
327 2631.0
328 2631.0
329 2631.0
330 2631.0
331 2631.0
332 2631.0
333 2631.0
334 2631.0
335 2631.0
336 2631.0
337 2631.0
338 2631.0
339 2631.0
340 2631.0
341 2631.0
342 2631.0
343 2631.0
344 2631.0
345 2631.0
346 2631.0
347 2631.0
348 2631.0
349 2631.0
350 2631.0
351 2631.0
352 2631.0
353 2631.0
354 2631.0
355 2631.0
356 2631.0
357 2631.0
358 2631.0
359 2631.0
360 2631.0
361 2631.0
362 2631.0
363 2631.0
364 2631.0
365 2631.0
366 2631.0
367 2631.0
368 2631.0
369 2631.0
370 2631.0
371 2631.0
372 2631.0
373 2631.0
374 2631.0
375 2631.0
376 2631.0
377 2631.0
378 2631.0
379 2631.0
380 2631.0
381 2631.0
382 2631.0
383 2631.0
384 2631.0
385 2631.0
386 2631.0
387 2631.0
388 2631.0
389 2631.0
390 2631.0
391 2631.0
392 2631.0
393 2631.0
394 2631.0
395 2631.0
396 2631.0
397 2631.0
398 2631.0
399 2631.0
400 2631.0
401 2631.0
402 2631.0
403 2631.0
404 2631.0
405 2631.0
406 2631.0
407 2631.0
408 2631.0
409 2631.0
410 2631.0
411 2631.0
412 2631.0
413 2631.0
414 2631.0
415 2631.0
416 2631.0
417 2631.0
418 2631.0
419 2631.0
420 2631.0
421 2631.0
422 2631.0
423 2631.0
424 2631.0
425 2631.0
426 2631.0
427 2631.0
428 2631.0
429 2631.0
430 2631.0
431 2631.0
432 2631.0
433 2631.0
434 2631.0
435 2631.0
436 2631.0
437 2631.0
438 2631.0
439 2631.0
440 2631.0
441 2631.0
442 2631.0
443 2631.0
444 2631.0
445 2631.0
446 2631.0
447 2631.0
448 2631.0
449 2631.0
450 2631.0
451 2631.0
452 2631.0
453 2631.0
454 2631.0
455 2631.0
456 2631.0
457 2631.0
458 2631.0
459 2631.0
460 2631.0
461 2631.0
462 2631.0
463 2631.0
464 2631.0
465 2631.0
466 2631.0
467 2631.0
468 2631.0
469 2631.0
470 2631.0
471 2631.0
472 2631.0
473 2631.0
474 2631.0
475 2631.0
476 2631.0
477 2631.0
478 2631.0
479 2631.0
480 2631.0
481 2631.0
482 2631.0
483 2631.0
484 2631.0
485 2631.0
486 2631.0
487 2631.0
488 2631.0
489 2631.0
490 2631.0
491 2631.0
492 2631.0
493 2631.0
494 2631.0
495 2631.0
496 2631.0
497 2631.0
498 2631.0
499 2631.0
500 2631.0
501 2631.0
502 2631.0
503 2631.0
504 2631.0
505 2631.0
506 2631.0
507 2631.0
508 2631.0
509 2631.0
510 2631.0
511 2631.0
512 2631.0
513 2631.0
514 2631.0
515 2631.0
516 2631.0
517 2631.0
518 2631.0
519 2631.0
520 2631.0
521 2631.0
522 2631.0
523 2631.0
524 2631.0
525 2631.0
526 2631.0
527 2631.0
528 2631.0
529 2631.0
530 2631.0
531 2631.0
532 2631.0
533 2631.0
534 2631.0
535 2631.0
536 2631.0
537 2631.0
538 2631.0
539 2631.0
540 2631.0
541 2631.0
542 2631.0
543 2631.0
544 2631.0
545 2631.0
546 2631.0
547 2631.0
548 2631.0
549 2631.0
550 2631.0
551 2631.0
552 2631.0
553 2631.0
554 2631.0
555 2631.0
556 2631.0
557 2631.0
558 2631.0
559 2631.0
560 2631.0
561 2631.0
562 2631.0
563 2631.0
564 2631.0
565 2631.0
566 2631.0
567 2631.0
568 2631.0
569 2631.0
570 2631.0
571 2631.0
572 2631.0
573 2631.0
574 2631.0
575 2631.0
576 2631.0
577 2631.0
578 2631.0
579 2631.0
580 2631.0
581 2631.0
582 2631.0
583 2631.0
584 2631.0
585 2631.0
586 2631.0
587 2631.0
588 2631.0
589 2631.0
590 2631.0
591 2631.0
592 2631.0
593 2631.0
594 2631.0
595 2631.0
596 2631.0
597 2631.0
598 2631.0
599 2631.0
600 2631.0
601 2631.0
602 2631.0
603 2631.0
604 2631.0
605 2631.0
606 2631.0
607 2631.0
608 2631.0
609 2631.0
610 2631.0
611 2631.0
612 2631.0
613 2631.0
614 2631.0
615 2631.0
616 2631.0
617 2631.0
618 2631.0
619 2631.0
620 2631.0
621 2631.0
622 2631.0
623 2631.0
624 2631.0
625 2631.0
626 2631.0
627 2631.0
628 2631.0
629 2631.0
630 2631.0
631 2631.0
632 2631.0
633 2631.0
634 2631.0
635 2631.0
636 2631.0
637 2631.0
638 2631.0
639 2631.0
640 2631.0
641 2631.0
642 2631.0
643 2631.0
644 2631.0
645 2631.0
646 2631.0
647 2631.0
648 2631.0
649 2631.0
650 2631.0
651 2631.0
652 2631.0
653 2631.0
654 2631.0
655 2631.0
656 2631.0
657 2631.0
658 2631.0
659 2631.0
660 2631.0
661 2631.0
662 2631.0
663 2631.0
664 2631.0
665 2631.0
666 2631.0
667 2631.0
668 2631.0
669 2631.0
670 2631.0
671 2631.0
672 2631.0
673 2631.0
674 2631.0
675 2631.0
676 2631.0
677 2631.0
678 2631.0
679 2631.0
680 2631.0
681 2631.0
682 2631.0
683 2631.0
684 2631.0
685 2631.0
686 2631.0
687 2631.0
688 2631.0
689 2631.0
690 2631.0
691 2631.0
692 2631.0
693 2631.0
694 2631.0
695 2631.0
696 2631.0
697 2631.0
698 2631.0
699 2631.0
700 2631.0
701 2631.0
702 2631.0
703 2631.0
704 2631.0
705 2631.0
706 2631.0
707 2631.0
708 2631.0
709 2631.0
710 2631.0
711 2631.0
712 2631.0
713 2631.0
714 2631.0
715 2631.0
716 2631.0
717 2631.0
718 2631.0
719 2631.0
720 2631.0
721 2631.0
722 2631.0
723 2631.0
724 2631.0
725 2631.0
726 2631.0
727 2631.0
728 2631.0
729 2631.0
730 2631.0
731 2631.0
732 2631.0
733 2631.0
734 2631.0
735 2631.0
736 2631.0
737 2631.0
738 2631.0
739 2631.0
740 2631.0
741 2631.0
742 2631.0
743 2631.0
744 2631.0
745 2631.0
746 2631.0
747 2631.0
748 2631.0
749 2631.0
750 2631.0
751 2631.0
752 2631.0
753 2631.0
754 2631