0 2885.0
1 2885.0
2 2885.0
3 2885.0
4 2885.0
5 2885.0
6 2885.0
7 2885.0
8 2885.0
9 2885.0
10 2885.0
11 2885.0
12 2885.0
13 2885.0
14 2885.0
15 2885.0
16 2885.0
17 2885.0
18 2885.0
19 2885.0
20 2885.0
21 2885.0
22 2885.0
23 2885.0
24 2885.0
25 2885.0
26 2885.0
27 2885.0
28 2885.0
29 2885.0
30 2885.0
31 2885.0
32 2885.0
33 2885.0
34 2885.0
35 2885.0
36 2885.0
37 2885.0
38 2885.0
39 2885.0
40 2885.0
41 2885.0
42 2885.0
43 2885.0
44 2885.0
45 2885.0
46 2885.0
47 2885.0
48 2885.0
49 2885.0
50 2885.0
