0	4085.0	1602.0
1	4085.0	2367.0
2	4085.0	2367.0
3	4085.0	2612.0
4	4085.0	2689.0
5	4085.0	2689.0
6	4085.0	2689.0
7	4085.0	2717.0
8	4278.0	2717.0
9	4278.0	3005.0
10	4278.0	3005.0
11	4278.0	3005.0
12	4278.0	3005.0
13	4278.0	3005.0
14	4278.0	3005.0
15	4278.0	3005.0
16	4278.0	3005.0
17	4278.0	3049.0
18	4278.0	3049.0
19	4278.0	3049.0
20	4278.0	3453.0
21	4278.0	3049.0
22	4278.0	3049.0
23	4278.0	3049.0
24	4278.0	3049.0
25	4278.0	3049.0
26	4278.0	3049.0
27	4278.0	3049.0
28	4278.0	3068.0
29	4278.0	3453.0
30	4278.0	3453.0
31	4278.0	3453.0
32	4278.0	3453.0
33	4278.0	3453.0
34	4278.0	3453.0
35	4278.0	3453.0
36	4278.0	3453.0
37	4278.0	3453.0
38	4278.0	3453.0
39	4278.0	3453.0
40	4278.0	3453.0
41	4278.0	3453.0
42	4278.0	3453.0
43	4278.0	3453.0
44	4278.0	3453.0
45	4278.0	3453.0
46	4278.0	3453.0
47	4278.0	3453.0
48	4278.0	3453.0
49	4278.0	3453.0
50	4278.0	3453.0
51	4278.0	3453.0
52	4278.0	3453.0
53	4278.0	3453.0
54	4278.0	3453.0
55	4278.0	3453.0
56	4278.0	3453.0
57	4278.0	3453.0
58	4278.0	3453.0
59	4278.0	3453.0
60	4278.0	3453.0
61	4278.0	3453.0
62	4278.0	3453.0
63	4278.0	3453.0
64	4278.0	3453.0
65	4278.0	3453.0
66	4278.0	3453.0
67	4278.0	3453.0
68	4278.0	3453.0
69	4278.0	3453.0
70	4278.0	3453.0
71	4278.0	3453.0
72	4278.0	3453.0
73	4278.0	3453.0
74	4278.0	3453.0
75	4278.0	3453.0
76	4278.0	3453.0
77	4278.0	3453.0
78	4278.0	3453.0
79	4278.0	3453.0
80	4278.0	4012.0
81	4278.0	3453.0
82	4278.0	3453.0
83	4278.0	3453.0
84	4278.0	3453.0
85	4278.0	3453.0
86	4278.0	3453.0
87	4278.0	3453.0
88	4278.0	3453.0
89	4278.0	3453.0
90	4494.0	3453.0
91	4494.0	3664.0
92	4494.0	3664.0
93	4494.0	3664.0
94	4494.0	3664.0
95	4494.0	3664.0
96	4494.0	3664.0
97	4494.0	3664.0
98	4494.0	3664.0
99	4494.0	3664.0
100	4494.0	3741.0
101	4494.0	3664.0
102	4494.0	3664.0
103	4494.0	3664.0
104	4494.0	3664.0
105	4494.0	3664.0
106	4494.0	3664.0
107	4494.0	3664.0
108	4494.0	3680.0
109	4494.0	3680.0
110	4494.0	3680.0
111	4494.0	3680.0
112	4494.0	3680.0
113	4494.0	3680.0
114	4494.0	3680.0
115	4494.0	3680.0
116	4494.0	3680.0
117	4494.0	3680.0
118	4494.0	3680.0
119	4494.0	3680.0
120	4494.0	3853.0
121	4494.0	3680.0
122	4494.0	3680.0
123	4494.0	3680.0
124	4494.0	3680.0
125	4494.0	3680.0
126	4494.0	3680.0
127	4494.0	3680.0
128	4494.0	3680.0
129	4494.0	3680.0
130	4494.0	3680.0
131	4494.0	3680.0
132	4494.0	3680.0
133	4494.0	3680.0
134	4494.0	3680.0
135	4494.0	3680.0
136	4494.0	3680.0
137	4494.0	3680.0
138	4494.0	3680.0
139	4494.0	3680.0
140	4494.0	3680.0
141	4494.0	3680.0
142	4494.0	3680.0
143	4494.0	3680.0
144	4494.0	3680.0
145	4494.0	3680.0
146	4494.0	3680.0
147	4494.0	3680.0
148	4494.0	3680.0
149	4494.0	3741.0
150	4494.0	3741.0
151	4494.0	3741.0
152	4494.0	3741.0
153	4494.0	3741.0
154	4494.0	3741.0
155	4494.0	3741.0
156	4494.0	3853.0
157	4494.0	3853.0
158	4494.0	3853.0
159	4494.0	3853.0
160	4494.0	4210.0
161	4494.0	3853.0
162	4494.0	3853.0
163	4494.0	3853.0
164	4494.0	3853.0
165	4494.0	3853.0
166	4494.0	3853.0
167	4494.0	3853.0
168	4494.0	3853.0
169	4494.0	3853.0
170	4494.0	3853.0
171	4494.0	3853.0
172	4494.0	3853.0
173	4494.0	3853.0
174	4494.0	3853.0
175	4494.0	3853.0
176	4494.0	3853.0
177	4494.0	3853.0
178	4494.0	3853.0
179	4494.0	3853.0
180	4494.0	3961.0
181	4494.0	3853.0
182	4494.0	3853.0
183	4494.0	3853.0
184	4494.0	3853.0
185	4494.0	3853.0
186	4494.0	3853.0
187	4494.0	3853.0
188	4494.0	3853.0
189	4494.0	3853.0
190	4494.0	3853.0
191	4494.0	3853.0
192	4494.0	3961.0
193	4494.0	3961.0
194	4494.0	3961.0
195	4494.0	3961.0
196	4494.0	3961.0
197	4494.0	3961.0
198	4494.0	3961.0
199	4494.0	3961.0
200	4494.0	4031.0
201	4494.0	3961.0
202	4494.0	3961.0
203	4494.0	3961.0
204	4494.0	3961.0
205	4494.0	3961.0
206	4494.0	3961.0
207	4494.0	3961.0
208	4494.0	3961.0
209	4494.0	3961.0
210	4494.0	3961.0
211	4494.0	3961.0
212	4494.0	3961.0
213	4494.0	3961.0
214	4494.0	3961.0
215	4494.0	3961.0
216	4494.0	3961.0
217	4494.0	3961.0
218	4494.0	3961.0
219	4494.0	3961.0
220	4494.0	3961.0
221	4494.0	3961.0
222	4494.0	3961.0
223	4494.0	3961.0
224	4494.0	3961.0
225	4494.0	3961.0
226	4494.0	3961.0
227	4494.0	3961.0
228	4494.0	3961.0
229	4494.0	3961.0
230	4494.0	3961.0
231	4494.0	3961.0
232	4494.0	3961.0
233	4494.0	3961.0
234	4494.0	3961.0
235	4494.0	3961.0
236	4494.0	3961.0
237	4494.0	3961.0
238	4494.0	3961.0
239	4494.0	3961.0
240	4494.0	4191.0
241	4494.0	3961.0
242	4494.0	3961.0
243	4494.0	3961.0
244	4494.0	3961.0
245	4494.0	3961.0
246	4494.0	3961.0
247	4494.0	3961.0
248	4494.0	3961.0
249	4494.0	3961.0
250	4494.0	3961.0
251	4494.0	3961.0
252	4494.0	3961.0
253	4494.0	3961.0
254	4494.0	3961.0
255	4494.0	3961.0
256	4494.0	3961.0
257	4494.0	3961.0
258	4494.0	3961.0
259	4494.0	3961.0
260	4494.0	4154.0
261	4494.0	3961.0
262	4494.0	3961.0
263	4494.0	3961.0
264	4494.0	3961.0
265	4494.0	3961.0
266	4494.0	3961.0
267	4494.0	3961.0
268	4494.0	3961.0
269	4494.0	3961.0
270	4494.0	3961.0
271	4494.0	3961.0
272	4494.0	3961.0
273	4494.0	3961.0
274	4494.0	3961.0
275	4494.0	3961.0
276	4494.0	3961.0
277	4494.0	3961.0
278	4494.0	3961.0
279	4494.0	3961.0
280	4494.0	4210.0
281	4494.0	3961.0
282	4494.0	3961.0
283	4494.0	3961.0
284	4494.0	3961.0
285	4494.0	3961.0
286	4494.0	3961.0
287	4494.0	3961.0
288	4494.0	3961.0
289	4494.0	3961.0
290	4494.0	3961.0
291	4494.0	3961.0
292	4494.0	3961.0
293	4494.0	3961.0
294	4494.0	3961.0
295	4494.0	3961.0
296	4494.0	3961.0
297	4494.0	3961.0
298	4494.0	3961.0
299	4494.0	3961.0
300	4494.0	4083.0
301	4494.0	3961.0
302	4494.0	3961.0
303	4494.0	3961.0
304	4494.0	3961.0
305	4494.0	3961.0
306	4494.0	3961.0
307	4494.0	3961.0
308	4494.0	3961.0
309	4494.0	3961.0
310	4494.0	3961.0
311	4494.0	3961.0
312	4494.0	3961.0
313	4494.0	3961.0
314	4494.0	3961.0
315	4494.0	3961.0
316	4494.0	3961.0
317	4494.0	3961.0
318	4494.0	3961.0
319	4494.0	3961.0
320	4494.0	4494.0
321	4494.0	3961.0
322	4494.0	3961.0
323	4494.0	3961.0
324	4494.0	3961.0
325	4494.0	3961.0
326	4494.0	3961.0
327	4494.0	3961.0
328	4494.0	3961.0
329	4494.0	3961.0
330	4494.0	3961.0
331	4494.0	3961.0
332	4494.0	3961.0
333	4494.0	3961.0
334	4494.0	3961.0
335	4494.0	3961.0
336	4494.0	3961.0
337	4494.0	3961.0
338	4494.0	3961.0
339	4494.0	3961.0
340	4494.0	4031.0
341	4494.0	3961.0
342	4494.0	3961.0
343	4494.0	3961.0
344	4494.0	3961.0
345	4494.0	3961.0
346	4494.0	3961.0
347	4494.0	3961.0
348	4494.0	3961.0
349	4494.0	3961.0
350	4494.0	3961.0
351	4494.0	3961.0
352	4494.0	3961.0
353	4494.0	3961.0
354	4494.0	3961.0
355	4494.0	3961.0
356	4494.0	3961.0
357	4494.0	3961.0
358	4494.0	3961.0
359	4494.0	3961.0
360	4494.0	4210.0
361	4494.0	3961.0
362	4494.0	3961.0
363	4494.0	3961.0
364	4494.0	3961.0
365	4494.0	3961.0
366	4494.0	3961.0
367	4494.0	3961.0
368	4494.0	3961.0
369	4494.0	3961.0
370	4494.0	3961.0
371	4494.0	3961.0
372	4494.0	3961.0
373	4494.0	3961.0
374	4494.0	3961.0
375	4494.0	3961.0
376	4494.0	3961.0
377	4494.0	3961.0
378	4494.0	3961.0
379	4494.0	3961.0
380	4494.0	4085.0
381	4494.0	3961.0
382	4494.0	3961.0
383	4494.0	3961.0
384	4494.0	3961.0
385	4494.0	3961.0
386	4494.0	3961.0
387	4494.0	3961.0
388	4494.0	3961.0
389	4494.0	3961.0
390	4494.0	3961.0
391	4494.0	3961.0
392	4494.0	3961.0
393	4494.0	3961.0
394	4494.0	3961.0
395	4494.0	3961.0
396	4494.0	3961.0
397	4494.0	3961.0
398	4494.0	3961.0
399	4494.0	3961.0
400	4494.0	4494.0
401	4494.0	3961.0
402	4494.0	3961.0
403	4494.0	3961.0
404	4494.0	3961.0
405	4494.0	3961.0
406	4494.0	3961.0
407	4494.0	3961.0
408	4494.0	3961.0
409	4494.0	3961.0
410	4494.0	3961.0
411	4494.0	3961.0
412	4494.0	3961.0
413	4494.0	3961.0
414	4494.0	3961.0
415	4494.0	3961.0
416	4494.0	3961.0
417	4494.0	3961.0
418	4494.0	3961.0
419	4494.0	3961.0
420	4494.0	4154.0
421	4494.0	3961.0
422	4494.0	3961.0
423	4494.0	3961.0
424	4494.0	3961.0
425	4494.0	3961.0
426	4494.0	3961.0
427	4494.0	3961.0
428	4494.0	3961.0
429	4494.0	3961.0
430	4494.0	3961.0
431	4494.0	3961.0
432	4494.0	3961.0
433	4494.0	3961.0
434	4494.0	3961.0
435	4494.0	3961.0
436	4494.0	3961.0
437	4494.0	3961.0
438	4494.0	3961.0
439	4494.0	3961.0
440	4494.0	4012.0
441	4494.0	3961.0
442	4494.0	3961.0
443	4494.0	3961.0
444	4494.0	3961.0
445	4494.0	3961.0
446	4494.0	3961.0
447	4494.0	3961.0
448	4494.0	3961.0
449	4494.0	3961.0
450	4494.0	3961.0
451	4494.0	3961.0
452	4494.0	3961.0
453	4494.0	3961.0
454	4494.0	3961.0
455	4494.0	3961.0
456	4494.0	3961.0
457	4494.0	3961.0
458	4494.0	3961.0
459	4494.0	3961.0
460	4494.0	3961.0
461	4494.0	3961.0
462	4494.0	3961.0
463	4494.0	3961.0
464	4494.0	3961.0
465	4494.0	3961.0
466	4494.0	3961.0
467	4494.0	3961.0
468	4494.0	3961.0
469	4494.0	3961.0
470	4494.0	3961.0
471	4494.0	3961.0
472	4494.0	3961.0
473	4494.0	3961.0
474	4494.0	3961.0
475	4494.0	3961.0
476	4494.0	3961.0
477	4494.0	3961.0
478	4494.0	3961.0
479	4494.0	3961.0
480	4494.0	4494.0
481	4494.0	3961.0
482	4494.0	3961.0
483	4494.0	3961.0
484	4494.0	3961.0
485	4494.0	3961.0
486	4494.0	3961.0
487	4494.0	3961.0
488	4494.0	3961.0
489	4494.0	3961.0
490	4494.0	3961.0
491	4494.0	3961.0
492	4494.0	3961.0
493	4494.0	3961.0
494	4494.0	3961.0
495	4494.0	3961.0
496	4494.0	3961.0
497	4494.0	3961.0
498	4494.0	3961.0
499	4494.0	3961.0
500	4494.0	3961.0
501	4494.0	3961.0
502	4494.0	3961.0
503	4494.0	3961.0
504	4494.0	3961.0
505	4494.0	3961.0
506	4494.0	3961.0
507	4494.0	3961.0
508	4494.0	3961.0
509	4494.0	3961.0
510	4494.0	3961.0
511	4494.0	3961.0
512	4494.0	3961.0
513	4494.0	3961.0
514	4494.0	3961.0
515	4494.0	3961.0
516	4494.0	3961.0
517	4494.0	3961.0
518	4494.0	3961.0
519	4494.0	3961.0
520	4494.0	3961.0
521	4494.0	3961.0
522	4494.0	3961.0
523	4494.0	3961.0
524	4494.0	3961.0
525	4494.0	3961.0
526	4494.0	3961.0
527	4494.0	3961.0
528	4494.0	3961.0
529	4494.0	3961.0
530	4494.0	3961.0
531	4494.0	3961.0
532	4494.0	3961.0
533	4494.0	3961.0
534	4494.0	3961.0
535	4494.0	3961.0
536	4494.0	3961.0
537	4494.0	3961.0
538	4494.0	3961.0
539	4494.0	3961.0
540	4494.0	3961.0
541	4494.0	3961.0
542	4494.0	3961.0
543	4494.0	3961.0
544	4494.0	3961.0
545	4494.0	3961.0
546	4494.0	3961.0
547	4494.0	3961.0
548	4494.0	3961.0
549	4494.0	3961.0
550	4494.0	3961.0
551	4494.0	3961.0
552	4494.0	3961.0
553	4494.0	3961.0
554	4494.0	3961.0
555	4494.0	3961.0
556	4494.0	3961.0
557	4494.0	3961.0
558	4494.0	3961.0
559	4494.0	3961.0
560	4494.0	4310.0
561	4494.0	3961.0
562	4494.0	3961.0
563	4494.0	3961.0
564	4494.0	3961.0
565	4494.0	3961.0
566	4494.0	3961.0
567	4494.0	3961.0
568	4494.0	3961.0
569	4494.0	3961.0
570	4494.0	3961.0
571	4494.0	3961.0
572	4494.0	3961.0
573	4494.0	3961.0
574	4494.0	3961.0
575	4494.0	3961.0
576	4494.0	3961.0
577	4494.0	3961.0
578	4494.0	3961.0
579	4494.0	3961.0
580	4494.0	4012.0
581	4494.0	3961.0
582	4494.0	3961.0
583	4494.0	3961.0
584	4494.0	3961.0
585	4494.0	3961.0
586	4494.0	3961.0
587	4651.0	3961.0
588	4651.0	3961.0
589	4651.0	3961.0
590	4651.0	3961.0
591	4651.0	3961.0
592	4651.0	3961.0
593	4651.0	3961.0
594	4651.0	3961.0
595	4651.0	3961.0
596	4651.0	3961.0
597	4651.0	3961.0
598	4651.0	3961.0
599	4651.0	3961.0
600	4651.0	4012.0
601	4651.0	3961.0
602	4651.0	3961.0
603	4651.0	3961.0
604	4651.0	3961.0
605	4651.0	3961.0
606	4651.0	3961.0
607	4651.0	3961.0
608	4651.0	3961.0
609	4651.0	3961.0
610	4651.0	3961.0
611	4651.0	3961.0
612	4651.0	3961.0
613	4651.0	3961.0
614	4651.0	3961.0
615	4651.0	3961.0
616	4651.0	3961.0
617	4651.0	3961.0
618	4651.0	3961.0
619	4651.0	3961.0
620	4651.0	4299.0
621	4651.0	3961.0
622	4651.0	3961.0
623	4651.0	3961.0
624	4651.0	3961.0
625	4651.0	3961.0
626	4651.0	3961.0
627	4651.0	3961.0
628	4651.0	3961.0
629	4651.0	3961.0
630	4651.0	3961.0
631	4651.0	3961.0
632	4651.0	3961.0
633	4651.0	3961.0
634	4651.0	3961.0
635	4651.0	3961.0
636	4651.0	3961.0
637	4651.0	4012.0
638	4651.0	4012.0
639	4651.0	4012.0
640	4651.0	4031.0
641	4651.0	4012.0
642	4651.0	4012.0
643	4651.0	4012.0
644	4651.0	4012.0
645	4651.0	4012.0
646	4651.0	4012.0
647	4651.0	4012.0
648	4651.0	4012.0
649	4651.0	4012.0
650	4651.0	4012.0
651	4651.0	4012.0
652	4651.0	4012.0
653	4651.0	4012.0
654	4651.0	4012.0
655	4651.0	4012.0
656	4651.0	4012.0
657	4651.0	4012.0
658	4651.0	4012.0
659	4651.0	4012.0
660	4651.0	4012.0
661	4651.0	4012.0
662	4651.0	4012.0
663	4651.0	4012.0
664	4651.0	4012.0
665	4651.0	4012.0
666	4651.0	4017.0
667	4651.0	4017.0
668	4651.0	4017.0
669	4651.0	4017.0
670	4651.0	4017.0
671	4651.0	4017.0
672	4651.0	4017.0
673	4651.0	4017.0
674	4651.0	4017.0
675	4651.0	4017.0
676	4651.0	4017.0
677	4651.0	4017.0
678	4651.0	4017.0
679	4651.0	4017.0
680	4651.0	4299.0
681	4651.0	4017.0
682	4651.0	4017.0
683	4651.0	4017.0
684	4651.0	4017.0
685	4651.0	4017.0
686	4651.0	4017.0
687	4651.0	4017.0
688	4651.0	4017.0
689	4651.0	4017.0
690	4651.0	4017.0
691	4651.0	4017.0
692	4651.0	4017.0
693	4651.0	4017.0
694	4651.0	4017.0
695	4651.0	4017.0
696	4651.0	4017.0
697	4651.0	4017.0
698	4651.0	4017.0
699	4651.0	4017.0
700	4651.0	4481.0
701	4651.0	4017.0
702	4651.0	4017.0
703	4651.0	4017.0
704	4651.0	4017.0
705	4651.0	4017.0
706	4651.0	4017.0
707	4651.0	4017.0
708	4651.0	4017.0
709	4651.0	4017.0
710	4651.0	4017.0
711	4651.0	4017.0
712	4651.0	4017.0
713	4651.0	4017.0
714	4651.0	4017.0
715	4651.0	4017.0
716	4651.0	4017.0
717	4651.0	4017.0
718	4651.0	4017.0
719	4651.0	4017.0
720	4651.0	4299.0
721	4651.0	4017.0
722	4651.0	4017.0
723	4651.0	4017.0
724	4651.0	4017.0
725	4651.0	4017.0
726	4651.0	4017.0
727	4651.0	4017.0
728	4651.0	4017.0
729	4651.0	4017.0
730	4651.0	4017.0
731	4651.0	4017.0
732	4651.0	4017.0
733	4651.0	4017.0
734	4651.0	4017.0
735	4651.0	4017.0
736	4651.0	4017.0
737	4651.0	4017.0
738	4651.0	4017.0
739	4651.0	4017.0
740	4651.0	4299.0
741	4651.0	4017.0
742	4651.0	4017.0
743	4651.0	4017.0
744	4651.0	4017.0
745	4651.0	4017.0
746	4651.0	4017.0
747	4651.0	4017.0
748	4651.0	4017.0
749	4651.0	4017.0
750	4651.0	4017.0
751	4651.0	4017.0
752	4651.0	4017.0
753	4651.0	4017.0
754	4651.0	4017.0
755	4651.0	4017.0
756	4651.0	4017.0
757	4651.0	4017.0
758	4651.0	4017.0
759	4651.0	4017.0
760	4651.0	4481.0
761	4651.0	4017.0
762	4651.0	4017.0
763	4651.0	4017.0
764	4651.0	4017.0
765	4651.0	4017.0
766	4651.0	4017.0
767	4651.0	4017.0
768	4651.0	4017.0
769	4651.0	4017.0
770	4651.0	4017.0
771	4651.0	4017.0
772	4651.0	4017.0
773	4651.0	4017.0
774	4651.0	4017.0
775	4651.0	4017.0
776	4651.0	4017.0
777	4651.0	4017.0
778	4651.0	4017.0
779	4651.0	4017.0
780	4651.0	4031.0
781	4651.0	4017.0
782	4651.0	4017.0
783	4651.0	4017.0
784	4651.0	4017.0
785	4651.0	4017.0
786	4651.0	4017.0
787	4651.0	4017.0
788	4651.0	4017.0
789	4651.0	4017.0
790	4651.0	4017.0
791	4651.0	4017.0
792	4651.0	4017.0
793	4651.0	4017.0
794	4651.0	4017.0
795	4651.0	4017.0
796	4651.0	4017.0
797	4651.0	4017.0
798	4651.0	4017.0
799	4651.0	4017.0
800	4651.0	4278.0
801	4651.0	4017.0
802	4651.0	4017.0
803	4651.0	4017.0
804	4651.0	4017.0
805	4651.0	4017.0
806	4651.0	4017.0
807	4651.0	4017.0
808	4651.0	4017.0
809	4651.0	4017.0
810	4651.0	4017.0
811	4651.0	4017.0
812	4651.0	4017.0
813	4651.0	4017.0
814	4651.0	4017.0
815	4651.0	4017.0
816	4651.0	4017.0
817	4651.0	4017.0
818	4651.0	4017.0
819	4651.0	4017.0
820	4651.0	4154.0
821	4651.0	4017.0
822	4651.0	4017.0
823	4651.0	4017.0
824	4651.0	4017.0
825	4651.0	4017.0
826	4651.0	4017.0
827	4651.0	4017.0
828	4651.0	4017.0
829	4651.0	4017.0
830	4651.0	4017.0
831	4651.0	4017.0
832	4651.0	4017.0
833	4651.0	4017.0
834	4651.0	4017.0
835	4651.0	4017.0
836	4651.0	4017.0
837	4651.0	4017.0
838	4651.0	4017.0
839	4651.0	4017.0
840	4651.0	4017.0
841	4651.0	4017.0
842	4651.0	4017.0
843	4651.0	4017.0
844	4651.0	4017.0
845	4651.0	4017.0
846	4651.0	4017.0
847	4651.0	4017.0
848	4651.0	4017.0
849	4651.0	4017.0
850	4651.0	4017.0
851	4651.0	4017.0
852	4651.0	4017.0
853	4651.0	4017.0
854	4651.0	4017.0
855	4651.0	4017.0
856	4651.0	4017.0
857	4651.0	4017.0
858	4651.0	4017.0
859	4651.0	4017.0
860	4651.0	4278.0
861	4651.0	4017.0
862	4651.0	4017.0
863	4651.0	4017.0
864	4651.0	4017.0
865	4651.0	4017.0
866	4651.0	4017.0
867	4651.0	4017.0
868	4651.0	4017.0
869	4651.0	4017.0
870	4651.0	4017.0
871	4651.0	4017.0
872	4651.0	4017.0
873	4651.0	4017.0
874	4651.0	4017.0
875	4651.0	4017.0
876	4651.0	4017.0
877	4651.0	4017.0
878	4651.0	4017.0
879	4651.0	4017.0
880	4651.0	4651.0
881	4651.0	4017.0
882	4651.0	4017.0
883	4651.0	4017.0
884	4651.0	4017.0
885	4651.0	4017.0
886	4651.0	4017.0
887	4651.0	4017.0
888	4651.0	4017.0
889	4651.0	4017.0
890	4651.0	4017.0
891	4651.0	4017.0
892	4651.0	4017.0
893	4651.0	4017.0
894	4651.0	4017.0
895	4651.0	4017.0
896	4651.0	4017.0
897	4651.0	4017.0
898	4651.0	4017.0
899	4651.0	4017.0
900	4651.0	4278.0
901	4651.0	4017.0
902	4651.0	4017.0
903	4651.0	4017.0
904	4651.0	4017.0
905	4651.0	4017.0
906	4651.0	4017.0
907	4651.0	4017.0
908	4651.0	4017.0
909	4651.0	4017.0
910	4651.0	4017.0
911	4651.0	4017.0
912	4651.0	4017.0
913	4651.0	4017.0
914	4651.0	4017.0
915	4651.0	4017.0
916	4651.0	4017.0
917	4651.0	4017.0
918	4651.0	4017.0
919	4651.0	4017.0
920	4651.0	4017.0
921	4651.0	4017.0
922	4651.0	4017.0
923	4651.0	4017.0
924	4651.0	4017.0
925	4651.0	4017.0
926	4651.0	4017.0
927	4651.0	4017.0
928	4651.0	4017.0
929	4651.0	4017.0
930	4651.0	4017.0
931	4651.0	4017.0
932	4651.0	4017.0
933	4651.0	4017.0
934	4651.0	4017.0
935	4651.0	4017.0
936	4651.0	4017.0
937	4651.0	4017.0
938	4651.0	4017.0
939	4651.0	4017.0
940	4651.0	4017.0
941	4651.0	4017.0
942	4651.0	4017.0
943	4651.0	4017.0
944	4651.0	4017.0
945	4651.0	4017.0
946	4651.0	4017.0
947	4651.0	4017.0
948	4651.0	4017.0
949	4651.0	4017.0
950	4651.0	4017.0
951	4651.0	4017.0
952	4651.0	4017.0
953	4651.0	4017.0
954	4651.0	4017.0
955	4651.0	4017.0
956	4651.0	4017.0
957	4651.0	4017.0
958	4651.0	4017.0
959	4651.0	4017.0
960	4651.0	4310.0
961	4651.0	4017.0
962	4651.0	4017.0
963	4651.0	4017.0
964	4651.0	4017.0
965	4651.0	4017.0
966	4651.0	4017.0
967	4651.0	4017.0
968	4651.0	4017.0
969	4651.0	4017.0
970	4651.0	4017.0
971	4651.0	4017.0
972	4651.0	4017.0
973	4651.0	4017.0
974	4651.0	4017.0
975	4651.0	4017.0
976	4651.0	4017.0
977	4651.0	4017.0
978	4651.0	4017.0
979	4651.0	4017.0
980	4651.0	4278.0
981	4651.0	4017.0
982	4651.0	4017.0
983	4651.0	4017.0
984	4651.0	4017.0
985	4651.0	4017.0
986	4651.0	4017.0
987	4651.0	4017.0
988	4651.0	4017.0
989	4651.0	4017.0
990	4651.0	4017.0
991	4651.0	4017.0
992	4651.0	4017.0
993	4651.0	4017.0
994	4651.0	4017.0
995	4651.0	4017.0
996	4651.0	4017.0
997	4651.0	4017.0
998	4651.0	4017.0
999	4651.0	4017.0
1000	4651.0	4310.0
