0 6429.0
1 6611.0
2 7295.0
3 7998.0
4 8886.0
5 9580.0
6 10460.0
7 10821.0
8 12652.0
9 14414.0
10 14414.0
11 14414.0
12 14592.0
13 15052.0
14 15396.0
15 16078.0
16 16445.0
17 17404.0
18 18238.0
19 18418.0
20 19256.0
21 20465.0
22 19951.0
23 20241.0
24 20756.0
25 22192.0
26 22192.0
27 21591.0
28 22020.0
29 22118.0
30 22504.0
31 22848.0
32 23194.0
33 23574.0
34 24467.0
35 24632.0
36 24632.0
37 24795.0
38 24795.0
39 25968.0
40 25968.0
41 25968.0
42 25968.0
43 25968.0
44 25894.0
45 26229.0
46 27083.0
47 26347.0
48 26881.0
49 27125.0
50 27418.0
51 28261.0
52 28261.0
53 28261.0
54 28261.0
55 28292.0
56 28292.0
57 28272.0
58 28661.0
59 28661.0
60 29191.0
61 29497.0
62 29191.0
63 29191.0
64 29191.0
65 29312.0
66 29248.0
67 28805.0
68 28864.0
69 29054.0
70 29352.0
71 29124.0
72 29167.0
73 29167.0
74 29915.0
75 29167.0
76 29435.0
77 30396.0
78 30396.0
79 30396.0
80 30396.0
81 30396.0
82 30396.0
83 29710.0
84 29720.0
85 29720.0
86 30299.0
87 29864.0
88 30139.0
89 30179.0
90 30179.0
91 30051.0
92 29873.0
93 30454.0
94 30454.0
95 30454.0
96 30183.0
97 30555.0
98 30183.0
99 30183.0
100 30883.0
101 30331.0
102 31153.0
103 31153.0
104 30635.0
105 31533.0
106 31533.0
107 31533.0
108 31533.0
109 31000.0
110 30978.0
111 31082.0
112 30874.0
113 30874.0
114 30927.0
115 30927.0
116 30978.0
117 30978.0
118 30978.0
119 31303.0
120 31303.0
121 30911.0
122 30911.0
123 31255.0
124 30868.0
125 30957.0
126 30957.0
127 31550.0
128 31550.0
129 31550.0
130 30838.0
131 31023.0
132 31090.0
133 31090.0
134 30863.0
135 30761.0
136 31569.0
137 31569.0
138 31569.0
139 31637.0
140 31637.0
141 31438.0
142 31590.0
143 31590.0
144 31818.0
145 32419.0
146 32419.0
147 32419.0
148 32419.0
149 30978.0
150 31180.0
151 31651.0
152 30968.0
153 31113.0
154 31161.0
155 32060.0
156 31413.0
157 31476.0
158 31441.0
159 31454.0
160 31454.0
161 31454.0
162 31480.0
163 31399.0
164 31361.0
165 32957.0
166 32957.0
167 32213.0
168 32213.0
169 32213.0
170 32213.0
171 32052.0
172 32052.0
173 32052.0
174 32052.0
175 32052.0
176 32052.0
177 32052.0
178 32052.0
179 32101.0
180 31651.0
181 32576.0
182 32576.0
183 32576.0
184 32576.0
185 33250.0
186 33250.0
187 32576.0
188 31895.0
189 31982.0
190 31982.0
191 31982.0
192 32388.0
193 32388.0
194 31982.0
195 31539.0
196 32130.0
197 31844.0
198 31955.0
199 32028.0
200 31720.0
201 31342.0
202 31169.0
203 31031.0
204 31377.0
205 31377.0
206 31818.0
207 31367.0
208 32286.0
209 32032.0
210 31557.0
211 31557.0
212 31537.0
213 31720.0
214 32060.0
215 32050.0
216 32050.0
217 32050.0
218 32165.0
219 32050.0
220 31754.0
221 32042.0
222 32171.0
223 31754.0
224 31754.0
225 31420.0
226 31862.0
227 31862.0
228 31593.0
229 31804.0
230 31863.0
231 32309.0
232 32309.0
233 32069.0
234 32534.0
235 32534.0
236 32534.0
237 31804.0
238 31684.0
239 31543.0
240 32016.0
241 32042.0
242 31449.0
243 31316.0
244 31862.0
245 32108.0
246 32108.0
247 31897.0
248 32312.0
249 32312.0
250 32810.0
251 32312.0
252 32134.0
253 32134.0
254 32134.0
255 32134.0
256 32134.0
257 32134.0
258 32134.0
259 32134.0
260 32134.0
261 32697.0
262 32143.0
263 32466.0
264 32466.0
265 32306.0
266 32306.0
267 32433.0
268 32433.0
269 32006.0
270 32006.0
271 32006.0
272 31914.0
273 32089.0
274 32089.0
275 32089.0
276 32089.0
277 32100.0
278 32100.0
279 32720.0
280 32483.0
281 32781.0
282 33429.0
283 33429.0
284 32191.0
285 32368.0
286 32368.0
287 32493.0
288 32372.0
289 32105.0
290 31999.0
291 32084.0
292 32429.0
293 33294.0
294 33294.0
295 32146.0
296 32054.0
297 32111.0
298 32046.0
299 32061.0
300 32347.0
301 32099.0
302 31950.0
303 32242.0
304 32079.0
305 32737.0
306 32089.0
307 32076.0
308 32344.0
309 32344.0
310 32429.0
311 32429.0
312 32879.0
313 32879.0
314 32523.0
315 32952.0
316 32523.0
317 32709.0
318 32239.0
319 32471.0
320 32471.0
321 32471.0
322 32308.0
323 32308.0
324 32218.0
325 32761.0
326 32264.0
327 32218.0
328 32361.0
329 32583.0
330 32583.0
331 32825.0
332 32825.0
333 32825.0
334 32660.0
335 32398.0
336 32398.0
337 32655.0
338 32655.0
339 32655.0
340 32655.0
341 32655.0
342 32398.0
343 32208.0
344 32301.0
345 32760.0
346 32760.0
347 32760.0
348 32760.0
349 32760.0
350 32243.0
351 32188.0
352 32188.0
353 32450.0
354 32450.0
355 32422.0
356 32422.0
357 32204.0
358 32061.0
359 32330.0
360 33110.0
361 32411.0
362 33299.0
363 33299.0
364 33299.0
365 33299.0
366 33299.0
367 33299.0
368 33299.0
369 33299.0
370 32027.0
371 31852.0
372 32064.0
373 32392.0
374 32064.0
375 31660.0
376 32101.0
377 32431.0
378 32151.0
379 32406.0
380 32643.0
381 32628.0
382 32226.0
383 32226.0
384 32165.0
385 32165.0
386 32858.0
387 32858.0
388 32858.0
389 32729.0
390 32380.0
391 32760.0
392 32744.0
393 32744.0
394 32772.0
395 32744.0
396 32833.0
397 32833.0
398 32236.0
399 32427.0
400 32654.0
401 32654.0
402 32068.0
403 32653.0
404 32653.0
405 32653.0
406 32423.0
407 32637.0
408 32637.0
409 32503.0
410 32503.0
411 32503.0
412 32503.0
413 32603.0
414 32264.0
415 32050.0
416 32479.0
417 32637.0
418 32448.0
419 32551.0
420 32407.0
421 32407.0
422 33111.0
423 32493.0
424 32493.0
425 32493.0
426 32493.0
427 32596.0
428 32342.0
429 32186.0
430 32128.0
431 32128.0
432 32304.0
433 32930.0
434 32930.0
435 32930.0
436 32966.0
437 32966.0
438 32699.0
439 33021.0
440 32759.0
441 33880.0
442 33880.0
443 33880.0
444 33880.0
445 33880.0
446 33110.0
447 33110.0
448 32700.0
449 32832.0
450 32471.0
451 32714.0
452 32714.0
453 32644.0
454 32884.0
455 32884.0
456 32884.0
457 33072.0
458 32884.0
459 33492.0
460 33517.0
461 33517.0
462 33517.0
463 33185.0
464 33366.0
465 33185.0
466 33173.0
467 33454.0
468 33454.0
469 33014.0
470 33213.0
471 33294.0
472 33294.0
473 33158.0
474 33141.0
475 33305.0
476 33515.0
477 33189.0
478 33861.0
479 33861.0
480 33861.0
481 33861.0
482 33744.0
483 33629.0
484 33629.0
485 33413.0
486 33413.0
487 33413.0
488 33413.0
489 33015.0
490 33124.0
491 33417.0
492 33002.0
493 33308.0
494 33302.0
495 33032.0
496 33545.0
497 33545.0
498 33281.0
499 33199.0
500 33199.0
501 33286.0
502 33348.0
503 33286.0
504 33480.0
505 33552.0
506 33476.0
507 33446.0
508 33610.0
509 33446.0
510 33837.0
511 33837.0
512 33837.0
513 33738.0
514 33881.0
515 34093.0
516 33994.0
517 33940.0
518 33735.0
519 33829.0
520 33612.0
521 33512.0
522 33664.0
523 33954.0
524 33816.0
525 33768.0
526 33768.0
527 33768.0
528 33768.0
529 33348.0
530 33373.0
531 33406.0
532 33455.0
533 33455.0
534 33687.0
535 33687.0
536 33666.0
537 33666.0
538 33791.0
539 33666.0
540 33666.0
541 33704.0
542 33622.0
543 33696.0
544 33696.0
545 34237.0
546 34237.0
547 34237.0
548 34237.0
549 34237.0
550 34199.0
551 34134.0
552 33920.0
553 33767.0
554 34139.0
555 33675.0
556 33604.0
557 33963.0
558 33963.0
559 34065.0
560 33963.0
561 33963.0
562 33963.0
563 33963.0
564 33858.0
565 34113.0
566 34113.0
567 34113.0
568 34113.0
569 33928.0
570 34148.0
571 34202.0
572 34202.0
573 33928.0
574 33928.0
575 33928.0
576 33863.0
577 33463.0
578 34117.0
579 34117.0
580 34117.0
581 33561.0
582 33539.0
583 33936.0
584 33936.0
585 33516.0
586 33347.0
587 33716.0
588 33760.0
589 33760.0
590 33980.0
591 33674.0
592 33950.0
593 33950.0
594 33943.0
595 33901.0
596 33836.0
597 34001.0
598 34789.0
599 34789.0
600 34789.0
601 34789.0
602 34789.0
603 34778.0
604 33997.0
605 34227.0
606 33916.0
607 34262.0
608 34025.0
609 33913.0
610 33913.0
611 33863.0
612 34144.0
613 34144.0
614 34144.0
615 34144.0
616 34045.0
617 33931.0
618 34063.0
619 34245.0
620 34245.0
621 34245.0
622 34245.0
623 34245.0
624 34425.0
625 34468.0
626 34245.0
627 34245.0
628 34740.0
629 34740.0
630 34245.0
631 34245.0
632 34058.0
633 34305.0
634 35450.0
635 35450.0
636 35450.0
637 34796.0
638 34796.0
639 34796.0
640 34796.0
641 34888.0
642 34888.0
643 34888.0
644 34715.0
645 34554.0
646 34185.0
647 34468.0
648 34361.0
649 34361.0
650 34530.0
651 34361.0
652 34361.0
653 34361.0
654 34108.0
655 34108.0
656 34694.0
657 34694.0
658 34304.0
659 34344.0
660 34344.0
661 34344.0
662 33925.0
663 33734.0
664 33626.0
665 33621.0
666 34151.0
667 34151.0
668 34151.0
669 33628.0
670 33821.0
671 33821.0
672 34756.0
673 34756.0
674 34756.0
675 34756.0
676 34756.0
677 33858.0
678 33847.0
679 33836.0
680 33893.0
681 33893.0
682 34264.0
683 33893.0
684 33893.0
685 33893.0
686 33763.0
687 33585.0
688 33865.0
689 33939.0
690 34044.0
691 34379.0
692 33886.0
693 33756.0
694 33717.0
695 33816.0
696 33874.0
697 33816.0
698 33816.0
699 33816.0
700 34337.0
701 34337.0
702 34579.0
703 34430.0
704 34430.0
705 34430.0
706 34711.0
707 34711.0
708 34454.0
709 34454.0
710 34454.0
711 34618.0
712 34618.0
713 34618.0
714 34618.0
715 34618.0
716 34618.0
717 34225.0
718 34225.0
719 34248.0
720 34248.0
721 34095.0
722 34187.0
723 34187.0
724 34265.0
725 34265.0
726 34265.0
727 34472.0
728 34265.0
729 34458.0
730 34458.0
731 34553.0
732 34500.0
733 34403.0
734 34356.0
735 34276.0
736 34276.0
737 34276.0
738 34231.0
739 34484.0
740 34768.0
741 34768.0
742 34373.0
743 34373.0
744 34373.0
745 34498.0
746 34525.0
747 34820.0
748 34820.0
749 34820.0
750 34820.0
751 35019.0
752 34762.0
753 34665.0
754 34925.0
755 34925.0
756 34610.0
757 34610.0
758 34610.0
759 34786.0
760 34786.0
761 34586.0
762 34586.0
763 34930.0
764 34930.0
765 34618.0
766 35126.0
767 34581.0
768 34581.0
769 34581.0
770 34704.0
771 34836.0
772 34836.0
773 34836.0
774 35097.0
775 35230.0
776 35230.0
777 35100.0
778 35100.0
779 35100.0
780 35100.0
781 34942.0
782 34801.0
783 34801.0
784 35026.0
785 35026.0
786 35026.0
787 35026.0
788 35026.0
789 35026.0
790 35026.0
791 35026.0
792 34939.0
793 34939.0
794 34939.0
795 34990.0
796 34825.0
797 34829.0
798 35163.0
799 35289.0
800 35182.0
801 34933.0
802 34933.0
803 34995.0
804 35227.0
805 35236.0
806 35615.0
807 35615.0
808 35615.0
809 35277.0
810 35652.0
811 35483.0
812 35483.0
813 35501.0
814 35579.0
815 35579.0
816 35434.0
817 35434.0
818 35424.0
819 35424.0
820 35544.0
821 35725.0
822 35481.0
823 35653.0
824 35653.0
825 35593.0
826 35468.0
827 35837.0
828 35921.0
829 35921.0
830 35921.0
831 35880.0
832 35923.0
833 35880.0
834 35851.0
835 35898.0
836 36088.0
837 36088.0
838 36074.0
839 36077.0
840 36144.0
841 36144.0
842 36144.0
843 36144.0
844 36132.0
845 36163.0
846 36151.0
847 36183.0
848 36183.0
849 36183.0
850 36183.0
851 36193.0
852 36178.0
853 36187.0
854 36202.0
855 36204.0
856 36204.0
857 36204.0
858 36246.0
859 36246.0
860 36249.0
861 36263.0
862 36270.0
863 36281.0
864 36281.0
865 36281.0
866 36281.0
867 36289.0
868 36292.0
869 36294.0
870 36294.0
871 36288.0
872 36287.0
873 36287.0
874 36293.0
875 36294.0
876 36294.0
877 36294.0
878 36302.0
879 36302.0
880 36296.0
881 36296.0
882 36297.0
883 36298.0
884 36297.0
885 36298.0
886 36298.0
887 36298.0
888 36298.0
889 36304.0
890 36304.0
891 36304.0
892 36298.0
893 36298.0
894 36298.0
895 36298.0
896 36298.0
897 36298.0
898 36298.0
899 36298.0
900 36298.0
901 36298.0
902 36298.0
903 36298.0
904 36298.0
905 36298.0
906 36298.0
907 36298.0
908 36298.0
909 36298.0
910 36298.0
911 36298.0
912 36298.0
913 36298.0
914 36298.0
915 36298.0
916 36298.0
917 36298.0
918 36298.0
919 36298.0
920 36298.0
921 36298.0
922 36298.0
923 36298.0
924 36298.0
925 36298.0
926 36298.0
927 36298.0
928 36298.0
929 36298.0
930 36298.0
931 36298.0
932 36298.0
933 36298.0
934 36298.0
935 36298.0
936 36298.0
937 36298.0
938 36298.0
939 36298.0
940 36298.0
941 36298.0
942 36298.0
943 36298.0
944 36298.0
945 36298.0
946 36298.0
947 36298.0
948 36298.0
949 36298.0
950 36298.0
951 36298.0
952 36298.0
953 36298.0
954 36298.0
955 36298.0
956 36298.0
957 36298.0
958 36298.0
959 36298.0
960 36298.0
961 36298.0
962 36298.0
963 36298.0
964 36298.0
965 36298.0
966 36298.0
967 36298.0
968 36298.0
969 36298.0
970 36298.0
971 36298.0
972 36298.0
973 36298.0
974 36298.0
975 36298.0
976 36298.0
977 36298.0
978 36298.0
979 36298.0
980 36298.0
981 36298.0
982 36298.0
983 36298.0
984 36298.0
985 36298.0
986 36298.0
987 36298.0
988 36298.0
989 36298.0
990 36298.0
991 36298.0
992 36298.0
993 36298.0
994 36298.0
995 36298.0
996 36298.0
997 36298.0
998 36298.0
999 36298.0
1000 36298.0
