0 6219.0
1 7129.0
2 7732.0
3 8717.0
4 9411.0
5 9427.0
6 9751.0
7 11108.0
8 11752.0
9 11943.0
10 12287.0
11 14366.0
12 15079.0
13 14364.0
14 14878.0
15 15920.0
16 15924.0
17 17285.0
18 17854.0
19 19809.0
20 19809.0
21 19809.0
22 20009.0
23 20398.0
24 20618.0
25 20898.0
26 21604.0
27 22705.0
28 22705.0
29 22705.0
30 22886.0
31 23298.0
32 23574.0
33 24795.0
34 23250.0
35 24033.0
36 24177.0
37 24512.0
38 25030.0
39 25030.0
40 25136.0
41 26277.0
42 25404.0
43 25388.0
44 26320.0
45 26511.0
46 26511.0
47 26573.0
48 26673.0
49 26800.0
50 26800.0
51 27107.0
52 27700.0
53 27516.0
54 27732.0
55 27516.0
56 28227.0
57 28227.0
58 28861.0
59 28361.0
60 28253.0
61 28253.0
62 28864.0
63 28483.0
64 28483.0
65 28561.0
66 28960.0
67 29423.0
68 29103.0
69 29690.0
70 29941.0
71 29076.0
72 29076.0
73 28860.0
74 29276.0
75 29748.0
76 29775.0
77 29775.0
78 29775.0
79 29775.0
80 29775.0
81 29775.0
82 29775.0
83 29923.0
84 30023.0
85 30638.0
86 30638.0
87 30638.0
88 30521.0
89 30770.0
90 30770.0
91 30599.0
92 30521.0
93 30317.0
94 30317.0
95 30360.0
96 30360.0
97 30317.0
98 30891.0
99 30891.0
100 30931.0
101 30931.0
102 30444.0
103 30444.0
104 30444.0
105 31115.0
106 30594.0
107 30840.0
108 30876.0
109 30732.0
110 31002.0
111 31112.0
112 30990.0
113 31416.0
114 31812.0
115 31812.0
116 31043.0
117 31142.0
118 31289.0
119 31501.0
120 31410.0
121 31690.0
122 31690.0
123 31224.0
124 31410.0
125 31360.0
126 31508.0
127 31666.0
128 31497.0
129 31646.0
130 31396.0
131 31396.0
132 31345.0
133 31395.0
134 31502.0
135 31545.0
136 31799.0
137 31799.0
138 32167.0
139 31671.0
140 32386.0
141 31848.0
142 31934.0
143 31587.0
144 31928.0
145 31897.0
146 31897.0
147 31666.0
148 31671.0
149 32023.0
150 31894.0
151 31894.0
152 31859.0
153 31946.0
154 31946.0
155 31946.0
156 32820.0
157 32820.0
158 32820.0
159 32820.0
160 32820.0
161 32854.0
162 32921.0
163 32578.0
164 32578.0
165 32578.0
166 32683.0
167 32298.0
168 32429.0
169 33070.0
170 33070.0
171 33070.0
172 32787.0
173 32697.0
174 32454.0
175 32454.0
176 32279.0
177 33169.0
178 32252.0
179 32608.0
180 32617.0
181 32679.0
182 32679.0
183 32679.0
184 32679.0
185 32535.0
186 32366.0
187 32428.0
188 33307.0
189 32932.0
190 32932.0
191 32493.0
192 33117.0
193 32841.0
194 32822.0
195 32822.0
196 33699.0
197 33123.0
198 33288.0
199 33123.0
200 33395.0
201 33395.0
202 33395.0
203 33244.0
204 33019.0
205 33039.0
206 33179.0
207 33179.0
208 33039.0
209 33126.0
210 33126.0
211 33126.0
212 33196.0
213 33151.0
214 33151.0
215 33151.0
216 33961.0
217 33961.0
218 33961.0
219 33210.0
220 33210.0
221 33624.0
222 33210.0
223 35129.0
224 33215.0
225 33234.0
226 33451.0
227 33451.0
228 33451.0
229 33503.0
230 33503.0
231 33280.0
232 33280.0
233 33572.0
234 33572.0
235 33479.0
236 33479.0
237 34206.0
238 33818.0
239 33831.0
240 33831.0
241 34238.0
242 34505.0
243 34034.0
244 33979.0
245 33733.0
246 33733.0
247 34115.0
248 33612.0
249 33942.0
250 34022.0
251 33828.0
252 33733.0
253 34287.0
254 34287.0
255 34118.0
256 34379.0
257 34379.0
258 34379.0
259 33940.0
260 33957.0
261 34026.0
262 33989.0
263 34490.0
264 34490.0
265 34697.0
266 34550.0
267 34550.0
268 34550.0
269 34252.0
270 34264.0
271 34341.0
272 34509.0
273 34509.0
274 34509.0
275 34086.0
276 34589.0
277 34739.0
278 34589.0
279 34495.0
280 34037.0
281 33987.0
282 34109.0
283 34787.0
284 34787.0
285 34663.0
286 34663.0
287 34663.0
288 34049.0
289 34110.0
290 34038.0
291 34127.0
292 34391.0
293 34294.0
294 33995.0
295 34003.0
296 34283.0
297 34502.0
298 34380.0
299 34380.0
300 33987.0
301 34266.0
302 34152.0
303 34784.0
304 34784.0
305 34033.0
306 34033.0
307 34255.0
308 34255.0
309 34255.0
310 34255.0
311 34245.0
312 34245.0
313 34245.0
314 34245.0
315 34298.0
316 34298.0
317 34102.0
318 34254.0
319 34395.0
320 34737.0
321 34144.0
322 34299.0
323 34144.0
324 34136.0
325 34812.0
326 34812.0
327 34646.0
328 34443.0
329 34314.0
330 34109.0
331 34585.0
332 34254.0
333 34409.0
334 34416.0
335 34499.0
336 34499.0
337 34488.0
338 34682.0
339 34918.0
340 34329.0
341 34349.0
342 34754.0
343 34754.0
344 34500.0
345 34500.0
346 35025.0
347 35025.0
348 35486.0
349 35864.0
350 35485.0
351 35153.0
352 35071.0
353 35262.0
354 35176.0
355 35257.0
356 35329.0
357 34971.0
358 35001.0
359 35315.0
360 35695.0
361 35377.0
362 35377.0
363 35733.0
364 35377.0
365 35278.0
366 35347.0
367 35272.0
368 35393.0
369 35385.0
370 35521.0
371 35521.0
372 35768.0
373 35768.0
374 35768.0
375 35768.0
376 35768.0
377 35484.0
378 35484.0
379 35500.0
380 35500.0
381 35711.0
382 35767.0
383 35798.0
384 35798.0
385 35610.0
386 35459.0
387 35833.0
388 35833.0
389 35680.0
390 35602.0
391 35708.0
392 35523.0
393 35665.0
394 35663.0
395 35788.0
396 35643.0
397 35755.0
398 35835.0
399 35931.0
400 35831.0
401 35831.0
402 35965.0
403 35880.0
404 36125.0
405 36125.0
406 36325.0
407 36325.0
408 36251.0
409 36136.0
410 36101.0
411 36155.0
412 36332.0
413 36332.0
414 36391.0
415 36391.0
416 36391.0
417 36431.0
418 36431.0
419 36431.0
420 36431.0
421 36431.0
422 36585.0
423 36438.0
424 36491.0
425 36493.0
426 36491.0
427 36507.0
428 36512.0
429 36512.0
430 36523.0
431 36492.0
432 36517.0
433 36540.0
434 36583.0
435 36598.0
436 36703.0
437 36610.0
438 36673.0
439 36673.0
440 36676.0
441 36696.0
442 36696.0
443 36696.0
444 36699.0
445 36699.0
446 36702.0
447 36707.0
448 36710.0
449 36710.0
450 36710.0
451 36710.0
452 36710.0
453 36710.0
454 36710.0
455 36710.0
456 36710.0
457 36710.0
458 36710.0
459 36710.0
460 36710.0
461 36710.0
462 36710.0
463 36710.0
464 36710.0
465 36710.0
466 36710.0
467 36710.0
468 36710.0
469 36710.0
470 36710.0
471 36710.0
472 36710.0
473 36710.0
474 36710.0
475 36710.0
476 36710.0
477 36710.0
478 36710.0
479 36710.0
480 36710.0
481 36710.0
482 36710.0
483 36710.0
484 36710.0
485 36710.0
486 36710.0
487 36710.0
488 36710.0
489 36710.0
490 36710.0
491 36710.0
492 36710.0
493 36710.0
494 36710.0
495 36710.0
496 36710.0
497 36710.0
498 36710.0
499 36710.0
500 36710.0
501 36710.0
502 36710.0
503 36710.0
504 36710.0
505 36710.0
506 36710.0
507 36710.0
508 36710.0
509 36710.0
510 36710.0
511 36710.0
512 36710.0
513 36710.0
514 36710.0
515 36710.0
516 36710.0
517 36710.0
518 36710.0
519 36710.0
520 36710.0
521 36710.0
522 36710.0
523 36710.0
524 36710.0
525 36710.0
526 36710.0
527 36710.0
528 36710.0
529 36710.0
530 36710.0
531 36710.0
532 36710.0
533 36710.0
534 36710.0
535 36710.0
536 36710.0
537 36710.0
538 36710.0
539 36710.0
540 36710.0
541 36710.0
542 36710.0
543 36710.0
544 36710.0
545 36710.0
546 36710.0
547 36710.0
548 36710.0
549 36710.0
550 36710.0
551 36710.0
552 36710.0
553 36710.0
554 36710.0
555 36710.0
556 36710.0
557 36710.0
558 36710.0
559 36710.0
560 36710.0
561 36710.0
562 36710.0
563 36710.0
564 36710.0
565 36710.0
566 36710.0
567 36710.0
568 36710.0
569 36710.0
570 36710.0
571 36710.0
572 36710.0
573 36710.0
574 36710.0
575 36710.0
576 36710.0
577 36710.0
578 36710.0
579 36710.0
580 36710.0
581 36710.0
582 36710.0
583 36710.0
584 36710.0
585 36710.0
586 36710.0
587 36710.0
588 36710.0
589 36710.0
590 36710.0
591 36710.0
592 36710.0
593 36710.0
594 36710.0
595 36710.0
596 36710.0
597 36710.0
598 36710.0
599 36710.0
600 36710.0
601 36710.0
602 36710.0
603 36710.0
604 36710.0
605 36710.0
606 36710.0
607 36710.0
608 36710.0
609 36710.0
610 36710.0
611 36710.0
612 36710.0
613 36710.0
614 36710.0
615 36710.0
616 36710.0
617 36710.0
618 36710.0
619 36710.0
620 36710.0
621 36710.0
622 36710.0
623 36710.0
624 36710.0
625 36710.0
626 36710.0
627 36710.0
628 36710.0
629 36710.0
630 36710.0
631 36710.0
632 36710.0
633 36710.0
634 36710.0
635 36710.0
636 36710.0
637 36710.0
638 36710.0
639 36710.0
640 36710.0
641 36710.0
642 36710.0
643 36710.0
644 36710.0
645 36710.0
646 36710.0
647 36710.0
648 36710.0
649 36710.0
650 36710.0
651 36710.0
652 36710.0
653 36710.0
654 36710.0
655 36710.0
656 36710.0
657 36710.0
658 36710.0
659 36710.0
660 36710.0
661 36710.0
662 36710.0
663 36710.0
664 36710.0
665 36710.0
666 36710.0
667 36710.0
668 36710.0
669 36710.0
670 36710.0
671 36710.0
672 36710.0
673 36710.0
674 36710.0
675 36710.0
676 36710.0
677 36710.0
678 36710.0
679 36710.0
680 36710.0
681 36710.0
682 36710.0
683 36710.0
684 36710.0
685 36710.0
686 36710.0
687 36710.0
688 36710.0
689 36710.0
690 36710.0
691 36710.0
692 36710.0
693 36710.0
694 36710.0
695 36710.0
696 36710.0
697 36710.0
698 36710.0
699 36710.0
700 36710.0
701 36710.0
702 36710.0
703 36710.0
704 36710.0
705 36710.0
706 36710.0
707 36710.0
708 36710.0
709 36710.0
710 36710.0
711 36710.0
712 36710.0
713 36710.0
714 36710.0
715 36710.0
716 36710.0
717 36710.0
718 36710.0
719 36710.0
720 36710.0
721 36710.0
722 36710.0
723 36710.0
724 36710.0
725 36710.0
726 36710.0
727 36710.0
728 36710.0
729 36710.0
730 36710.0
731 36710.0
732 36710.0
733 36710.0
734 36710.0
735 36710.0
736 36710.0
737 36710.0
738 36710.0
739 36710.0
740 36710.0
741 36710.0
742 36710.0
743 36710.0
744 36710.0
745 36710.0
746 36710.0
747 36710.0
748 36710.0
749 36710.0
750 36710.0
751 36710.0
752 36710.0
753 36710.0
754 36710.0
755 36710.0
756 36710.0
757 36710.0
758 36710.0
759 36710.0
760 36710.0
761 36710.0
762 36710.0
763 36710.0
764 36710.0
765 36710.0
766 36710.0
767 36710.0
768 36710.0
769 36710.0
770 36710.0
771 36710.0
772 36710.0
773 36710.0
774 36710.0
775 36710.0
776 36710.0
777 36710.0
778 36710.0
779 36710.0
780 36710.0
781 36710.0
782 36710.0
783 36710.0
784 36710.0
785 36710.0
786 36710.0
787 36710.0
788 36710.0
789 36710.0
790 36710.0
791 36710.0
792 36710.0
793 36710.0
794 36710.0
795 36710.0
796 36710.0
797 36710.0
798 36710.0
799 36710.0
800 36710.0
801 36710.0
802 36710.0
803 36710.0
804 36710.0
805 36710.0
806 36710.0
807 36710.0
808 36710.0
809 36710.0
810 36710.0
811 36710.0
812 36710.0
813 36710.0
814 36710.0
815 36710.0
816 36710.0
817 36710.0
818 36710.0
819 36710.0
820 36710.0
821 36710.0
822 36710.0
823 36710.0
824 36710.0
825 36710.0
826 36710.0
827 36710.0
828 36710.0
829 36710.0
830 36710.0
831 36710.0
832 36710.0
833 36710.0
834 36710.0
835 36710.0
836 36710.0
837 36710.0
838 36710.0
839 36710.0
840 36710.0
841 36710.0
842 36710.0
843 36710.0
844 36710.0
845 36710.0
846 36710.0
847 36710.0
848 36710.0
849 36710.0
850 36710.0
851 36710.0
852 36710.0
853 36710.0
854 36710.0
855 36710.0
856 36710.0
857 36710.0
858 36710.0
859 36710.0
860 36710.0
861 36710.0
862 36710.0
863 36710.0
864 36710.0
865 36710.0
866 36710.0
867 36710.0
868 36710.0
869 36710.0
870 36710.0
871 36710.0
872 36710.0
873 36710.0
874 36710.0
875 36710.0
876 36710.0
877 36710.0
878 36710.0
879 36710.0
880 36710.0
881 36710.0
882 36710.0
883 36710.0
884 36710.0
885 36710.0
886 36710.0
887 36710.0
888 36710.0
889 36710.0
890 36710.0
891 36710.0
892 36710.0
893 36710.0
894 36710.0
895 36710.0
896 36710.0
897 36710.0
898 36710.0
899 36710.0
900 36710.0
901 36710.0
902 36710.0
903 36710.0
904 36710.0
905 36710.0
906 36710.0
907 36710.0
908 36710.0
909 36710.0
910 36710.0
911 36710.0
912 36710.0
913 36710.0
914 36710.0
915 36710.0
916 36710.0
917 36710.0
918 36710.0
919 36710.0
920 36710.0
921 36710.0
922 36710.0
923 36710.0
924 36710.0
925 36710.0
926 36710.0
927 36710.0
928 36710.0
929 36710.0
930 36710.0
931 36710.0
932 36710.0
933 36710.0
934 36710.0
935 36710.0
936 36710.0
937 36710.0
938 36710.0
939 36710.0
940 36710.0
941 36710.0
942 36710.0
943 36710.0
944 36710.0
945 36710.0
946 36710.0
947 36710.0
948 36710.0
949 36710.0
950 36710.0
951 36710.0
952 36710.0
953 36710.0
954 36710.0
955 36710.0
956 36710.0
957 36710.0
958 36710.0
959 36710.0
960 36710.0
961 36710.0
962 36710.0
963 36710.0
964 36710.0
965 36710.0
966 36710.0
967 36710.0
968 36710.0
969 36710.0
970 36710.0
971 36710.0
972 36710.0
973 36710.0
974 36710.0
975 36710.0
976 36710.0
977 36710.0
978 36710.0
979 36710.0
980 36710.0
981 36710.0
982 36710.0
983 36710.0
984 36710.0
985 36710.0
986 36710.0
987 36710.0
988 36710.0
989 36710.0
990 36710.0
991 36710.0
992 36710.0
993 36710.0
994 36710.0
995 36710.0
996 36710.0
997 36710.0
998 36710.0
999 36710.0
1000 36710.0
