0 5944.0
1 6536.0
2 7536.0
3 7823.0
4 9434.0
5 9705.0
6 10237.0
7 11227.0
8 10862.0
9 12111.0
10 12437.0
11 12754.0
12 14082.0
13 14012.0
14 15236.0
15 16719.0
16 16302.0
17 16302.0
18 17257.0
19 18094.0
20 18094.0
21 18423.0
22 19353.0
23 19477.0
24 19353.0
25 20106.0
26 20916.0
27 20916.0
28 20784.0
29 21332.0
30 21844.0
31 22456.0
32 23195.0
33 23341.0
34 22836.0
35 23595.0
36 23264.0
37 23700.0
38 23700.0
39 24206.0
40 25478.0
41 25762.0
42 25762.0
43 25159.0
44 25658.0
45 25684.0
46 26109.0
47 26495.0
48 26045.0
49 26340.0
50 26544.0
51 27067.0
52 27157.0
53 27157.0
54 27604.0
55 29004.0
56 29004.0
57 29004.0
58 29004.0
59 29004.0
60 29004.0
61 29004.0
62 29004.0
63 28015.0
64 28288.0
65 28288.0
66 28288.0
67 28701.0
68 28701.0
69 28509.0
70 28623.0
71 28797.0
72 29331.0
73 29331.0
74 29046.0
75 29046.0
76 29569.0
77 29281.0
78 28979.0
79 29167.0
80 28955.0
81 28931.0
82 29278.0
83 29278.0
84 29278.0
85 29325.0
86 29904.0
87 29364.0
88 29619.0
89 29712.0
90 29712.0
91 29467.0
92 29926.0
93 29819.0
94 29908.0
95 29837.0
96 29869.0
97 29869.0
98 29575.0
99 29781.0
100 30096.0
101 30320.0
102 30037.0
103 29940.0
104 29745.0
105 30155.0
106 30240.0
107 30804.0
108 30155.0
109 30493.0
110 30314.0
111 31232.0
112 31232.0
113 31232.0
114 31232.0
115 30706.0
116 31117.0
117 31117.0
118 31117.0
119 31015.0
120 31216.0
121 31501.0
122 31015.0
123 31269.0
124 31269.0
125 31030.0
126 31030.0
127 31030.0
128 31030.0
129 31030.0
130 30314.0
131 30796.0
132 30223.0
133 30330.0
134 30347.0
135 30423.0
136 30610.0
137 30610.0
138 31449.0
139 31449.0
140 31462.0
141 32511.0
142 32511.0
143 31181.0
144 30771.0
145 30628.0
146 30730.0
147 30847.0
148 31810.0
149 31810.0
150 31810.0
151 31683.0
152 31165.0
153 31412.0
154 31761.0
155 30868.0
156 31436.0
157 31436.0
158 31436.0
159 31131.0
160 31161.0
161 31256.0
162 31256.0
163 30970.0
164 30970.0
165 31220.0
166 31220.0
167 31506.0
168 30740.0
169 30938.0
170 30917.0
171 30917.0
172 31768.0
173 31768.0
174 31768.0
175 31768.0
176 31537.0
177 31463.0
178 31463.0
179 31096.0
180 31156.0
181 31179.0
182 31843.0
183 31843.0
184 31843.0
185 31843.0
186 31843.0
187 31843.0
188 31312.0
189 31667.0
190 31823.0
191 31823.0
192 31167.0
193 31327.0
194 31340.0
195 31230.0
196 31460.0
197 31460.0
198 31460.0
199 31176.0
200 31176.0
201 30985.0
202 31037.0
203 31360.0
204 31360.0
205 31037.0
206 31405.0
207 31740.0
208 31740.0
209 31740.0
210 31685.0
211 31500.0
212 31678.0
213 31500.0
214 31460.0
215 31460.0
216 31584.0
217 31159.0
218 31597.0
219 31682.0
220 31682.0
221 31334.0
222 31334.0
223 31379.0
224 31584.0
225 31584.0
226 31584.0
227 31584.0
228 31584.0
229 31603.0
230 31337.0
231 31650.0
232 31650.0
233 32169.0
234 32169.0
235 32169.0
236 31827.0
237 31827.0
238 31827.0
239 31827.0
240 31827.0
241 32557.0
242 31945.0
243 31998.0
244 31939.0
245 31977.0
246 32331.0
247 32129.0
248 32129.0
249 32129.0
250 32359.0
251 32129.0
252 32129.0
253 32129.0
254 32619.0
255 32555.0
256 31933.0
257 32493.0
258 32099.0
259 32297.0
260 32297.0
261 32163.0
262 31918.0
263 32307.0
264 32257.0
265 32257.0
266 32409.0
267 32360.0
268 32200.0
269 32407.0
270 32328.0
271 33218.0
272 32406.0
273 32406.0
274 31860.0
275 31860.0
276 32153.0
277 32205.0
278 32108.0
279 32108.0
280 32108.0
281 32123.0
282 32123.0
283 32571.0
284 31999.0
285 31999.0
286 33002.0
287 33002.0
288 33002.0
289 32118.0
290 32248.0
291 32053.0
292 32196.0
293 32640.0
294 31892.0
295 32210.0
296 32037.0
297 33064.0
298 33064.0
299 31983.0
300 32485.0
301 32485.0
302 32485.0
303 32650.0
304 32650.0
305 32709.0
306 32612.0
307 32553.0
308 32553.0
309 32376.0
310 32477.0
311 32477.0
312 33174.0
313 32449.0
314 32449.0
315 32356.0
316 32807.0
317 33295.0
318 32807.0
319 32807.0
320 33072.0
321 33072.0
322 33383.0
323 33383.0
324 33383.0
325 33535.0
326 33267.0
327 33267.0
328 33267.0
329 32811.0
330 32857.0
331 33314.0
332 33282.0
333 33282.0
334 33282.0
335 33022.0
336 33022.0
337 33296.0
338 33284.0
339 33048.0
340 33087.0
341 33087.0
342 33784.0
343 33784.0
344 33518.0
345 33518.0
346 33571.0
347 33571.0
348 33571.0
349 33571.0
350 33571.0
351 33774.0
352 33571.0
353 33589.0
354 33874.0
355 34667.0
356 34041.0
357 34041.0
358 34041.0
359 33979.0
360 33979.0
361 33484.0
362 33867.0
363 33684.0
364 33684.0
365 33756.0
366 33689.0
367 33689.0
368 33666.0
369 33673.0
370 34175.0
371 34175.0
372 34175.0
373 34175.0
374 34175.0
375 34172.0
376 34172.0
377 33895.0
378 33819.0
379 33948.0
380 33912.0
381 33975.0
382 34288.0
383 34424.0
384 33764.0
385 33759.0
386 33783.0
387 34288.0
388 34239.0
389 34239.0
390 34239.0
391 34239.0
392 34365.0
393 34365.0
394 34614.0
395 34614.0
396 34129.0
397 33999.0
398 33998.0
399 33699.0
400 33699.0
401 33903.0
402 33960.0
403 34944.0
404 34944.0
405 34944.0
406 34944.0
407 34944.0
408 34564.0
409 34730.0
410 34730.0
411 33867.0
412 33867.0
413 34340.0
414 34340.0
415 34506.0
416 34340.0
417 34340.0
418 34340.0
419 34340.0
420 34340.0
421 34406.0
422 34406.0
423 34406.0
424 34406.0
425 34423.0
426 34423.0
427 34423.0
428 34423.0
429 34423.0
430 34423.0
431 34255.0
432 34293.0
433 34293.0
434 34518.0
435 34564.0
436 34564.0
437 34564.0
438 34402.0
439 34480.0
440 34480.0
441 34833.0
442 34833.0
443 34833.0
444 34833.0
445 34833.0
446 34770.0
447 34770.0
448 34690.0
449 34690.0
450 34914.0
451 34755.0
452 34755.0
453 35128.0
454 35128.0
455 34590.0
456 34685.0
457 34740.0
458 34954.0
459 35062.0
460 35009.0
461 35009.0
462 35062.0
463 35062.0
464 35062.0
465 35062.0
466 35008.0
467 35074.0
468 35074.0
469 35156.0
470 35156.0
471 35409.0
472 35453.0
473 35453.0
474 35453.0
475 35453.0
476 35512.0
477 35512.0
478 35526.0
479 35447.0
480 35598.0
481 35676.0
482 35750.0
483 35750.0
484 35721.0
485 35682.0
486 35675.0
487 35682.0
488 35682.0
489 35626.0
490 35769.0
491 35656.0
492 35625.0
493 35713.0
494 35842.0
495 35708.0
496 35831.0
497 35831.0
498 35831.0
499 35831.0
500 35831.0
501 35759.0
502 35764.0
503 35764.0
504 35845.0
505 35845.0
506 35845.0
507 35845.0
508 35845.0
509 36022.0
510 36022.0
511 35845.0
512 35765.0
513 35942.0
514 35909.0
515 36031.0
516 36015.0
517 36015.0
518 36015.0
519 36138.0
520 36138.0
521 36124.0
522 36014.0
523 36184.0
524 36183.0
525 36192.0
526 36192.0
527 36192.0
528 36183.0
529 36221.0
530 36221.0
531 36254.0
532 36221.0
533 36221.0
534 36179.0
535 36046.0
536 36132.0
537 36132.0
538 36202.0
539 36202.0
540 36202.0
541 36203.0
542 36202.0
543 36206.0
544 36136.0
545 36123.0
546 36159.0
547 36220.0
548 36223.0
549 36223.0
550 36226.0
551 36203.0
552 36203.0
553 36203.0
554 36234.0
555 36231.0
556 36262.0
557 36301.0
558 36302.0
559 36302.0
560 36302.0
561 36289.0
562 36294.0
563 36400.0
564 36400.0
565 36400.0
566 36355.0
567 36355.0
568 36355.0
569 36400.0
570 36394.0
571 36394.0
572 36394.0
573 36394.0
574 36394.0
575 36355.0
576 36394.0
577 36394.0
578 36394.0
579 36394.0
580 36394.0
581 36394.0
582 36400.0
583 36400.0
584 36400.0
585 36394.0
586 36394.0
587 36394.0
588 36394.0
589 36394.0
590 36394.0
591 36400.0
592 36400.0
593 36400.0
594 36400.0
595 36400.0
596 36394.0
597 36400.0
598 36400.0
599 36400.0
600 36400.0
601 36394.0
602 36394.0
603 36394.0
604 36394.0
605 36394.0
606 36394.0
607 36394.0
608 36394.0
609 36394.0
610 36394.0
611 36394.0
612 36394.0
613 36394.0
614 36394.0
615 36394.0
616 36394.0
617 36394.0
618 36394.0
619 36394.0
620 36394.0
621 36394.0
622 36394.0
623 36394.0
624 36394.0
625 36394.0
626 36394.0
627 36394.0
628 36394.0
629 36394.0
630 36394.0
631 36394.0
632 36394.0
633 36394.0
634 36394.0
635 36394.0
636 36394.0
637 36394.0
638 36394.0
639 36394.0
640 36394.0
641 36394.0
642 36394.0
643 36394.0
644 36394.0
645 36394.0
646 36394.0
647 36394.0
648 36394.0
649 36394.0
650 36394.0
651 36394.0
652 36394.0
653 36394.0
654 36394.0
655 36394.0
656 36394.0
657 36394.0
658 36394.0
659 36394.0
660 36394.0
661 36394.0
662 36394.0
663 36394.0
664 36394.0
665 36394.0
666 36394.0
667 36394.0
668 36394.0
669 36394.0
670 36394.0
671 36394.0
672 36394.0
673 36394.0
674 36394.0
675 36394.0
676 36394.0
677 36394.0
678 36394.0
679 36394.0
680 36394.0
681 36394.0
682 36394.0
683 36394.0
684 36394.0
685 36394.0
686 36394.0
687 36394.0
688 36394.0
689 36394.0
690 36394.0
691 36394.0
692 36394.0
693 36394.0
694 36394.0
695 36394.0
696 36394.0
697 36394.0
698 36394.0
699 36394.0
700 36394.0
701 36394.0
702 36394.0
703 36394.0
704 36394.0
705 36394.0
706 36394.0
707 36394.0
708 36394.0
709 36394.0
710 36394.0
711 36394.0
712 36394.0
713 36394.0
714 36394.0
715 36394.0
716 36394.0
717 36394.0
718 36394.0
719 36394.0
720 36394.0
721 36394.0
722 36394.0
723 36394.0
724 36394.0
725 36394.0
726 36394.0
727 36394.0
728 36394.0
729 36394.0
730 36394.0
731 36394.0
732 36394.0
733 36394.0
734 36394.0
735 36394.0
736 36394.0
737 36394.0
738 36394.0
739 36394.0
740 36394.0
741 36394.0
742 36394.0
743 36394.0
744 36394.0
745 36394.0
746 36394.0
747 36394.0
748 36394.0
749 36394.0
750 36394.0
751 36394.0
752 36394.0
753 36394.0
754 36394.0
755 36394.0
756 36394.0
757 36394.0
758 36394.0
759 36394.0
760 36394.0
761 36394.0
762 36394.0
763 36394.0
764 36394.0
765 36394.0
766 36394.0
767 36394.0
768 36394.0
769 36394.0
770 36394.0
771 36394.0
772 36394.0
773 36394.0
774 36394.0
775 36394.0
776 36394.0
777 36394.0
778 36394.0
779 36394.0
780 36394.0
781 36394.0
782 36394.0
783 36394.0
784 36394.0
785 36394.0
786 36394.0
787 36394.0
788 36394.0
789 36394.0
790 36394.0
791 36394.0
792 36394.0
793 36394.0
794 36394.0
795 36394.0
796 36394.0
797 36394.0
798 36394.0
799 36394.0
800 36394.0
801 36394.0
802 36394.0
803 36394.0
804 36394.0
805 36394.0
806 36394.0
807 36394.0
808 36394.0
809 36394.0
810 36394.0
811 36394.0
812 36394.0
813 36394.0
814 36394.0
815 36394.0
816 36394.0
817 36394.0
818 36394.0
819 36394.0
820 36394.0
821 36394.0
822 36394.0
823 36394.0
824 36394.0
825 36394.0
826 36394.0
827 36394.0
828 36394.0
829 36394.0
830 36394.0
831 36394.0
832 36394.0
833 36394.0
834 36394.0
835 36394.0
836 36394.0
837 36394.0
838 36394.0
839 36394.0
840 36394.0
841 36394.0
842 36394.0
843 36394.0
844 36394.0
845 36394.0
846 36394.0
847 36394.0
848 36394.0
849 36394.0
850 36394.0
851 36394.0
852 36394.0
853 36394.0
854 36394.0
855 36394.0
856 36394.0
857 36394.0
858 36394.0
859 36394.0
860 36394.0
861 36394.0
862 36394.0
863 36394.0
864 36394.0
865 36394.0
866 36394.0
867 36394.0
868 36394.0
869 36394.0
870 36394.0
871 36394.0
872 36394.0
873 36394.0
874 36394.0
875 36394.0
876 36394.0
877 36394.0
878 36394.0
879 36394.0
880 36394.0
881 36394.0
882 36394.0
883 36394.0
884 36394.0
885 36394.0
886 36394.0
887 36394.0
888 36394.0
889 36394.0
890 36394.0
891 36394.0
892 36394.0
893 36394.0
894 36394.0
895 36394.0
896 36394.0
897 36394.0
898 36394.0
899 36394.0
900 36394.0
901 36394.0
902 36394.0
903 36394.0
904 36394.0
905 36394.0
906 36394.0
907 36394.0
908 36394.0
909 36394.0
910 36394.0
911 36394.0
912 36394.0
913 36394.0
914 36394.0
915 36394.0
916 36394.0
917 36394.0
918 36394.0
919 36394.0
920 36394.0
921 36394.0
922 36394.0
923 36394.0
924 36394.0
925 36394.0
926 36394.0
927 36394.0
928 36394.0
929 36394.0
930 36394.0
931 36394.0
932 36394.0
933 36394.0
934 36394.0
935 36394.0
936 36394.0
937 36394.0
938 36394.0
939 36394.0
940 36394.0
941 36394.0
942 36394.0
943 36394.0
944 36394.0
945 36394.0
946 36394.0
947 36394.0
948 36394.0
949 36394.0
950 36394.0
951 36394.0
952 36394.0
953 36394.0
954 36394.0
955 36394.0
956 36394.0
957 36394.0
958 36394.0
959 36394.0
960 36394.0
961 36394.0
962 36394.0
963 36394.0
964 36394.0
965 36394.0
966 36394.0
967 36394.0
968 36394.0
969 36394.0
970 36394.0
971 36394.0
972 36394.0
973 36394.0
974 36394.0
975 36394.0
976 36394.0
977 36394.0
978 36394.0
979 36394.0
980 36394.0
981 36394.0
982 36394.0
983 36394.0
984 36394.0
985 36394.0
986 36394.0
987 36394.0
988 36394.0
989 36394.0
990 36394.0
991 36394.0
992 36394.0
993 36394.0
994 36394.0
995 36394.0
996 36394.0
997 36394.0
998 36394.0
999 36394.0
1000 36394.0
