0 6873.0
1 7034.0
2 7778.0
3 8450.0
4 8686.0
5 9746.0
6 11366.0
7 10939.0
8 11789.0
9 11807.0
10 12754.0
11 12968.0
12 13858.0
13 14423.0
14 16354.0
15 16354.0
16 16907.0
17 17142.0
18 17434.0
19 17485.0
20 19053.0
21 18422.0
22 19624.0
23 19624.0
24 20008.0
25 20008.0
26 20151.0
27 20964.0
28 21485.0
29 22070.0
30 21904.0
31 22751.0
32 24115.0
33 24115.0
34 23924.0
35 24232.0
36 24333.0
37 24468.0
38 25485.0
39 25086.0
40 25136.0
41 25585.0
42 25911.0
43 26581.0
44 26659.0
45 27489.0
46 27732.0
47 27732.0
48 27967.0
49 27967.0
50 28320.0
51 27228.0
52 28002.0
53 28002.0
54 28002.0
55 28002.0
56 27823.0
57 27823.0
58 27996.0
59 28838.0
60 28936.0
61 29094.0
62 29094.0
63 28936.0
64 29087.0
65 29087.0
66 29061.0
67 29061.0
68 29061.0
69 30149.0
70 30149.0
71 29465.0
72 29465.0
73 29009.0
74 29009.0
75 28768.0
76 29709.0
77 29607.0
78 29038.0
79 28969.0
80 29517.0
81 29517.0
82 29927.0
83 29606.0
84 29606.0
85 29432.0
86 29823.0
87 30063.0
88 30063.0
89 30069.0
90 30069.0
91 29510.0
92 29741.0
93 29494.0
94 29669.0
95 30856.0
96 30856.0
97 30856.0
98 30075.0
99 30075.0
100 30075.0
101 30075.0
102 30152.0
103 30152.0
104 30152.0
105 30152.0
106 30331.0
107 29785.0
108 29804.0
109 30151.0
110 30792.0
111 30792.0
112 30528.0
113 31080.0
114 30513.0
115 30312.0
116 30387.0
117 30387.0
118 30387.0
119 30387.0
120 30387.0
121 30359.0
122 30325.0
123 31273.0
124 31273.0
125 31440.0
126 31440.0
127 30576.0
128 30457.0
129 30853.0
130 30589.0
131 30481.0
132 31481.0
133 30591.0
134 30619.0
135 30619.0
136 30824.0
137 31071.0
138 31324.0
139 31324.0
140 31627.0
141 31627.0
142 31627.0
143 31627.0
144 31627.0
145 31627.0
146 31627.0
147 31614.0
148 31614.0
149 31477.0
150 31477.0
151 31735.0
152 32127.0
153 31794.0
154 31050.0
155 31222.0
156 32000.0
157 31222.0
158 30966.0
159 30966.0
160 31060.0
161 31060.0
162 30966.0
163 30966.0
164 31163.0
165 31163.0
166 31079.0
167 31134.0
168 31027.0
169 30910.0
170 31096.0
171 31115.0
172 31244.0
173 32023.0
174 32023.0
175 32023.0
176 32023.0
177 31296.0
178 31296.0
179 31296.0
180 31296.0
181 31049.0
182 31049.0
183 32100.0
184 31132.0
185 31147.0
186 31147.0
187 31546.0
188 31382.0
189 31382.0
190 32429.0
191 31513.0
192 31513.0
193 31513.0
194 31382.0
195 31382.0
196 31382.0
197 31669.0
198 31669.0
199 31424.0
200 31467.0
201 31424.0
202 31424.0
203 31293.0
204 31293.0
205 31155.0
206 31092.0
207 30970.0
208 30970.0
209 31012.0
210 31012.0
211 31133.0
212 31162.0
213 31162.0
214 31162.0
215 30945.0
216 31213.0
217 32022.0
218 31782.0
219 31757.0
220 31757.0
221 31527.0
222 31527.0
223 31527.0
224 31215.0
225 31215.0
226 31752.0
227 32034.0
228 32034.0
229 32028.0
230 31216.0
231 31216.0
232 30849.0
233 31435.0
234 31573.0
235 31573.0
236 32117.0
237 32117.0
238 31664.0
239 31664.0
240 31410.0
241 31325.0
242 31033.0
243 31455.0
244 31364.0
245 31663.0
246 31663.0
247 31663.0
248 31884.0
249 31884.0
250 32003.0
251 31663.0
252 31663.0
253 31435.0
254 31186.0
255 31367.0
256 31669.0
257 31432.0
258 31432.0
259 30926.0
260 31789.0
261 31291.0
262 31458.0
263 31458.0
264 31469.0
265 31366.0
266 31702.0
267 31702.0
268 31702.0
269 32347.0
270 31652.0
271 31272.0
272 31933.0
273 31933.0
274 31319.0
275 31301.0
276 31586.0
277 31487.0
278 31863.0
279 31863.0
280 31863.0
281 31543.0
282 32245.0
283 31739.0
284 31768.0
285 31764.0
286 32245.0
287 32245.0
288 32325.0
289 32325.0
290 32325.0
291 32325.0
292 31786.0
293 31786.0
294 32001.0
295 32316.0
296 32316.0
297 31585.0
298 31807.0
299 31807.0
300 31807.0
301 32369.0
302 32369.0
303 31231.0
304 31574.0
305 31574.0
306 31574.0
307 31574.0
308 31724.0
309 32267.0
310 32267.0
311 32267.0
312 32267.0
313 32267.0
314 32267.0
315 31619.0
316 31423.0
317 31565.0
318 31766.0
319 31766.0
320 32560.0
321 32560.0
322 31977.0
323 31785.0
324 31526.0
325 32027.0
326 32027.0
327 31823.0
328 31622.0
329 32531.0
330 32531.0
331 32531.0
332 32531.0
333 32430.0
334 32430.0
335 32542.0
336 32542.0
337 32527.0
338 32527.0
339 32356.0
340 32356.0
341 32356.0
342 32356.0
343 32356.0
344 32356.0
345 32356.0
346 32356.0
347 32256.0
348 32355.0
349 32355.0
350 32715.0
351 32983.0
352 32983.0
353 32983.0
354 32983.0
355 32503.0
356 32503.0
357 32503.0
358 32411.0
359 32411.0
360 32311.0
361 33738.0
362 33122.0
363 32124.0
364 32469.0
365 32310.0
366 32074.0
367 32552.0
368 32244.0
369 32304.0
370 32148.0
371 32637.0
372 32637.0
373 32273.0
374 32512.0
375 32512.0
376 32962.0
377 32759.0
378 32759.0
379 32839.0
380 32839.0
381 32323.0
382 33013.0
383 33013.0
384 32998.0
385 32443.0
386 33092.0
387 32652.0
388 32652.0
389 32652.0
390 32437.0
391 32437.0
392 32792.0
393 32792.0
394 32792.0
395 32792.0
396 32913.0
397 32764.0
398 32764.0
399 33016.0
400 33802.0
401 33802.0
402 33802.0
403 33802.0
404 32723.0
405 32723.0
406 32720.0
407 32720.0
408 33095.0
409 33095.0
410 33277.0
411 33277.0
412 33277.0
413 33277.0
414 33277.0
415 33277.0
416 34036.0
417 34036.0
418 33244.0
419 33493.0
420 33460.0
421 33460.0
422 33550.0
423 33550.0
424 33631.0
425 33684.0
426 33684.0
427 33684.0
428 33959.0
429 34043.0
430 34043.0
431 33460.0
432 33738.0
433 33460.0
434 33711.0
435 33460.0
436 33489.0
437 33921.0
438 33921.0
439 33957.0
440 34016.0
441 33921.0
442 33999.0
443 33779.0
444 33809.0
445 33649.0
446 34145.0
447 34450.0
448 34258.0
449 34258.0
450 34258.0
451 33981.0
452 33981.0
453 34182.0
454 34419.0
455 34419.0
456 34441.0
457 34441.0
458 34419.0
459 34670.0
460 34419.0
461 34230.0
462 34327.0
463 34327.0
464 34629.0
465 34429.0
466 34502.0
467 34704.0
468 34886.0
469 35045.0
470 35045.0
471 34687.0
472 34691.0
473 34691.0
474 34691.0
475 34691.0
476 34953.0
477 34953.0
478 34953.0
479 34909.0
480 34909.0
481 35157.0
482 35147.0
483 35147.0
484 35147.0
485 34730.0
486 34605.0
487 34547.0
488 34850.0
489 35017.0
490 34927.0
491 34797.0
492 34617.0
493 34807.0
494 35031.0
495 35031.0
496 34606.0
497 34990.0
498 34682.0
499 34609.0
500 34609.0
501 34474.0
502 34912.0
503 34839.0
504 34707.0
505 34983.0
506 34984.0
507 34751.0
508 34800.0
509 34765.0
510 34709.0
511 34709.0
512 34937.0
513 35230.0
514 34866.0
515 34802.0
516 34802.0
517 34802.0
518 34896.0
519 34802.0
520 35048.0
521 35048.0
522 35048.0
523 35048.0
524 34911.0
525 34930.0
526 35150.0
527 35150.0
528 35150.0
529 35150.0
530 34913.0
531 35345.0
532 34855.0
533 35378.0
534 35378.0
535 35365.0
536 35143.0
537 35355.0
538 35143.0
539 35143.0
540 35460.0
541 35402.0
542 34979.0
543 35227.0
544 34872.0
545 34991.0
546 34913.0
547 35183.0
548 35183.0
549 35594.0
550 35594.0
551 35594.0
552 35594.0
553 35594.0
554 35594.0
555 34997.0
556 34997.0
557 35291.0
558 35037.0
559 35081.0
560 35188.0
561 35258.0
562 35258.0
563 35258.0
564 35258.0
565 35258.0
566 35673.0
567 35335.0
568 35335.0
569 35335.0
570 35032.0
571 35060.0
572 35328.0
573 35328.0
574 35328.0
575 35328.0
576 35328.0
577 35508.0
578 35328.0
579 35116.0
580 35176.0
581 35381.0
582 35381.0
583 35381.0
584 35381.0
585 35431.0
586 35436.0
587 35446.0
588 35446.0
589 35469.0
590 35469.0
591 35469.0
592 35455.0
593 35505.0
594 35431.0
595 35559.0
596 35640.0
597 35632.0
598 35576.0
599 35669.0
600 35646.0
601 35746.0
602 35746.0
603 35746.0
604 35746.0
605 35831.0
606 35831.0
607 35831.0
608 35831.0
609 35897.0
610 35918.0
611 35926.0
612 36037.0
613 36037.0
614 36093.0
615 36131.0
616 36131.0
617 36131.0
618 36131.0
619 36112.0
620 36094.0
621 36215.0
622 36305.0
623 36305.0
624 36305.0
625 36235.0
626 36281.0
627 36274.0
628 36274.0
629 36319.0
630 36315.0
631 36315.0
632 36315.0
633 36315.0
634 36309.0
635 36357.0
636 36356.0
637 36368.0
638 36368.0
639 36382.0
640 36382.0
641 36382.0
642 36394.0
643 36394.0
644 36394.0
645 36439.0
646 36444.0
647 36444.0
648 36462.0
649 36445.0
650 36445.0
651 36448.0
652 36448.0
653 36470.0
654 36454.0
655 36490.0
656 36490.0
657 36490.0
658 36490.0
659 36490.0
660 36491.0
661 36511.0
662 36511.0
663 36511.0
664 36522.0
665 36517.0
666 36510.0
667 36510.0
668 36517.0
669 36517.0
670 36517.0
671 36541.0
672 36541.0
673 36541.0
674 36544.0
675 36544.0
676 36544.0
677 36544.0
678 36544.0
679 36544.0
680 36544.0
681 36544.0
682 36544.0
683 36544.0
684 36544.0
685 36544.0
686 36544.0
687 36544.0
688 36544.0
689 36544.0
690 36544.0
691 36544.0
692 36544.0
693 36544.0
694 36544.0
695 36544.0
696 36544.0
697 36544.0
698 36544.0
699 36544.0
700 36544.0
701 36544.0
702 36544.0
703 36544.0
704 36544.0
705 36544.0
706 36544.0
707 36544.0
708 36544.0
709 36544.0
710 36544.0
711 36544.0
712 36544.0
713 36544.0
714 36544.0
715 36544.0
716 36544.0
717 36544.0
718 36544.0
719 36544.0
720 36544.0
721 36544.0
722 36544.0
723 36544.0
724 36544.0
725 36544.0
726 36544.0
727 36544.0
728 36544.0
729 36544.0
730 36544.0
731 36544.0
732 36544.0
733 36544.0
734 36544.0
735 36544.0
736 36544.0
737 36544.0
738 36544.0
739 36544.0
740 36544.0
741 36544.0
742 36544.0
743 36544.0
744 36544.0
745 36544.0
746 36544.0
747 36544.0
748 36544.0
749 36544.0
750 36544.0
751 36544.0
752 36544.0
753 36544.0
754 36544.0
755 36544.0
756 36544.0
757 36544.0
758 36544.0
759 36544.0
760 36544.0
761 36544.0
762 36544.0
763 36544.0
764 36544.0
765 36544.0
766 36544.0
767 36544.0
768 36544.0
769 36544.0
770 36544.0
771 36544.0
772 36544.0
773 36544.0
774 36544.0
775 36544.0
776 36544.0
777 36544.0
778 36544.0
779 36544.0
780 36544.0
781 36544.0
782 36544.0
783 36544.0
784 36544.0
785 36544.0
786 36544.0
787 36544.0
788 36544.0
789 36544.0
790 36544.0
791 36544.0
792 36544.0
793 36544.0
794 36544.0
795 36544.0
796 36544.0
797 36544.0
798 36544.0
799 36544.0
800 36544.0
801 36544.0
802 36544.0
803 36544.0
804 36544.0
805 36544.0
806 36544.0
807 36544.0
808 36544.0
809 36544.0
810 36544.0
811 36544.0
812 36544.0
813 36544.0
814 36544.0
815 36544.0
816 36544.0
817 36544.0
818 36544.0
819 36544.0
820 36544.0
821 36544.0
822 36544.0
823 36544.0
824 36544.0
825 36544.0
826 36544.0
827 36544.0
828 36544.0
829 36544.0
830 36544.0
831 36544.0
832 36544.0
833 36544.0
834 36544.0
835 36544.0
836 36544.0
837 36544.0
838 36544.0
839 36544.0
840 36544.0
841 36544.0
842 36544.0
843 36544.0
844 36544.0
845 36544.0
846 36544.0
847 36544.0
848 36544.0
849 36544.0
850 36544.0
851 36544.0
852 36544.0
853 36544.0
854 36544.0
855 36544.0
856 36544.0
857 36544.0
858 36544.0
859 36544.0
860 36544.0
861 36544.0
862 36544.0
863 36544.0
864 36544.0
865 36544.0
866 36544.0
867 36544.0
868 36544.0
869 36544.0
870 36544.0
871 36544.0
872 36544.0
873 36544.0
874 36544.0
875 36544.0
876 36544.0
877 36544.0
878 36544.0
879 36544.0
880 36544.0
881 36544.0
882 36544.0
883 36544.0
884 36544.0
885 36544.0
886 36544.0
887 36544.0
888 36544.0
889 36544.0
890 36544.0
891 36544.0
892 36544.0
893 36544.0
894 36544.0
895 36544.0
896 36544.0
897 36544.0
898 36544.0
899 36544.0
900 36544.0
901 36544.0
902 36544.0
903 36544.0
904 36554.0
905 36581.0
906 36581.0
907 36581.0
908 36581.0
909 36581.0
910 36581.0
911 36581.0
912 36581.0
913 36581.0
914 36581.0
915 36581.0
916 36581.0
917 36581.0
918 36581.0
919 36581.0
920 36581.0
921 36581.0
922 36581.0
923 36581.0
924 36581.0
925 36581.0
926 36581.0
927 36581.0
928 36581.0
929 36581.0
930 36581.0
931 36581.0
932 36581.0
933 36581.0
934 36581.0
935 36581.0
936 36581.0
937 36581.0
938 36581.0
939 36581.0
940 36581.0
941 36581.0
942 36581.0
943 36581.0
944 36581.0
945 36581.0
946 36581.0
947 36581.0
948 36581.0
949 36581.0
950 36581.0
951 36581.0
952 36581.0
953 36581.0
954 36581.0
955 36581.0
956 36581.0
957 36581.0
958 36581.0
959 36581.0
960 36581.0
961 36581.0
962 36581.0
963 36581.0
964 36581.0
965 36581.0
966 36581.0
967 36581.0
968 36581.0
969 36581.0
970 36581.0
971 36581.0
972 36581.0
973 36581.0
974 36581.0
975 36581.0
976 36581.0
977 36581.0
978 36581.0
979 36581.0
980 36581.0
981 36581.0
982 36581.0
983 36581.0
984 36581.0
985 36581.0
986 36581.0
987 36581.0
988 36581.0
989 36581.0
990 36581.0
991 36581.0
992 36581.0
993 36581.0
994 36581.0
995 36581.0
996 36581.0
997 36581.0
998 36581.0
999 36581.0
1000 36581.0
