0 6070.0
1 7024.0
2 7103.0
3 8095.0
4 8935.0
5 9504.0
6 10575.0
7 10645.0
8 11564.0
9 12521.0
10 13103.0
11 14225.0
12 14144.0
13 15407.0
14 14751.0
15 15745.0
16 17242.0
17 17242.0
18 17242.0
19 17860.0
20 18314.0
21 18441.0
22 18613.0
23 19216.0
24 20183.0
25 20595.0
26 20631.0
27 21121.0
28 22375.0
29 22375.0
30 22152.0
31 22554.0
32 22211.0
33 22689.0
34 23197.0
35 23197.0
36 23842.0
37 23763.0
38 23763.0
39 23778.0
40 24421.0
41 25563.0
42 25583.0
43 25583.0
44 25604.0
45 26306.0
46 26306.0
47 26306.0
48 26682.0
49 25686.0
50 26577.0
51 26468.0
52 26468.0
53 27362.0
54 27362.0
55 27362.0
56 27362.0
57 27362.0
58 27893.0
59 27893.0
60 27893.0
61 27730.0
62 27730.0
63 27730.0
64 28165.0
65 28018.0
66 28481.0
67 28443.0
68 29517.0
69 29517.0
70 29517.0
71 29517.0
72 28884.0
73 28980.0
74 28842.0
75 29517.0
76 29517.0
77 29725.0
78 29085.0
79 30506.0
80 30506.0
81 30506.0
82 30506.0
83 30506.0
84 30506.0
85 30506.0
86 30506.0
87 30506.0
88 30506.0
89 30265.0
90 30470.0
91 31381.0
92 30604.0
93 30604.0
94 30131.0
95 30135.0
96 30759.0
97 30759.0
98 30773.0
99 30773.0
100 30773.0
101 30773.0
102 30773.0
103 31501.0
104 31501.0
105 31501.0
106 31401.0
107 31401.0
108 30812.0
109 30863.0
110 31165.0
111 31165.0
112 31165.0
113 31014.0
114 31397.0
115 31397.0
116 31397.0
117 31538.0
118 31538.0
119 30769.0
120 30723.0
121 30723.0
122 30723.0
123 30723.0
124 30692.0
125 31232.0
126 31232.0
127 30809.0
128 30623.0
129 30842.0
130 30287.0
131 30728.0
132 31091.0
133 31006.0
134 31006.0
135 31006.0
136 31006.0
137 31006.0
138 31006.0
139 31242.0
140 31266.0
141 31266.0
142 31266.0
143 31266.0
144 31306.0
145 31775.0
146 31775.0
147 31775.0
148 31309.0
149 30950.0
150 31476.0
151 30951.0
152 31067.0
153 31067.0
154 31473.0
155 31342.0
156 31245.0
157 31589.0
158 32073.0
159 31589.0
160 31589.0
161 31287.0
162 31287.0
163 31843.0
164 31419.0
165 31411.0
166 31523.0
167 31523.0
168 31936.0
169 31523.0
170 31213.0
171 31213.0
172 31724.0
173 31724.0
174 31927.0
175 31927.0
176 31927.0
177 31927.0
178 31058.0
179 31101.0
180 31382.0
181 31382.0
182 31196.0
183 31353.0
184 31353.0
185 31579.0
186 32028.0
187 32028.0
188 32332.0
189 32332.0
190 31694.0
191 31459.0
192 31584.0
193 31389.0
194 31389.0
195 31501.0
196 31768.0
197 32248.0
198 32008.0
199 31768.0
200 31407.0
201 31400.0
202 31400.0
203 31769.0
204 31769.0
205 31364.0
206 31364.0
207 31653.0
208 31705.0
209 31799.0
210 31799.0
211 31622.0
212 31622.0
213 31622.0
214 31950.0
215 31996.0
216 32677.0
217 31636.0
218 31448.0
219 31448.0
220 31445.0
221 31493.0
222 31613.0
223 31613.0
224 31537.0
225 31630.0
226 31630.0
227 31708.0
228 32276.0
229 32078.0
230 32078.0
231 32078.0
232 32137.0
233 32628.0
234 32628.0
235 32001.0
236 32517.0
237 32517.0
238 32517.0
239 31812.0
240 31812.0
241 31990.0
242 31812.0
243 32109.0
244 32048.0
245 32048.0
246 32455.0
247 32455.0
248 32455.0
249 32176.0
250 31857.0
251 31857.0
252 31751.0
253 31772.0
254 31512.0
255 31498.0
256 31807.0
257 31807.0
258 32218.0
259 32186.0
260 32186.0
261 32186.0
262 32505.0
263 32222.0
264 32825.0
265 32825.0
266 32825.0
267 32825.0
268 32332.0
269 32332.0
270 32332.0
271 31965.0
272 32630.0
273 32123.0
274 32226.0
275 31871.0
276 32604.0
277 32604.0
278 32604.0
279 32604.0
280 32604.0
281 32312.0
282 32312.0
283 32312.0
284 32312.0
285 32106.0
286 32285.0
287 32106.0
288 32063.0
289 32210.0
290 31764.0
291 32199.0
292 32371.0
293 32371.0
294 31961.0
295 32489.0
296 32489.0
297 32489.0
298 32489.0
299 32325.0
300 32156.0
301 32128.0
302 32123.0
303 32975.0
304 32975.0
305 32975.0
306 32113.0
307 32113.0
308 32113.0
309 32707.0
310 32291.0
311 32291.0
312 32291.0
313 32215.0
314 32340.0
315 32597.0
316 33069.0
317 33069.0
318 32599.0
319 32897.0
320 32915.0
321 32280.0
322 32280.0
323 32520.0
324 32746.0
325 32650.0
326 33228.0
327 33228.0
328 33228.0
329 33228.0
330 33085.0
331 32214.0
332 32930.0
333 32462.0
334 32427.0
335 32451.0
336 32922.0
337 32922.0
338 32728.0
339 32770.0
340 32946.0
341 32946.0
342 32946.0
343 32946.0
344 32946.0
345 33634.0
346 33634.0
347 33457.0
348 33308.0
349 33308.0
350 33308.0
351 33308.0
352 33171.0
353 32748.0
354 33830.0
355 33830.0
356 33830.0
357 33830.0
358 33830.0
359 33494.0
360 33429.0
361 33676.0
362 33676.0
363 33676.0
364 32992.0
365 32992.0
366 33400.0
367 33400.0
368 32939.0
369 33210.0
370 33056.0
371 33056.0
372 33056.0
373 33056.0
374 33732.0
375 33732.0
376 33053.0
377 33053.0
378 33214.0
379 32968.0
380 34079.0
381 33206.0
382 33206.0
383 33577.0
384 33190.0
385 32905.0
386 33271.0
387 34047.0
388 34047.0
389 33269.0
390 33269.0
391 33754.0
392 33754.0
393 33754.0
394 33754.0
395 33059.0
396 33750.0
397 33750.0
398 33750.0
399 33647.0
400 33449.0
401 33475.0
402 33475.0
403 33475.0
404 33475.0
405 33551.0
406 33551.0
407 33487.0
408 33517.0
409 33517.0
410 33203.0
411 33203.0
412 33183.0
413 33498.0
414 33186.0
415 33648.0
416 33186.0
417 33321.0
418 33431.0
419 33550.0
420 33550.0
421 33550.0
422 33550.0
423 33087.0
424 33214.0
425 33330.0
426 33319.0
427 33380.0
428 33416.0
429 33416.0
430 33025.0
431 33247.0
432 33247.0
433 33247.0
434 33184.0
435 33279.0
436 33327.0
437 32800.0
438 33947.0
439 33162.0
440 32671.0
441 33503.0
442 32774.0
443 33038.0
444 33304.0
445 33305.0
446 33305.0
447 33305.0
448 33224.0
449 33290.0
450 33290.0
451 33290.0
452 32959.0
453 32959.0
454 33351.0
455 32889.0
456 32882.0
457 32882.0
458 32882.0
459 32882.0
460 32882.0
461 32882.0
462 32678.0
463 32672.0
464 32818.0
465 32841.0
466 33084.0
467 33366.0
468 33366.0
469 33363.0
470 32969.0
471 32969.0
472 32969.0
473 33347.0
474 32969.0
475 33163.0
476 33163.0
477 33015.0
478 33015.0
479 33332.0
480 33015.0
481 33024.0
482 33161.0
483 33024.0
484 33356.0
485 33356.0
486 33356.0
487 33563.0
488 33563.0
489 33563.0
490 33563.0
491 33209.0
492 33172.0
493 33594.0
494 33157.0
495 33013.0
496 33775.0
497 33775.0
498 33978.0
499 33978.0
500 33978.0
501 33678.0
502 33194.0
503 33879.0
504 33473.0
505 34034.0
506 34034.0
507 33407.0
508 33584.0
509 33929.0
510 33929.0
511 33799.0
512 34012.0
513 33961.0
514 34261.0
515 34261.0
516 34194.0
517 34194.0
518 34444.0
519 34194.0
520 34072.0
521 34209.0
522 34209.0
523 34214.0
524 34425.0
525 34425.0
526 34493.0
527 34308.0
528 34455.0
529 34455.0
530 34432.0
531 34318.0
532 34129.0
533 34420.0
534 34640.0
535 34290.0
536 34274.0
537 34274.0
538 34224.0
539 34360.0
540 34416.0
541 34540.0
542 34540.0
543 34748.0
544 35135.0
545 35135.0
546 35135.0
547 34694.0
548 34694.0
549 34694.0
550 34473.0
551 34625.0
552 34338.0
553 34500.0
554 34672.0
555 34672.0
556 34612.0
557 34548.0
558 34701.0
559 34705.0
560 34705.0
561 34745.0
562 34758.0
563 34923.0
564 34745.0
565 34745.0
566 35075.0
567 34887.0
568 35534.0
569 35534.0
570 35534.0
571 35534.0
572 35534.0
573 34838.0
574 35295.0
575 34777.0
576 35067.0
577 35067.0
578 35067.0
579 35088.0
580 35009.0
581 35189.0
582 35009.0
583 35300.0
584 35372.0
585 35647.0
586 35647.0
587 35647.0
588 35647.0
589 35647.0
590 35647.0
591 35483.0
592 35483.0
593 35483.0
594 35490.0
595 35483.0
596 35483.0
597 35453.0
598 35338.0
599 35338.0
600 35517.0
601 35517.0
602 35349.0
603 35544.0
604 35544.0
605 35492.0
606 35492.0
607 35694.0
608 35639.0
609 35506.0
610 35711.0
611 35818.0
612 35796.0
613 35796.0
614 35816.0
615 35796.0
616 35789.0
617 35851.0
618 35716.0
619 36144.0
620 36144.0
621 36144.0
622 36144.0
623 36144.0
624 35900.0
625 35832.0
626 36206.0
627 35993.0
628 35968.0
629 36061.0
630 36083.0
631 35996.0
632 36095.0
633 36095.0
634 36229.0
635 36226.0
636 36226.0
637 36226.0
638 36160.0
639 36229.0
640 36164.0
641 36145.0
642 36239.0
643 36283.0
644 36372.0
645 36372.0
646 36249.0
647 36249.0
648 36249.0
649 36319.0
650 36319.0
651 36251.0
652 36251.0
653 36290.0
654 36321.0
655 36293.0
656 36293.0
657 36343.0
658 36343.0
659 36343.0
660 36343.0
661 36343.0
662 36343.0
663 36381.0
664 36337.0
665 36350.0
666 36350.0
667 36361.0
668 36401.0
669 36404.0
670 36406.0
671 36406.0
672 36406.0
673 36418.0
674 36407.0
675 36423.0
676 36423.0
677 36430.0
678 36437.0
679 36438.0
680 36460.0
681 36460.0
682 36438.0
683 36437.0
684 36437.0
685 36437.0
686 36437.0
687 36440.0
688 36440.0
689 36436.0
690 36431.0
691 36431.0
692 36431.0
693 36431.0
694 36431.0
695 36431.0
696 36431.0
697 36431.0
698 36431.0
699 36431.0
700 36431.0
701 36431.0
702 36431.0
703 36431.0
704 36431.0
705 36431.0
706 36431.0
707 36431.0
708 36431.0
709 36431.0
710 36431.0
711 36431.0
712 36431.0
713 36431.0
714 36431.0
715 36431.0
716 36431.0
717 36431.0
718 36431.0
719 36431.0
720 36431.0
721 36431.0
722 36431.0
723 36431.0
724 36431.0
725 36431.0
726 36431.0
727 36431.0
728 36431.0
729 36431.0
730 36431.0
731 36431.0
732 36431.0
733 36431.0
734 36431.0
735 36431.0
736 36431.0
737 36431.0
738 36431.0
739 36431.0
740 36431.0
741 36431.0
742 36431.0
743 36431.0
744 36431.0
745 36431.0
746 36431.0
747 36431.0
748 36431.0
749 36431.0
750 36431.0
751 36431.0
752 36431.0
753 36431.0
754 36431.0
755 36431.0
756 36431.0
757 36431.0
758 36431.0
759 36431.0
760 36431.0
761 36431.0
762 36431.0
763 36431.0
764 36431.0
765 36431.0
766 36431.0
767 36431.0
768 36431.0
769 36431.0
770 36431.0
771 36431.0
772 36431.0
773 36431.0
774 36431.0
775 36431.0
776 36431.0
777 36431.0
778 36431.0
779 36431.0
780 36431.0
781 36431.0
782 36431.0
783 36431.0
784 36431.0
785 36431.0
786 36431.0
787 36431.0
788 36431.0
789 36431.0
790 36431.0
791 36431.0
792 36431.0
793 36431.0
794 36431.0
795 36431.0
796 36431.0
797 36431.0
798 36431.0
799 36431.0
800 36431.0
801 36431.0
802 36431.0
803 36431.0
804 36431.0
805 36431.0
806 36431.0
807 36431.0
808 36431.0
809 36431.0
810 36431.0
811 36431.0
812 36431.0
813 36431.0
814 36431.0
815 36431.0
816 36431.0
817 36431.0
818 36431.0
819 36431.0
820 36431.0
821 36431.0
822 36431.0
823 36431.0
824 36431.0
825 36431.0
826 36431.0
827 36431.0
828 36431.0
829 36431.0
830 36431.0
831 36431.0
832 36431.0
833 36431.0
834 36431.0
835 36431.0
836 36431.0
837 36431.0
838 36431.0
839 36431.0
840 36431.0
841 36431.0
842 36431.0
843 36431.0
844 36431.0
845 36431.0
846 36431.0
847 36431.0
848 36431.0
849 36431.0
850 36431.0
851 36431.0
852 36431.0
853 36431.0
854 36431.0
855 36431.0
856 36431.0
857 36431.0
858 36431.0
859 36431.0
860 36431.0
861 36431.0
862 36431.0
863 36431.0
864 36431.0
865 36431.0
866 36431.0
867 36431.0
868 36431.0
869 36431.0
870 36431.0
871 36431.0
872 36431.0
873 36431.0
874 36431.0
875 36431.0
876 36431.0
877 36431.0
878 36431.0
879 36431.0
880 36431.0
881 36431.0
882 36431.0
883 36431.0
884 36431.0
885 36431.0
886 36431.0
887 36431.0
888 36431.0
889 36431.0
890 36431.0
891 36431.0
892 36431.0
893 36431.0
894 36431.0
895 36431.0
896 36431.0
897 36431.0
898 36431.0
899 36431.0
900 36431.0
901 36431.0
902 36431.0
903 36431.0
904 36431.0
905 36431.0
906 36431.0
907 36431.0
908 36431.0
909 36431.0
910 36431.0
911 36431.0
912 36431.0
913 36431.0
914 36431.0
915 36431.0
916 36431.0
917 36431.0
918 36431.0
919 36431.0
920 36431.0
921 36431.0
922 36431.0
923 36431.0
924 36431.0
925 36431.0
926 36431.0
927 36431.0
928 36431.0
929 36431.0
930 36431.0
931 36431.0
932 36431.0
933 36431.0
934 36431.0
935 36431.0
936 36431.0
937 36431.0
938 36431.0
939 36431.0
940 36431.0
941 36431.0
942 36431.0
943 36431.0
944 36431.0
945 36431.0
946 36431.0
947 36431.0
948 36431.0
949 36431.0
950 36431.0
951 36431.0
952 36431.0
953 36431.0
954 36431.0
955 36431.0
956 36431.0
957 36431.0
958 36431.0
959 36431.0
960 36431.0
961 36431.0
962 36431.0
963 36431.0
964 36431.0
965 36431.0
966 36431.0
967 36431.0
968 36431.0
969 36431.0
970 36431.0
971 36431.0
972 36431.0
973 36431.0
974 36431.0
975 36431.0
976 36431.0
977 36431.0
978 36431.0
979 36431.0
980 36431.0
981 36431.0
982 36431.0
983 36431.0
984 36431.0
985 36431.0
986 36431.0
987 36431.0
988 36431.0
989 36431.0
990 36431.0
991 36431.0
992 36431.0
993 36431.0
994 36431.0
995 36431.0
996 36431.0
997 36431.0
998 36431.0
999 36431.0
1000 36431.0
