0 6437.0
1 7283.0
2 7516.0
3 7855.0
4 9738.0
5 9803.0
6 10631.0
7 11838.0
8 12987.0
9 11942.0
10 12861.0
11 13411.0
12 13675.0
13 14635.0
14 14800.0
15 16007.0
16 17660.0
17 18145.0
18 17976.0
19 17976.0
20 18852.0
21 18852.0
22 19173.0
23 19730.0
24 20124.0
25 20863.0
26 20863.0
27 20934.0
28 21483.0
29 21591.0
30 21686.0
31 22308.0
32 23030.0
33 23518.0
34 23518.0
35 23879.0
36 24272.0
37 24272.0
38 24272.0
39 24756.0
40 24881.0
41 26552.0
42 25271.0
43 26319.0
44 26319.0
45 26319.0
46 25750.0
47 26764.0
48 26764.0
49 26328.0
50 26328.0
51 26328.0
52 27836.0
53 27364.0
54 27364.0
55 27070.0
56 27207.0
57 27322.0
58 27301.0
59 27252.0
60 27252.0
61 28095.0
62 28249.0
63 28249.0
64 27675.0
65 28539.0
66 28539.0
67 29052.0
68 28539.0
69 28595.0
70 28595.0
71 29060.0
72 29020.0
73 28539.0
74 28539.0
75 28142.0
76 28355.0
77 28418.0
78 28676.0
79 28630.0
80 29949.0
81 29455.0
82 29149.0
83 29149.0
84 29089.0
85 28825.0
86 29037.0
87 29037.0
88 28695.0
89 28695.0
90 29227.0
91 28539.0
92 28843.0
93 29600.0
94 30190.0
95 30193.0
96 29560.0
97 29802.0
98 30348.0
99 30348.0
100 30348.0
101 30067.0
102 29782.0
103 29880.0
104 30725.0
105 30725.0
106 30235.0
107 30306.0
108 30306.0
109 30306.0
110 30331.0
111 29693.0
112 29723.0
113 30095.0
114 30537.0
115 30009.0
116 29722.0
117 29372.0
118 30285.0
119 30285.0
120 30285.0
121 30602.0
122 30477.0
123 30477.0
124 30523.0
125 30523.0
126 30523.0
127 30523.0
128 30732.0
129 30732.0
130 30258.0
131 30281.0
132 30387.0
133 30387.0
134 30387.0
135 30618.0
136 30891.0
137 31108.0
138 31108.0
139 31108.0
140 31108.0
141 30317.0
142 30355.0
143 30355.0
144 30622.0
145 30446.0
146 30537.0
147 31403.0
148 31403.0
149 31403.0
150 31139.0
151 30409.0
152 30957.0
153 30549.0
154 30782.0
155 30989.0
156 31148.0
157 30397.0
158 31000.0
159 31000.0
160 31000.0
161 31000.0
162 30449.0
163 30843.0
164 30843.0
165 30894.0
166 30894.0
167 30894.0
168 30410.0
169 30410.0
170 30708.0
171 30797.0
172 30797.0
173 30753.0
174 30753.0
175 30753.0
176 30753.0
177 30946.0
178 30946.0
179 31571.0
180 30946.0
181 30577.0
182 31350.0
183 31350.0
184 31350.0
185 31350.0
186 31350.0
187 31976.0
188 31082.0
189 31082.0
190 31082.0
191 31375.0
192 30662.0
193 30502.0
194 30716.0
195 31036.0
196 31058.0
197 30639.0
198 30778.0
199 31031.0
200 31465.0
201 31465.0
202 31398.0
203 32235.0
204 31728.0
205 31872.0
206 31289.0
207 31801.0
208 31801.0
209 30937.0
210 31192.0
211 30814.0
212 31159.0
213 30648.0
214 30900.0
215 31332.0
216 31332.0
217 31615.0
218 31403.0
219 31304.0
220 31304.0
221 31266.0
222 31222.0
223 31276.0
224 31276.0
225 31047.0
226 31336.0
227 31336.0
228 31452.0
229 31336.0
230 30990.0
231 31133.0
232 31127.0
233 31127.0
234 31327.0
235 31464.0
236 31464.0
237 31464.0
238 31268.0
239 31330.0
240 31487.0
241 32102.0
242 32102.0
243 32375.0
244 32102.0
245 31561.0
246 31561.0
247 31600.0
248 31333.0
249 31872.0
250 31732.0
251 31633.0
252 31633.0
253 31634.0
254 31542.0
255 31705.0
256 31705.0
257 31825.0
258 31825.0
259 31444.0
260 31726.0
261 31726.0
262 32004.0
263 32004.0
264 32004.0
265 31761.0
266 31761.0
267 31609.0
268 31992.0
269 31992.0
270 31992.0
271 31992.0
272 32117.0
273 31992.0
274 31504.0
275 31838.0
276 32591.0
277 32138.0
278 32055.0
279 32055.0
280 31908.0
281 31583.0
282 32122.0
283 31474.0
284 31741.0
285 31741.0
286 31957.0
287 31957.0
288 31957.0
289 31957.0
290 32081.0
291 32081.0
292 32230.0
293 31702.0
294 31784.0
295 31702.0
296 31913.0
297 32273.0
298 32324.0
299 32324.0
300 32273.0
301 32273.0
302 32273.0
303 31910.0
304 31910.0
305 32073.0
306 32073.0
307 32073.0
308 31890.0
309 31970.0
310 32415.0
311 32415.0
312 32415.0
313 32132.0
314 32132.0
315 32739.0
316 32739.0
317 32739.0
318 31881.0
319 32069.0
320 31987.0
321 31948.0
322 31948.0
323 31881.0
324 33404.0
325 32522.0
326 32522.0
327 32522.0
328 32522.0
329 32615.0
330 32522.0
331 32522.0
332 32522.0
333 33026.0
334 33026.0
335 32575.0
336 32575.0
337 32575.0
338 32575.0
339 32256.0
340 32256.0
341 32256.0
342 32256.0
343 32256.0
344 32906.0
345 32765.0
346 32482.0
347 32383.0
348 32383.0
349 32438.0
350 32642.0
351 32642.0
352 33101.0
353 32945.0
354 32945.0
355 32866.0
356 32866.0
357 32866.0
358 32949.0
359 32949.0
360 32949.0
361 32949.0
362 33839.0
363 33839.0
364 32901.0
365 32587.0
366 32587.0
367 32669.0
368 33315.0
369 33315.0
370 33315.0
371 33315.0
372 33462.0
373 33462.0
374 33462.0
375 33462.0
376 33462.0
377 33462.0
378 33462.0
379 33504.0
380 33504.0
381 32742.0
382 32587.0
383 32260.0
384 32409.0
385 32771.0
386 32569.0
387 32569.0
388 32332.0
389 32459.0
390 32459.0
391 32459.0
392 32691.0
393 32945.0
394 33475.0
395 33475.0
396 32697.0
397 32565.0
398 32685.0
399 32662.0
400 33147.0
401 32785.0
402 32770.0
403 32817.0
404 33232.0
405 33232.0
406 33709.0
407 32547.0
408 32638.0
409 33577.0
410 33577.0
411 33312.0
412 33137.0
413 33074.0
414 33074.0
415 32939.0
416 32918.0
417 32918.0
418 33723.0
419 32788.0
420 33446.0
421 32859.0
422 33774.0
423 33774.0
424 33477.0
425 33477.0
426 33477.0
427 33477.0
428 33193.0
429 33193.0
430 33240.0
431 33240.0
432 33332.0
433 33332.0
434 33121.0
435 33329.0
436 34170.0
437 34170.0
438 34170.0
439 34170.0
440 34170.0
441 34170.0
442 34170.0
443 33342.0
444 33332.0
445 33644.0
446 33644.0
447 33644.0
448 33644.0
449 33250.0
450 33250.0
451 33432.0
452 33432.0
453 33348.0
454 33348.0
455 33303.0
456 33325.0
457 33325.0
458 33437.0
459 33677.0
460 33431.0
461 33431.0
462 33431.0
463 33442.0
464 33431.0
465 33134.0
466 33562.0
467 33562.0
468 33670.0
469 33670.0
470 33562.0
471 33562.0
472 33845.0
473 33845.0
474 33633.0
475 33633.0
476 33633.0
477 33527.0
478 33433.0
479 33333.0
480 33178.0
481 33572.0
482 33572.0
483 33572.0
484 34057.0
485 34057.0
486 33594.0
487 33594.0
488 34266.0
489 34266.0
490 33948.0
491 33948.0
492 33713.0
493 33590.0
494 33961.0
495 34028.0
496 33474.0
497 33452.0
498 33414.0
499 33986.0
500 33986.0
501 33852.0
502 33987.0
503 34001.0
504 33546.0
505 33546.0
506 34133.0
507 33878.0
508 33878.0
509 34068.0
510 33878.0
511 33661.0
512 33708.0
513 33708.0
514 33605.0
515 33605.0
516 33605.0
517 33895.0
518 33756.0
519 33756.0
520 34345.0
521 34296.0
522 34296.0
523 34492.0
524 34492.0
525 34492.0
526 34492.0
527 34492.0
528 34492.0
529 34492.0
530 34492.0
531 33878.0
532 34308.0
533 33916.0
534 34187.0
535 33814.0
536 33814.0
537 33914.0
538 33818.0
539 34277.0
540 34990.0
541 34077.0
542 34628.0
543 34258.0
544 34258.0
545 34809.0
546 34034.0
547 33912.0
548 34291.0
549 34209.0
550 34918.0
551 34349.0
552 34349.0
553 34595.0
554 34595.0
555 34595.0
556 34452.0
557 34452.0
558 34452.0
559 34326.0
560 33914.0
561 34603.0
562 34739.0
563 34647.0
564 34184.0
565 34100.0
566 34330.0
567 34049.0
568 34872.0
569 34872.0
570 34872.0
571 34010.0
572 33836.0
573 34059.0
574 34059.0
575 34087.0
576 34678.0
577 34188.0
578 34356.0
579 34154.0
580 34069.0
581 34497.0
582 34717.0
583 34699.0
584 34699.0
585 34012.0
586 34464.0
587 34464.0
588 34376.0
589 34376.0
590 34376.0
591 34376.0
592 34376.0
593 34463.0
594 34463.0
595 34471.0
596 33945.0
597 34145.0
598 34437.0
599 34321.0
600 34321.0
601 34703.0
602 34703.0
603 34396.0
604 34396.0
605 33993.0
606 33993.0
607 34591.0
608 34182.0
609 33987.0
610 33987.0
611 34037.0
612 34037.0
613 34013.0
614 34013.0
615 34013.0
616 34013.0
617 34013.0
618 34180.0
619 34013.0
620 34013.0
621 34013.0
622 33986.0
623 34056.0
624 33986.0
625 34148.0
626 34148.0
627 34697.0
628 34047.0
629 34218.0
630 34218.0
631 34218.0
632 34535.0
633 33936.0
634 34401.0
635 34401.0
636 34401.0
637 34401.0
638 34422.0
639 34422.0
640 34468.0
641 34422.0
642 34499.0
643 34556.0
644 34556.0
645 34602.0
646 34556.0
647 34518.0
648 34251.0
649 34251.0
650 34462.0
651 34748.0
652 34575.0
653 34574.0
654 34568.0
655 34847.0
656 34450.0
657 34589.0
658 34805.0
659 34687.0
660 34803.0
661 34693.0
662 34537.0
663 34537.0
664 34780.0
665 34815.0
666 34895.0
667 34815.0
668 34817.0
669 34876.0
670 34876.0
671 34876.0
672 34712.0
673 34712.0
674 34971.0
675 34810.0
676 34860.0
677 34872.0
678 34892.0
679 34966.0
680 35066.0
681 35066.0
682 35110.0
683 35240.0
684 35475.0
685 35651.0
686 35246.0
687 35315.0
688 35425.0
689 35347.0
690 35347.0
691 35449.0
692 35617.0
693 35617.0
694 35617.0
695 35489.0
696 35489.0
697 35489.0
698 35489.0
699 35489.0
700 35575.0
701 35575.0
702 35656.0
703 35656.0
704 35656.0
705 36074.0
706 36074.0
707 35632.0
708 35508.0
709 35507.0
710 35507.0
711 35507.0
712 35507.0
713 35545.0
714 35464.0
715 35732.0
716 35732.0
717 35683.0
718 35890.0
719 35874.0
720 35852.0
721 35852.0
722 35852.0
723 35892.0
724 35765.0
725 35846.0
726 36056.0
727 36149.0
728 36068.0
729 36162.0
730 36182.0
731 36175.0
732 36237.0
733 36243.0
734 36243.0
735 36333.0
736 36333.0
737 36333.0
738 36301.0
739 36283.0
740 36365.0
741 36332.0
742 36359.0
743 36422.0
744 36422.0
745 36441.0
746 36439.0
747 36439.0
748 36439.0
749 36413.0
750 36413.0
751 36413.0
752 36481.0
753 36483.0
754 36580.0
755 36496.0
756 36496.0
757 36496.0
758 36502.0
759 36502.0
760 36502.0
761 36502.0
762 36502.0
763 36497.0
764 36497.0
765 36500.0
766 36502.0
767 36502.0
768 36507.0
769 36507.0
770 36507.0
771 36507.0
772 36507.0
773 36507.0
774 36507.0
775 36507.0
776 36507.0
777 36507.0
778 36507.0
779 36507.0
780 36507.0
781 36507.0
782 36507.0
783 36507.0
784 36507.0
785 36507.0
786 36507.0
787 36507.0
788 36507.0
789 36507.0
790 36507.0
791 36507.0
792 36507.0
793 36507.0
794 36507.0
795 36507.0
796 36507.0
797 36507.0
798 36507.0
799 36507.0
800 36507.0
801 36507.0
802 36507.0
803 36507.0
804 36507.0
805 36507.0
806 36507.0
807 36507.0
808 36507.0
809 36507.0
810 36507.0
811 36507.0
812 36507.0
813 36507.0
814 36507.0
815 36507.0
816 36507.0
817 36507.0
818 36507.0
819 36507.0
820 36507.0
821 36507.0
822 36507.0
823 36507.0
824 36507.0
825 36507.0
826 36507.0
827 36507.0
828 36507.0
829 36507.0
830 36507.0
831 36507.0
832 36507.0
833 36507.0
834 36507.0
835 36507.0
836 36507.0
837 36507.0
838 36507.0
839 36507.0
840 36507.0
841 36507.0
842 36507.0
843 36507.0
844 36507.0
845 36507.0
846 36507.0
847 36507.0
848 36507.0
849 36507.0
850 36507.0
851 36507.0
852 36507.0
853 36507.0
854 36507.0
855 36507.0
856 36507.0
857 36507.0
858 36507.0
859 36507.0
860 36507.0
861 36507.0
862 36507.0
863 36507.0
864 36507.0
865 36507.0
866 36507.0
867 36507.0
868 36507.0
869 36507.0
870 36507.0
871 36507.0
872 36507.0
873 36507.0
874 36507.0
875 36507.0
876 36507.0
877 36507.0
878 36507.0
879 36507.0
880 36507.0
881 36507.0
882 36507.0
883 36507.0
884 36507.0
885 36507.0
886 36507.0
887 36507.0
888 36507.0
889 36507.0
890 36507.0
891 36507.0
892 36507.0
893 36507.0
894 36507.0
895 36507.0
896 36507.0
897 36507.0
898 36507.0
899 36507.0
900 36507.0
901 36507.0
902 36507.0
903 36507.0
904 36507.0
905 36507.0
906 36507.0
907 36507.0
908 36507.0
909 36507.0
910 36507.0
911 36507.0
912 36507.0
913 36507.0
914 36507.0
915 36507.0
916 36507.0
917 36507.0
918 36507.0
919 36507.0
920 36507.0
921 36507.0
922 36507.0
923 36507.0
924 36507.0
925 36507.0
926 36507.0
927 36507.0
928 36507.0
929 36507.0
930 36507.0
931 36507.0
932 36507.0
933 36507.0
934 36507.0
935 36507.0
936 36507.0
937 36507.0
938 36507.0
939 36507.0
940 36507.0
941 36507.0
942 36507.0
943 36507.0
944 36507.0
945 36507.0
946 36507.0
947 36507.0
948 36507.0
949 36507.0
950 36507.0
951 36507.0
952 36507.0
953 36507.0
954 36507.0
955 36507.0
956 36507.0
957 36507.0
958 36507.0
959 36507.0
960 36507.0
961 36507.0
962 36507.0
963 36507.0
964 36507.0
965 36507.0
966 36507.0
967 36507.0
968 36507.0
969 36507.0
970 36507.0
971 36507.0
972 36507.0
973 36507.0
974 36507.0
975 36507.0
976 36507.0
977 36507.0
978 36507.0
979 36507.0
980 36507.0
981 36507.0
982 36507.0
983 36507.0
984 36507.0
985 36507.0
986 36507.0
987 36507.0
988 36507.0
989 36507.0
990 36507.0
991 36507.0
992 36507.0
993 36507.0
994 36507.0
995 36507.0
996 36507.0
997 36507.0
998 36507.0
999 36507.0
1000 36507.0
