0 6566.0
1 6821.0
2 7438.0
3 8133.0
4 9395.0
5 9554.0
6 10207.0
7 10578.0
8 12322.0
9 12322.0
10 13439.0
11 13801.0
12 14241.0
13 14836.0
14 16064.0
15 16064.0
16 16452.0
17 16855.0
18 16855.0
19 17421.0
20 18355.0
21 18345.0
22 19685.0
23 19830.0
24 19886.0
25 20052.0
26 21323.0
27 20619.0
28 21090.0
29 22209.0
30 21907.0
31 22038.0
32 22253.0
33 22801.0
34 23665.0
35 23677.0
36 23754.0
37 24012.0
38 24346.0
39 24346.0
40 24886.0
41 25452.0
42 26074.0
43 26074.0
44 25272.0
45 25359.0
46 26146.0
47 26883.0
48 26766.0
49 26766.0
50 26830.0
51 26892.0
52 27087.0
53 27284.0
54 27254.0
55 28401.0
56 27844.0
57 27905.0
58 28098.0
59 27871.0
60 28577.0
61 28577.0
62 28424.0
63 28424.0
64 28424.0
65 28739.0
66 28853.0
67 28853.0
68 28861.0
69 29625.0
70 29046.0
71 29463.0
72 29696.0
73 29263.0
74 29260.0
75 29208.0
76 29858.0
77 29120.0
78 29230.0
79 29230.0
80 29731.0
81 29527.0
82 29527.0
83 29802.0
84 29802.0
85 29802.0
86 29802.0
87 30084.0
88 30431.0
89 30431.0
90 30431.0
91 30431.0
92 30357.0
93 30667.0
94 30308.0
95 30262.0
96 30084.0
97 30084.0
98 30084.0
99 30084.0
100 30084.0
101 29948.0
102 29948.0
103 29975.0
104 30043.0
105 30043.0
106 29935.0
107 30170.0
108 30262.0
109 30262.0
110 30343.0
111 30343.0
112 30343.0
113 31252.0
114 30126.0
115 30298.0
116 30220.0
117 30553.0
118 30037.0
119 30337.0
120 30256.0
121 30005.0
122 30069.0
123 30047.0
124 30431.0
125 30431.0
126 30922.0
127 30938.0
128 30922.0
129 30485.0
130 30541.0
131 30707.0
132 30738.0
133 30738.0
134 30738.0
135 30766.0
136 30766.0
137 31295.0
138 31718.0
139 31435.0
140 31435.0
141 30613.0
142 30613.0
143 30613.0
144 30145.0
145 30887.0
146 30887.0
147 30887.0
148 31498.0
149 31498.0
150 31555.0
151 31555.0
152 30887.0
153 30887.0
154 30957.0
155 30957.0
156 31153.0
157 31153.0
158 31153.0
159 30993.0
160 30827.0
161 30827.0
162 31424.0
163 31424.0
164 31475.0
165 30995.0
166 31174.0
167 31760.0
168 31760.0
169 31947.0
170 31947.0
171 31947.0
172 31947.0
173 31947.0
174 31499.0
175 31499.0
176 30922.0
177 31418.0
178 31057.0
179 31723.0
180 31723.0
181 31723.0
182 31215.0
183 31069.0
184 31629.0
185 31040.0
186 30763.0
187 31083.0
188 31112.0
189 30751.0
190 31120.0
191 31026.0
192 31129.0
193 31129.0
194 31288.0
195 31814.0
196 31814.0
197 31814.0
198 31125.0
199 30994.0
200 30994.0
201 31120.0
202 32206.0
203 31418.0
204 31188.0
205 31684.0
206 31684.0
207 31684.0
208 31355.0
209 31251.0
210 31251.0
211 32065.0
212 32065.0
213 31637.0
214 31637.0
215 31003.0
216 31482.0
217 31482.0
218 31482.0
219 31733.0
220 31663.0
221 31663.0
222 31663.0
223 31663.0
224 31837.0
225 31327.0
226 31580.0
227 31558.0
228 31447.0
229 31440.0
230 31440.0
231 31336.0
232 31336.0
233 31336.0
234 31595.0
235 31604.0
236 31604.0
237 31604.0
238 31604.0
239 31088.0
240 32291.0
241 31869.0
242 32227.0
243 32227.0
244 32227.0
245 32227.0
246 32227.0
247 32227.0
248 32227.0
249 32227.0
250 31569.0
251 31562.0
252 31491.0
253 31468.0
254 31753.0
255 31675.0
256 31679.0
257 31679.0
258 31679.0
259 32151.0
260 31706.0
261 31706.0
262 31456.0
263 31456.0
264 31083.0
265 31248.0
266 31160.0
267 31160.0
268 31160.0
269 31070.0
270 31099.0
271 31070.0
272 31801.0
273 31801.0
274 31775.0
275 31775.0
276 31564.0
277 31285.0
278 31069.0
279 31448.0
280 31448.0
281 30880.0
282 30856.0
283 30964.0
284 31199.0
285 31686.0
286 31526.0
287 31526.0
288 31717.0
289 31826.0
290 31526.0
291 31526.0
292 31526.0
293 31916.0
294 31526.0
295 31552.0
296 31457.0
297 31497.0
298 31457.0
299 31411.0
300 31634.0
301 31411.0
302 31807.0
303 31807.0
304 31877.0
305 31877.0
306 31730.0
307 32879.0
308 32879.0
309 32879.0
310 31877.0
311 32290.0
312 32290.0
313 32341.0
314 32341.0
315 32341.0
316 32420.0
317 32420.0
318 32420.0
319 32420.0
320 32420.0
321 32420.0
322 32379.0
323 32110.0
324 32110.0
325 33325.0
326 32455.0
327 32110.0
328 31981.0
329 32448.0
330 32558.0
331 32558.0
332 32437.0
333 32437.0
334 32437.0
335 32155.0
336 32209.0
337 32658.0
338 32658.0
339 32209.0
340 32251.0
341 32251.0
342 32738.0
343 32738.0
344 32738.0
345 32390.0
346 32294.0
347 32458.0
348 33030.0
349 33030.0
350 33030.0
351 33030.0
352 32585.0
353 33065.0
354 33065.0
355 32213.0
356 32257.0
357 32591.0
358 32591.0
359 32942.0
360 32942.0
361 32715.0
362 32669.0
363 32609.0
364 32579.0
365 32437.0
366 32543.0
367 33020.0
368 33020.0
369 33020.0
370 32812.0
371 32812.0
372 32812.0
373 32898.0
374 33326.0
375 33326.0
376 33326.0
377 33260.0
378 33260.0
379 33270.0
380 33270.0
381 33270.0
382 33077.0
383 33077.0
384 33077.0
385 33994.0
386 33994.0
387 33067.0
388 33798.0
389 33053.0
390 33278.0
391 33278.0
392 33278.0
393 33278.0
394 33580.0
395 33878.0
396 33878.0
397 33878.0
398 33877.0
399 33447.0
400 33260.0
401 33386.0
402 33977.0
403 33977.0
404 33977.0
405 33977.0
406 33977.0
407 33730.0
408 33730.0
409 33868.0
410 33868.0
411 33868.0
412 33868.0
413 33868.0
414 33769.0
415 33769.0
416 33769.0
417 33785.0
418 34007.0
419 33785.0
420 33715.0
421 33292.0
422 33620.0
423 33472.0
424 33930.0
425 33930.0
426 33930.0
427 33930.0
428 33930.0
429 33930.0
430 33930.0
431 33930.0
432 33840.0
433 33840.0
434 33840.0
435 33729.0
436 33637.0
437 33705.0
438 33705.0
439 33705.0
440 33300.0
441 33549.0
442 33886.0
443 34207.0
444 34207.0
445 33363.0
446 34247.0
447 34247.0
448 33256.0
449 33673.0
450 34385.0
451 34385.0
452 34385.0
453 34385.0
454 34385.0
455 34385.0
456 33138.0
457 33389.0
458 33437.0
459 33991.0
460 33388.0
461 34017.0
462 34017.0
463 34017.0
464 33592.0
465 33592.0
466 33705.0
467 33705.0
468 34104.0
469 34104.0
470 34104.0
471 34104.0
472 34104.0
473 34104.0
474 33948.0
475 33596.0
476 33596.0
477 33448.0
478 33961.0
479 33464.0
480 33779.0
481 33945.0
482 34458.0
483 34458.0
484 34458.0
485 34458.0
486 33809.0
487 33731.0
488 33731.0
489 33931.0
490 33777.0
491 34369.0
492 34740.0
493 34740.0
494 34740.0
495 34740.0
496 34740.0
497 34359.0
498 34414.0
499 34531.0
500 34089.0
501 34089.0
502 34250.0
503 34250.0
504 34250.0
505 34250.0
506 34317.0
507 34007.0
508 33959.0
509 33959.0
510 33929.0
511 34195.0
512 34232.0
513 34421.0
514 34421.0
515 34264.0
516 34344.0
517 34344.0
518 34344.0
519 34445.0
520 34568.0
521 34627.0
522 34216.0
523 34422.0
524 34463.0
525 34394.0
526 34413.0
527 35147.0
528 35147.0
529 35147.0
530 34846.0
531 34846.0
532 34830.0
533 34830.0
534 34692.0
535 34967.0
536 34967.0
537 34967.0
538 34967.0
539 34967.0
540 35121.0
541 35121.0
542 35121.0
543 35155.0
544 34779.0
545 34984.0
546 34933.0
547 34933.0
548 34961.0
549 34979.0
550 35067.0
551 34975.0
552 35348.0
553 35348.0
554 35348.0
555 35348.0
556 35590.0
557 35362.0
558 35362.0
559 35222.0
560 35403.0
561 35254.0
562 35743.0
563 35743.0
564 35629.0
565 35645.0
566 35645.0
567 35645.0
568 35556.0
569 35281.0
570 35506.0
571 35486.0
572 35502.0
573 35565.0
574 35755.0
575 35755.0
576 35722.0
577 35490.0
578 35550.0
579 35564.0
580 35637.0
581 35730.0
582 35730.0
583 35730.0
584 35730.0
585 35730.0
586 35840.0
587 35840.0
588 35840.0
589 35840.0
590 35840.0
591 35602.0
592 35602.0
593 35737.0
594 35835.0
595 35835.0
596 35835.0
597 35935.0
598 36151.0
599 36174.0
600 35996.0
601 35913.0
602 35882.0
603 36123.0
604 36123.0
605 35937.0
606 36003.0
607 36238.0
608 36081.0
609 36192.0
610 36192.0
611 36192.0
612 36223.0
613 36205.0
614 36366.0
615 36439.0
616 36311.0
617 36326.0
618 36441.0
619 36372.0
620 36503.0
621 36372.0
622 36372.0
623 36521.0
624 36521.0
625 36643.0
626 36643.0
627 36642.0
628 36712.0
629 36726.0
630 36653.0
631 36538.0
632 36634.0
633 36709.0
634 36709.0
635 36806.0
636 36809.0
637 36801.0
638 36801.0
639 36821.0
640 36826.0
641 36825.0
642 36828.0
643 36828.0
644 36828.0
645 36828.0
646 36828.0
647 36828.0
648 36831.0
649 36828.0
650 36831.0
651 36831.0
652 36831.0
653 36831.0
654 36831.0
655 36831.0
656 36831.0
657 36831.0
658 36831.0
659 36828.0
660 36828.0
661 36828.0
662 36828.0
663 36828.0
664 36828.0
665 36828.0
666 36828.0
667 36828.0
668 36828.0
669 36828.0
670 36828.0
671 36828.0
672 36828.0
673 36828.0
674 36828.0
675 36828.0
676 36828.0
677 36828.0
678 36828.0
679 36828.0
680 36828.0
681 36828.0
682 36828.0
683 36828.0
684 36828.0
685 36828.0
686 36828.0
687 36828.0
688 36828.0
689 36828.0
690 36828.0
691 36828.0
692 36828.0
693 36828.0
694 36828.0
695 36828.0
696 36828.0
697 36828.0
698 36828.0
699 36828.0
700 36828.0
701 36828.0
702 36828.0
703 36828.0
704 36828.0
705 36828.0
706 36828.0
707 36828.0
708 36828.0
709 36828.0
710 36828.0
711 36828.0
712 36828.0
713 36828.0
714 36828.0
715 36828.0
716 36828.0
717 36828.0
718 36828.0
719 36828.0
720 36828.0
721 36828.0
722 36828.0
723 36828.0
724 36828.0
725 36828.0
726 36828.0
727 36828.0
728 36828.0
729 36828.0
730 36828.0
731 36828.0
732 36828.0
733 36828.0
734 36828.0
735 36828.0
736 36828.0
737 36828.0
738 36828.0
739 36828.0
740 36828.0
741 36828.0
742 36828.0
743 36828.0
744 36828.0
745 36828.0
746 36828.0
747 36828.0
748 36828.0
749 36828.0
750 36828.0
751 36828.0
752 36828.0
753 36828.0
754 36828.0
755 36828.0
756 36828.0
757 36828.0
758 36828.0
759 36828.0
760 36828.0
761 36828.0
762 36828.0
763 36828.0
764 36828.0
765 36828.0
766 36828.0
767 36828.0
768 36828.0
769 36828.0
770 36828.0
771 36828.0
772 36828.0
773 36828.0
774 36828.0
775 36828.0
776 36828.0
777 36828.0
778 36828.0
779 36828.0
780 36828.0
781 36828.0
782 36828.0
783 36828.0
784 36828.0
785 36828.0
786 36828.0
787 36828.0
788 36828.0
789 36828.0
790 36828.0
791 36828.0
792 36828.0
793 36828.0
794 36828.0
795 36828.0
796 36828.0
797 36828.0
798 36828.0
799 36828.0
800 36828.0
801 36828.0
802 36828.0
803 36828.0
804 36828.0
805 36828.0
806 36828.0
807 36828.0
808 36828.0
809 36828.0
810 36828.0
811 36828.0
812 36828.0
813 36828.0
814 36828.0
815 36828.0
816 36828.0
817 36828.0
818 36828.0
819 36828.0
820 36828.0
821 36828.0
822 36828.0
823 36828.0
824 36828.0
825 36828.0
826 36828.0
827 36828.0
828 36828.0
829 36828.0
830 36828.0
831 36828.0
832 36828.0
833 36828.0
834 36828.0
835 36828.0
836 36828.0
837 36828.0
838 36828.0
839 36828.0
840 36828.0
841 36828.0
842 36828.0
843 36828.0
844 36828.0
845 36828.0
846 36828.0
847 36828.0
848 36828.0
849 36828.0
850 36828.0
851 36828.0
852 36828.0
853 36828.0
854 36828.0
855 36828.0
856 36828.0
857 36828.0
858 36828.0
859 36828.0
860 36828.0
861 36828.0
862 36828.0
863 36828.0
864 36828.0
865 36828.0
866 36828.0
867 36828.0
868 36828.0
869 36828.0
870 36828.0
871 36828.0
872 36828.0
873 36828.0
874 36828.0
875 36828.0
876 36828.0
877 36828.0
878 36828.0
879 36828.0
880 36828.0
881 36828.0
882 36828.0
883 36828.0
884 36828.0
885 36828.0
886 36828.0
887 36828.0
888 36828.0
889 36828.0
890 36828.0
891 36828.0
892 36828.0
893 36828.0
894 36828.0
895 36828.0
896 36828.0
897 36828.0
898 36828.0
899 36828.0
900 36828.0
901 36828.0
902 36828.0
903 36828.0
904 36828.0
905 36828.0
906 36828.0
907 36828.0
908 36828.0
909 36828.0
910 36828.0
911 36828.0
912 36828.0
913 36828.0
914 36828.0
915 36828.0
916 36828.0
917 36828.0
918 36828.0
919 36828.0
920 36828.0
921 36828.0
922 36828.0
923 36828.0
924 36828.0
925 36828.0
926 36828.0
927 36828.0
928 36828.0
929 36828.0
930 36828.0
931 36828.0
932 36828.0
933 36828.0
934 36828.0
935 36828.0
936 36828.0
937 36828.0
938 36828.0
939 36828.0
940 36828.0
941 36828.0
942 36828.0
943 36828.0
944 36828.0
945 36828.0
946 36828.0
947 36828.0
948 36828.0
949 36828.0
950 36828.0
951 36828.0
952 36828.0
953 36828.0
954 36828.0
955 36828.0
956 36828.0
957 36828.0
958 36828.0
959 36828.0
960 36828.0
961 36828.0
962 36828.0
963 36828.0
964 36828.0
965 36828.0
966 36828.0
967 36828.0
968 36828.0
969 36828.0
970 36828.0
971 36828.0
972 36828.0
973 36828.0
974 36828.0
975 36828.0
976 36828.0
977 36828.0
978 36828.0
979 36828.0
980 36828.0
981 36828.0
982 36828.0
983 36828.0
984 36828.0
985 36828.0
986 36828.0
987 36828.0
988 36828.0
989 36828.0
990 36828.0
991 36828.0
992 36828.0
993 36828.0
994 36828.0
995 36828.0
996 36828.0
997 36828.0
998 36828.0
999 36828.0
1000 36828.0
