0 6175.0
1 7271.0
2 7457.0
3 7988.0
4 8847.0
5 9149.0
6 9804.0
7 11157.0
8 11514.0
9 11929.0
10 12130.0
11 12682.0
12 13054.0
13 14151.0
14 14656.0
15 14389.0
16 15505.0
17 16896.0
18 16927.0
19 17522.0
20 17553.0
21 19725.0
22 19725.0
23 20274.0
24 19877.0
25 20397.0
26 20321.0
27 20582.0
28 21180.0
29 21969.0
30 22202.0
31 22479.0
32 22346.0
33 22885.0
34 23674.0
35 23857.0
36 23959.0
37 24301.0
38 24781.0
39 24781.0
40 24788.0
41 25240.0
42 25016.0
43 25242.0
44 25830.0
45 25828.0
46 25454.0
47 26000.0
48 26012.0
49 26301.0
50 26301.0
51 26301.0
52 26307.0
53 26769.0
54 27094.0
55 27663.0
56 27663.0
57 27663.0
58 27666.0
59 28740.0
60 28740.0
61 28740.0
62 28740.0
63 28740.0
64 28740.0
65 28740.0
66 29768.0
67 29067.0
68 29067.0
69 29238.0
70 29429.0
71 29413.0
72 29413.0
73 29413.0
74 29831.0
75 29068.0
76 29244.0
77 29244.0
78 29307.0
79 29352.0
80 29506.0
81 29352.0
82 29352.0
83 29155.0
84 29752.0
85 29752.0
86 30025.0
87 30025.0
88 30025.0
89 29421.0
90 30330.0
91 29951.0
92 29951.0
93 30585.0
94 30585.0
95 30585.0
96 30585.0
97 30348.0
98 30348.0
99 30162.0
100 29873.0
101 30268.0
102 30268.0
103 30268.0
104 30746.0
105 30746.0
106 30746.0
107 30746.0
108 30746.0
109 30237.0
110 30237.0
111 30237.0
112 30237.0
113 30022.0
114 30350.0
115 30350.0
116 30022.0
117 30462.0
118 30462.0
119 30497.0
120 30462.0
121 30462.0
122 30462.0
123 31142.0
124 31142.0
125 31142.0
126 31142.0
127 30560.0
128 31235.0
129 31235.0
130 30508.0
131 30712.0
132 30973.0
133 30973.0
134 30973.0
135 30973.0
136 31266.0
137 31585.0
138 31585.0
139 31585.0
140 31585.0
141 31732.0
142 31287.0
143 31287.0
144 31287.0
145 31287.0
146 31287.0
147 31287.0
148 31404.0
149 31404.0
150 31278.0
151 31278.0
152 31093.0
153 31017.0
154 30772.0
155 30659.0
156 31481.0
157 30546.0
158 32082.0
159 30993.0
160 31270.0
161 31270.0
162 30927.0
163 30815.0
164 30893.0
165 31188.0
166 31324.0
167 31083.0
168 31261.0
169 31319.0
170 30867.0
171 31046.0
172 31037.0
173 31037.0
174 31258.0
175 31037.0
176 31084.0
177 31060.0
178 30668.0
179 31261.0
180 30996.0
181 30931.0
182 31082.0
183 31082.0
184 30891.0
185 30987.0
186 30987.0
187 31629.0
188 31629.0
189 31629.0
190 31009.0
191 31503.0
192 31147.0
193 31147.0
194 31992.0
195 31992.0
196 31992.0
197 31268.0
198 32131.0
199 32131.0
200 31123.0
201 31259.0
202 31340.0
203 31340.0
204 31265.0
205 31192.0
206 31423.0
207 31126.0
208 31393.0
209 31126.0
210 31653.0
211 31658.0
212 31658.0
213 31752.0
214 31752.0
215 31932.0
216 31932.0
217 31750.0
218 31750.0
219 31318.0
220 31318.0
221 31982.0
222 31713.0
223 31723.0
224 31777.0
225 31723.0
226 31418.0
227 31488.0
228 31938.0
229 31938.0
230 31692.0
231 31692.0
232 31692.0
233 31725.0
234 31725.0
235 31867.0
236 31413.0
237 31413.0
238 31430.0
239 31413.0
240 31659.0
241 31922.0
242 31409.0
243 31409.0
244 32120.0
245 32120.0
246 31426.0
247 31743.0
248 31743.0
249 31743.0
250 31487.0
251 32062.0
252 32062.0
253 32420.0
254 32420.0
255 32158.0
256 32158.0
257 32158.0
258 32158.0
259 32158.0
260 32558.0
261 32558.0
262 32558.0
263 32558.0
264 32071.0
265 32071.0
266 32071.0
267 32044.0
268 33143.0
269 31959.0
270 31774.0
271 32103.0
272 32212.0
273 32224.0
274 32497.0
275 32497.0
276 31749.0
277 32691.0
278 31730.0
279 32112.0
280 32098.0
281 32506.0
282 32506.0
283 32113.0
284 33281.0
285 31894.0
286 32045.0
287 32237.0
288 31941.0
289 32123.0
290 31907.0
291 32741.0
292 32314.0
293 32086.0
294 32109.0
295 32437.0
296 32359.0
297 32070.0
298 32575.0
299 32824.0
300 32224.0
301 32784.0
302 32396.0
303 32425.0
304 32425.0
305 32222.0
306 32222.0
307 32092.0
308 32352.0
309 32761.0
310 32761.0
311 32761.0
312 32761.0
313 33079.0
314 32766.0
315 32236.0
316 32160.0
317 32183.0
318 31992.0
319 32030.0
320 32260.0
321 32284.0
322 32261.0
323 32614.0
324 32725.0
325 32725.0
326 32614.0
327 32614.0
328 32459.0
329 32403.0
330 32243.0
331 32224.0
332 32224.0
333 32238.0
334 32238.0
335 32238.0
336 32152.0
337 31855.0
338 32348.0
339 32580.0
340 32580.0
341 32580.0
342 32221.0
343 32208.0
344 32619.0
345 32619.0
346 32619.0
347 32518.0
348 32518.0
349 32518.0
350 32320.0
351 32008.0
352 31777.0
353 31857.0
354 32222.0
355 32165.0
356 32165.0
357 32165.0
358 32398.0
359 32398.0
360 32398.0
361 32398.0
362 31902.0
363 32075.0
364 32075.0
365 31907.0
366 31962.0
367 31907.0
368 31488.0
369 31488.0
370 31488.0
371 31409.0
372 32006.0
373 31653.0
374 32092.0
375 32092.0
376 31781.0
377 31982.0
378 31678.0
379 31791.0
380 31791.0
381 32056.0
382 32387.0
383 31560.0
384 31560.0
385 32084.0
386 32084.0
387 32084.0
388 32084.0
389 32084.0
390 32084.0
391 31403.0
392 31659.0
393 31813.0
394 31302.0
395 31488.0
396 31488.0
397 31765.0
398 32406.0
399 32406.0
400 32406.0
401 31590.0
402 31590.0
403 31377.0
404 31484.0
405 31636.0
406 32064.0
407 32064.0
408 32064.0
409 32064.0
410 31794.0
411 32846.0
412 32846.0
413 32112.0
414 32827.0
415 32827.0
416 31646.0
417 31956.0
418 31913.0
419 32213.0
420 32213.0
421 32213.0
422 31758.0
423 31788.0
424 32133.0
425 32133.0
426 32133.0
427 31788.0
428 31953.0
429 31953.0
430 32232.0
431 32261.0
432 32412.0
433 32445.0
434 31653.0
435 31861.0
436 31861.0
437 32158.0
438 32195.0
439 32059.0
440 32059.0
441 32929.0
442 31880.0
443 32537.0
444 32013.0
445 32013.0
446 32013.0
447 31766.0
448 31766.0
449 31909.0
450 31843.0
451 32420.0
452 32420.0
453 31892.0
454 32119.0
455 31892.0
456 32282.0
457 32397.0
458 32282.0
459 32282.0
460 32008.0
461 31762.0
462 32161.0
463 31762.0
464 32347.0
465 32084.0
466 32084.0
467 32084.0
468 32975.0
469 32311.0
470 32319.0
471 32311.0
472 32485.0
473 32485.0
474 32631.0
475 32631.0
476 32631.0
477 32631.0
478 32631.0
479 32631.0
480 32213.0
481 32213.0
482 32006.0
483 31887.0
484 31663.0
485 32931.0
486 32931.0
487 32108.0
488 32629.0
489 32571.0
490 32571.0
491 32055.0
492 32357.0
493 32487.0
494 32487.0
495 32487.0
496 32487.0
497 33059.0
498 32723.0
499 32960.0
500 32960.0
501 33289.0
502 33289.0
503 33289.0
504 33289.0
505 33289.0
506 32619.0
507 32589.0
508 32589.0
509 32589.0
510 33364.0
511 33364.0
512 33364.0
513 33364.0
514 33364.0
515 32464.0
516 32809.0
517 32809.0
518 32849.0
519 32849.0
520 32849.0
521 32565.0
522 32933.0
523 32935.0
524 32933.0
525 32968.0
526 32968.0
527 33029.0
528 33029.0
529 33354.0
530 33354.0
531 33029.0
532 33029.0
533 33029.0
534 33245.0
535 32855.0
536 33254.0
537 32799.0
538 32880.0
539 32880.0
540 32926.0
541 32926.0
542 32880.0
543 32916.0
544 32916.0
545 33272.0
546 33470.0
547 33919.0
548 33919.0
549 33919.0
550 33290.0
551 33031.0
552 33565.0
553 33438.0
554 33031.0
555 33040.0
556 33421.0
557 33421.0
558 33421.0
559 33421.0
560 32715.0
561 32730.0
562 32714.0
563 32586.0
564 32591.0
565 32963.0
566 32712.0
567 32874.0
568 33534.0
569 32690.0
570 32961.0
571 33202.0
572 33202.0
573 33206.0
574 33206.0
575 33206.0
576 33206.0
577 33206.0
578 33319.0
579 33319.0
580 33867.0
581 32357.0
582 32665.0
583 32665.0
584 32575.0
585 33090.0
586 33090.0
587 33090.0
588 33090.0
589 32808.0
590 32941.0
591 32680.0
592 32458.0
593 32590.0
594 32590.0
595 32590.0
596 32754.0
597 32495.0
598 32495.0
599 32184.0
600 32106.0
601 32645.0
602 32645.0
603 32440.0
604 32230.0
605 32399.0
606 32895.0
607 32895.0
608 32895.0
609 32895.0
610 33064.0
611 33064.0
612 33064.0
613 33064.0
614 33064.0
615 33064.0
616 33064.0
617 33064.0
618 32745.0
619 32434.0
620 32595.0
621 32398.0
622 32539.0
623 32640.0
624 32640.0
625 32619.0
626 32497.0
627 33317.0
628 32628.0
629 32497.0
630 32147.0
631 32147.0
632 32429.0
633 32447.0
634 33316.0
635 32855.0
636 32855.0
637 32569.0
638 32631.0
639 32601.0
640 32791.0
641 32791.0
642 32453.0
643 32820.0
644 33190.0
645 32846.0
646 32495.0
647 32493.0
648 33270.0
649 33270.0
650 32670.0
651 33216.0
652 32670.0
653 32525.0
654 32890.0
655 32539.0
656 32629.0
657 33087.0
658 33096.0
659 33096.0
660 33153.0
661 33082.0
662 33082.0
663 33108.0
664 33284.0
665 33455.0
666 33526.0
667 33525.0
668 33525.0
669 33429.0
670 33498.0
671 33498.0
672 33498.0
673 33308.0
674 33396.0
675 33729.0
676 33967.0
677 33437.0
678 33790.0
679 33577.0
680 33577.0
681 33782.0
682 33782.0
683 33782.0
684 33782.0
685 33782.0
686 33464.0
687 33403.0
688 33403.0
689 33771.0
690 33236.0
691 33236.0
692 33236.0
693 33353.0
694 33334.0
695 33146.0
696 33423.0
697 33726.0
698 33423.0
699 33880.0
700 33529.0
701 33748.0
702 33748.0
703 34002.0
704 34002.0
705 34002.0
706 34002.0
707 33857.0
708 33857.0
709 33933.0
710 33933.0
711 34016.0
712 34082.0
713 34082.0
714 34082.0
715 33935.0
716 33935.0
717 34240.0
718 33986.0
719 33986.0
720 33849.0
721 34056.0
722 33849.0
723 33889.0
724 33954.0
725 33954.0
726 34366.0
727 34366.0
728 33949.0
729 33673.0
730 33673.0
731 34273.0
732 33933.0
733 33673.0
734 33974.0
735 33974.0
736 33804.0
737 33804.0
738 33710.0
739 33710.0
740 33873.0
741 33873.0
742 33643.0
743 33686.0
744 33766.0
745 33766.0
746 33684.0
747 33774.0
748 33835.0
749 33709.0
750 33709.0
751 33709.0
752 34060.0
753 34060.0
754 34060.0
755 34060.0
756 33744.0
757 34323.0
758 34692.0
759 34692.0
760 33989.0
761 34104.0
762 33989.0
763 33915.0
764 34396.0
765 34358.0
766 33867.0
767 33867.0
768 34069.0
769 34023.0
770 34373.0
771 34632.0
772 34632.0
773 34632.0
774 34632.0
775 34333.0
776 34333.0
777 33878.0
778 33878.0
779 33878.0
780 33878.0
781 34025.0
782 34042.0
783 33847.0
784 33686.0
785 33686.0
786 34085.0
787 34085.0
788 34031.0
789 34179.0
790 34179.0
791 34179.0
792 34179.0
793 34046.0
794 34271.0
795 34264.0
796 34359.0
797 34359.0
798 34031.0
799 34031.0
800 34205.0
801 34464.0
802 34464.0
803 34464.0
804 34189.0
805 34312.0
806 34312.0
807 34679.0
808 34679.0
809 34842.0
810 34792.0
811 34679.0
812 34641.0
813 34419.0
814 34419.0
815 34443.0
816 34422.0
817 34480.0
818 34480.0
819 34480.0
820 34480.0
821 34672.0
822 34609.0
823 34654.0
824 34616.0
825 35139.0
826 35139.0
827 35139.0
828 34803.0
829 34803.0
830 35093.0
831 34787.0
832 34787.0
833 34897.0
834 34811.0
835 34811.0
836 34946.0
837 35141.0
838 34898.0
839 34784.0
840 34950.0
841 35256.0
842 34931.0
843 34931.0
844 34931.0
845 35214.0
846 35047.0
847 35047.0
848 35047.0
849 34713.0
850 34887.0
851 34887.0
852 34901.0
853 34901.0
854 35197.0
855 35197.0
856 35105.0
857 35096.0
858 35193.0
859 35193.0
860 35193.0
861 35193.0
862 35208.0
863 35265.0
864 35265.0
865 35064.0
866 35060.0
867 35088.0
868 35227.0
869 35227.0
870 35445.0
871 35445.0
872 35445.0
873 35358.0
874 35358.0
875 35358.0
876 35333.0
877 35395.0
878 35442.0
879 35442.0
880 35462.0
881 35465.0
882 35465.0
883 35368.0
884 35418.0
885 35562.0
886 35464.0
887 35489.0
888 35504.0
889 35567.0
890 35622.0
891 35622.0
892 35639.0
893 35657.0
894 35657.0
895 35657.0
896 35588.0
897 35589.0
898 35654.0
899 35658.0
900 35743.0
901 35776.0
902 35776.0
903 35776.0
904 35776.0
905 35776.0
906 35775.0
907 35924.0
908 35924.0
909 35924.0
910 35875.0
911 36009.0
912 36155.0
913 36164.0
914 36127.0
915 36127.0
916 36214.0
917 36226.0
918 36226.0
919 36238.0
920 36260.0
921 36264.0
922 36264.0
923 36264.0
924 36260.0
925 36251.0
926 36252.0
927 36259.0
928 36281.0
929 36265.0
930 36265.0
931 36265.0
932 36277.0
933 36277.0
934 36265.0
935 36265.0
936 36265.0
937 36265.0
938 36265.0
939 36265.0
940 36265.0
941 36265.0
942 36265.0
943 36265.0
944 36265.0
945 36265.0
946 36265.0
947 36265.0
948 36265.0
949 36265.0
950 36265.0
951 36265.0
952 36265.0
953 36265.0
954 36265.0
955 36265.0
956 36265.0
957 36265.0
958 36265.0
959 36265.0
960 36265.0
961 36265.0
962 36265.0
963 36265.0
964 36265.0
965 36265.0
966 36265.0
967 36265.0
968 36265.0
969 36265.0
970 36265.0
971 36265.0
972 36265.0
973 36265.0
974 36265.0
975 36265.0
976 36265.0
977 36265.0
978 36265.0
979 36265.0
980 36265.0
981 36265.0
982 36265.0
983 36265.0
984 36265.0
985 36265.0
986 36265.0
987 36265.0
988 36265.0
989 36265.0
990 36265.0
991 36265.0
992 36265.0
993 36265.0
994 36265.0
995 36265.0
996 36265.0
997 36265.0
998 36265.0
999 36265.0
1000 36265.0
