0 6022.0
1 6750.0
2 7425.0
3 8861.0
4 8861.0
5 10060.0
6 10252.0
7 10920.0
8 11333.0
9 11916.0
10 12448.0
11 13031.0
12 14227.0
13 14762.0
14 14988.0
15 16007.0
16 16144.0
17 16629.0
18 17169.0
19 18125.0
20 18739.0
21 19342.0
22 19102.0
23 19553.0
24 20370.0
25 20764.0
26 21513.0
27 21513.0
28 22103.0
29 22441.0
30 22441.0
31 23042.0
32 22665.0
33 22880.0
34 23808.0
35 23808.0
36 23913.0
37 24530.0
38 24175.0
39 25209.0
40 25209.0
41 24943.0
42 25025.0
43 25518.0
44 25798.0
45 25967.0
46 26170.0
47 26666.0
48 26861.0
49 26861.0
50 27012.0
51 27964.0
52 27964.0
53 27964.0
54 27964.0
55 27964.0
56 27225.0
57 27278.0
58 27758.0
59 28076.0
60 27886.0
61 28572.0
62 28572.0
63 28572.0
64 28572.0
65 29085.0
66 29109.0
67 29314.0
68 28781.0
69 28676.0
70 28718.0
71 29573.0
72 29431.0
73 29431.0
74 29021.0
75 28827.0
76 29233.0
77 31161.0
78 31161.0
79 31161.0
80 31161.0
81 29284.0
82 29284.0
83 29782.0
84 29827.0
85 30049.0
86 30049.0
87 30049.0
88 29516.0
89 29866.0
90 30102.0
91 30102.0
92 29876.0
93 29939.0
94 30294.0
95 30458.0
96 30458.0
97 30458.0
98 30826.0
99 30826.0
100 30826.0
101 30826.0
102 30826.0
103 30826.0
104 30826.0
105 30826.0
106 30826.0
107 30826.0
108 30785.0
109 31237.0
110 30785.0
111 30785.0
112 30427.0
113 30427.0
114 31250.0
115 31250.0
116 30417.0
117 31183.0
118 31183.0
119 31164.0
120 31301.0
121 31379.0
122 30793.0
123 30793.0
124 31059.0
125 30955.0
126 30955.0
127 30729.0
128 30668.0
129 31131.0
130 31629.0
131 31629.0
132 31629.0
133 31629.0
134 31629.0
135 31663.0
136 31482.0
137 30944.0
138 30868.0
139 30868.0
140 31528.0
141 31181.0
142 31009.0
143 31009.0
144 31369.0
145 31611.0
146 31611.0
147 32017.0
148 32017.0
149 32017.0
150 32017.0
151 31972.0
152 31879.0
153 31803.0
154 31803.0
155 31814.0
156 31814.0
157 31814.0
158 31723.0
159 31723.0
160 31983.0
161 32332.0
162 32332.0
163 32683.0
164 32683.0
165 32683.0
166 32683.0
167 32683.0
168 31760.0
169 32480.0
170 32164.0
171 32196.0
172 32385.0
173 31868.0
174 31778.0
175 31817.0
176 32406.0
177 32406.0
178 32406.0
179 32505.0
180 32794.0
181 32368.0
182 31925.0
183 31993.0
184 33077.0
185 32577.0
186 32882.0
187 32577.0
188 32577.0
189 32515.0
190 32515.0
191 32345.0
192 32345.0
193 33785.0
194 32197.0
195 32358.0
196 32358.0
197 32197.0
198 32197.0
199 32197.0
200 32197.0
201 32001.0
202 32050.0
203 32050.0
204 32050.0
205 32050.0
206 32245.0
207 32245.0
208 32290.0
209 32403.0
210 33119.0
211 32290.0
212 32317.0
213 32317.0
214 32183.0
215 32183.0
216 32183.0
217 32207.0
218 32207.0
219 32530.0
220 32530.0
221 32530.0
222 32498.0
223 32534.0
224 33116.0
225 33116.0
226 33116.0
227 32269.0
228 32403.0
229 32482.0
230 32482.0
231 32482.0
232 32744.0
233 33113.0
234 32744.0
235 32573.0
236 32573.0
237 32758.0
238 32258.0
239 33100.0
240 33100.0
241 32837.0
242 32415.0
243 32501.0
244 32592.0
245 32592.0
246 32505.0
247 32476.0
248 32454.0
249 32760.0
250 32760.0
251 32760.0
252 32538.0
253 32500.0
254 33208.0
255 32653.0
256 32504.0
257 32504.0
258 32504.0
259 32306.0
260 32422.0
261 32422.0
262 33308.0
263 33308.0
264 33016.0
265 33016.0
266 33016.0
267 32919.0
268 32919.0
269 32810.0
270 32903.0
271 32333.0
272 32143.0
273 32564.0
274 32564.0
275 32732.0
276 32427.0
277 32427.0
278 32427.0
279 32427.0
280 32483.0
281 32483.0
282 32483.0
283 32337.0
284 32513.0
285 32513.0
286 32513.0
287 32367.0
288 32367.0
289 33727.0
290 32404.0
291 32483.0
292 32483.0
293 32073.0
294 32154.0
295 32782.0
296 32224.0
297 32224.0
298 32224.0
299 32224.0
300 32590.0
301 33043.0
302 32646.0
303 32646.0
304 32646.0
305 33080.0
306 33080.0
307 32646.0
308 32646.0
309 33210.0
310 32768.0
311 33013.0
312 33013.0
313 33182.0
314 33632.0
315 32828.0
316 32828.0
317 32828.0
318 34048.0
319 32619.0
320 32805.0
321 32805.0
322 32619.0
323 32619.0
324 32619.0
325 32752.0
326 33513.0
327 33513.0
328 33513.0
329 32586.0
330 32857.0
331 33051.0
332 32857.0
333 32459.0
334 33054.0
335 33038.0
336 33038.0
337 33038.0
338 33371.0
339 32754.0
340 32633.0
341 32791.0
342 32851.0
343 33489.0
344 33489.0
345 33861.0
346 33861.0
347 33861.0
348 33861.0
349 33861.0
350 33861.0
351 33084.0
352 33084.0
353 33084.0
354 32982.0
355 33208.0
356 33514.0
357 33514.0
358 32846.0
359 33952.0
360 33952.0
361 33952.0
362 33952.0
363 33952.0
364 33518.0
365 33518.0
366 32962.0
367 33520.0
368 33108.0
369 33108.0
370 33577.0
371 33577.0
372 33577.0
373 33123.0
374 33123.0
375 33123.0
376 33086.0
377 33834.0
378 33572.0
379 33572.0
380 33572.0
381 33572.0
382 33509.0
383 33509.0
384 33509.0
385 33507.0
386 33533.0
387 33533.0
388 33544.0
389 33252.0
390 33595.0
391 33595.0
392 33452.0
393 33674.0
394 33880.0
395 33880.0
396 33314.0
397 33314.0
398 33253.0
399 33253.0
400 33560.0
401 33560.0
402 33451.0
403 34022.0
404 33464.0
405 33904.0
406 33674.0
407 33674.0
408 33642.0
409 33486.0
410 33769.0
411 33518.0
412 33518.0
413 33478.0
414 33611.0
415 33696.0
416 33482.0
417 33570.0
418 33786.0
419 33786.0
420 33570.0
421 33262.0
422 33450.0
423 33710.0
424 33262.0
425 33288.0
426 33797.0
427 33157.0
428 33295.0
429 33295.0
430 33052.0
431 33214.0
432 33214.0
433 33471.0
434 33471.0
435 33631.0
436 33831.0
437 33831.0
438 33760.0
439 33760.0
440 33588.0
441 33802.0
442 33802.0
443 34063.0
444 33802.0
445 33786.0
446 33623.0
447 33666.0
448 33666.0
449 33614.0
450 33304.0
451 33465.0
452 33465.0
453 33465.0
454 33465.0
455 33481.0
456 33502.0
457 33502.0
458 33599.0
459 33741.0
460 33741.0
461 33741.0
462 33741.0
463 33272.0
464 34059.0
465 34059.0
466 34059.0
467 34059.0
468 33350.0
469 33350.0
470 33459.0
471 33459.0
472 33459.0
473 34035.0
474 33377.0
475 33401.0
476 33401.0
477 33401.0
478 33260.0
479 33256.0
480 33256.0
481 33384.0
482 33074.0
483 33074.0
484 33079.0
485 33064.0
486 33061.0
487 33154.0
488 33800.0
489 33154.0
490 33154.0
491 33242.0
492 33428.0
493 33428.0
494 33874.0
495 33300.0
496 33324.0
497 34054.0
498 33633.0
499 33633.0
500 33533.0
501 33308.0
502 33414.0
503 33196.0
504 33223.0
505 33450.0
506 33450.0
507 33450.0
508 33879.0
509 33726.0
510 33589.0
511 33589.0
512 33589.0
513 33297.0
514 33279.0
515 33388.0
516 33319.0
517 33319.0
518 33548.0
519 34350.0
520 34350.0
521 34350.0
522 34350.0
523 33332.0
524 33339.0
525 33228.0
526 33400.0
527 33400.0
528 33228.0
529 33632.0
530 33632.0
531 33632.0
532 33680.0
533 33680.0
534 33680.0
535 33919.0
536 33919.0
537 33895.0
538 33895.0
539 33895.0
540 33895.0
541 33389.0
542 33875.0
543 33524.0
544 33524.0
545 33524.0
546 33559.0
547 33769.0
548 34047.0
549 33408.0
550 34112.0
551 34112.0
552 33928.0
553 33928.0
554 34258.0
555 33798.0
556 33851.0
557 34206.0
558 34206.0
559 33669.0
560 33769.0
561 33577.0
562 33639.0
563 33884.0
564 34403.0
565 34403.0
566 33748.0
567 33770.0
568 33881.0
569 33881.0
570 33881.0
571 33881.0
572 33881.0
573 33888.0
574 33888.0
575 34065.0
576 34065.0
577 34065.0
578 34065.0
579 34065.0
580 33636.0
581 33861.0
582 33872.0
583 33678.0
584 33974.0
585 34114.0
586 33699.0
587 34674.0
588 33550.0
589 33736.0
590 34175.0
591 34175.0
592 34175.0
593 33840.0
594 33648.0
595 33709.0
596 33824.0
597 33922.0
598 34121.0
599 34385.0
600 34385.0
601 34385.0
602 34385.0
603 34385.0
604 34385.0
605 34385.0
606 34357.0
607 34030.0
608 34187.0
609 34187.0
610 34627.0
611 34318.0
612 34318.0
613 34607.0
614 34607.0
615 34587.0
616 34587.0
617 34201.0
618 34251.0
619 34283.0
620 34283.0
621 34283.0
622 34236.0
623 34604.0
624 34646.0
625 34646.0
626 34533.0
627 34214.0
628 35110.0
629 35110.0
630 35110.0
631 35110.0
632 34730.0
633 34730.0
634 34730.0
635 34730.0
636 35007.0
637 35007.0
638 35007.0
639 34823.0
640 35119.0
641 35119.0
642 35119.0
643 35144.0
644 35177.0
645 35413.0
646 35413.0
647 35451.0
648 35451.0
649 35451.0
650 35451.0
651 35451.0
652 35451.0
653 35451.0
654 35197.0
655 35641.0
656 35641.0
657 35527.0
658 35527.0
659 35286.0
660 35267.0
661 35221.0
662 35163.0
663 35163.0
664 35163.0
665 35163.0
666 35199.0
667 34685.0
668 35029.0
669 35058.0
670 35088.0
671 35029.0
672 35354.0
673 35029.0
674 35279.0
675 34900.0
676 35000.0
677 34957.0
678 35183.0
679 35183.0
680 35206.0
681 35532.0
682 35532.0
683 35303.0
684 35091.0
685 35214.0
686 35488.0
687 35261.0
688 35370.0
689 35419.0
690 35419.0
691 35506.0
692 35703.0
693 35744.0
694 35582.0
695 35538.0
696 35576.0
697 35799.0
698 36023.0
699 36023.0
700 35829.0
701 36012.0
702 36015.0
703 36101.0
704 36174.0
705 36174.0
706 36101.0
707 36101.0
708 36034.0
709 36005.0
710 36215.0
711 36028.0
712 36028.0
713 36035.0
714 36040.0
715 36183.0
716 36183.0
717 36374.0
718 36207.0
719 36213.0
720 36333.0
721 36372.0
722 36372.0
723 36425.0
724 36372.0
725 36539.0
726 36488.0
727 36495.0
728 36516.0
729 36471.0
730 36566.0
731 36597.0
732 36652.0
733 36646.0
734 36653.0
735 36729.0
736 36667.0
737 36692.0
738 36717.0
739 36717.0
740 36734.0
741 36734.0
742 36780.0
743 36780.0
744 36798.0
745 36798.0
746 36798.0
747 36811.0
748 36852.0
749 36867.0
750 36867.0
751 36867.0
752 36888.0
753 36892.0
754 36892.0
755 36895.0
756 36947.0
757 36934.0
758 36920.0
759 36956.0
760 36961.0
761 36968.0
762 36961.0
763 36961.0
764 36961.0
765 36961.0
766 36961.0
767 36961.0
768 36961.0
769 36939.0
770 36939.0
771 36939.0
772 36939.0
773 36939.0
774 36939.0
775 36939.0
776 36939.0
777 36939.0
778 36939.0
779 36939.0
780 36939.0
781 36939.0
782 36939.0
783 36939.0
784 36939.0
785 36939.0
786 36939.0
787 36939.0
788 36939.0
789 36939.0
790 36939.0
791 36939.0
792 36939.0
793 36939.0
794 36939.0
795 36939.0
796 36939.0
797 36939.0
798 36939.0
799 36939.0
800 36939.0
801 36939.0
802 36939.0
803 36939.0
804 36939.0
805 36939.0
806 36939.0
807 36939.0
808 36939.0
809 36939.0
810 36939.0
811 36939.0
812 36939.0
813 36939.0
814 36939.0
815 36939.0
816 36939.0
817 36939.0
818 36939.0
819 36939.0
820 36939.0
821 36939.0
822 36939.0
823 36939.0
824 36939.0
825 36939.0
826 36939.0
827 36939.0
828 36939.0
829 36939.0
830 36939.0
831 36939.0
832 36939.0
833 36939.0
834 36939.0
835 36939.0
836 36939.0
837 36939.0
838 36939.0
839 36939.0
840 36939.0
841 36939.0
842 36939.0
843 36939.0
844 36939.0
845 36939.0
846 36939.0
847 36939.0
848 36939.0
849 36939.0
850 36939.0
851 36939.0
852 36939.0
853 36939.0
854 36939.0
855 36939.0
856 36939.0
857 36939.0
858 36939.0
859 36939.0
860 36939.0
861 36939.0
862 36939.0
863 36939.0
864 36939.0
865 36939.0
866 36939.0
867 36939.0
868 36939.0
869 36939.0
870 36939.0
871 36939.0
872 36939.0
873 36939.0
874 36939.0
875 36939.0
876 36939.0
877 36939.0
878 36939.0
879 36939.0
880 36939.0
881 36939.0
882 36939.0
883 36939.0
884 36939.0
885 36939.0
886 36939.0
887 36939.0
888 36939.0
889 36939.0
890 36939.0
891 36939.0
892 36939.0
893 36939.0
894 36939.0
895 36939.0
896 36939.0
897 36939.0
898 36939.0
899 36939.0
900 36939.0
901 36939.0
902 36939.0
903 36939.0
904 36939.0
905 36939.0
906 36939.0
907 36939.0
908 36939.0
909 36939.0
910 36939.0
911 36939.0
912 36939.0
913 36939.0
914 36939.0
915 36939.0
916 36939.0
917 36939.0
918 36939.0
919 36939.0
920 36939.0
921 36939.0
922 36939.0
923 36939.0
924 36939.0
925 36939.0
926 36939.0
927 36939.0
928 36939.0
929 36939.0
930 36939.0
931 36939.0
932 36939.0
933 36939.0
934 36939.0
935 36939.0
936 36939.0
937 36939.0
938 36939.0
939 36939.0
940 36939.0
941 36939.0
942 36939.0
943 36939.0
944 36939.0
945 36939.0
946 36939.0
947 36939.0
948 36939.0
949 36939.0
950 36939.0
951 36939.0
952 36939.0
953 36939.0
954 36939.0
955 36939.0
956 36939.0
957 36939.0
958 36939.0
959 36939.0
960 36939.0
961 36939.0
962 36939.0
963 36939.0
964 36939.0
965 36939.0
966 36939.0
967 36975.0
968 36939.0
969 36939.0
970 36939.0
971 36939.0
972 36939.0
973 36939.0
974 36939.0
975 36939.0
976 36939.0
977 36939.0
978 36939.0
979 36939.0
980 36939.0
981 36939.0
982 36939.0
983 36939.0
984 36939.0
985 36939.0
986 36939.0
987 36939.0
988 36939.0
989 36939.0
990 36939.0
991 36939.0
992 36939.0
993 36939.0
994 36939.0
995 36939.0
996 36939.0
997 36939.0
998 36939.0
999 36939.0
1000 36939.0
