0 6471.0
1 6886.0
2 7105.0
3 7856.0
4 8867.0
5 9019.0
6 9686.0
7 10366.0
8 11387.0
9 11701.0
10 12171.0
11 13313.0
12 14774.0
13 14080.0
14 15267.0
15 15267.0
16 15787.0
17 16420.0
18 17182.0
19 18685.0
20 17896.0
21 18311.0
22 19027.0
23 19167.0
24 19545.0
25 20229.0
26 21285.0
27 20936.0
28 21276.0
29 22307.0
30 22348.0
31 22212.0
32 23013.0
33 23416.0
34 23416.0
35 25011.0
36 24484.0
37 24484.0
38 24484.0
39 24181.0
40 25235.0
41 25235.0
42 25643.0
43 26346.0
44 26686.0
45 26785.0
46 26785.0
47 26686.0
48 26638.0
49 27123.0
50 27251.0
51 27251.0
52 27379.0
53 27379.0
54 27379.0
55 28175.0
56 27476.0
57 27678.0
58 27835.0
59 27823.0
60 28450.0
61 28684.0
62 28232.0
63 28521.0
64 28556.0
65 28652.0
66 28652.0
67 28526.0
68 28526.0
69 29179.0
70 28999.0
71 28999.0
72 28999.0
73 28831.0
74 28831.0
75 28923.0
76 28923.0
77 28831.0
78 28886.0
79 29060.0
80 30043.0
81 30043.0
82 30043.0
83 30043.0
84 30043.0
85 30043.0
86 30043.0
87 29331.0
88 29331.0
89 29471.0
90 29471.0
91 29401.0
92 29822.0
93 29724.0
94 30029.0
95 30029.0
96 29622.0
97 29920.0
98 29562.0
99 29562.0
100 29562.0
101 29562.0
102 29994.0
103 29994.0
104 29994.0
105 29994.0
106 29868.0
107 30123.0
108 30123.0
109 30270.0
110 30270.0
111 30680.0
112 30680.0
113 30234.0
114 29673.0
115 31096.0
116 31096.0
117 30358.0
118 30292.0
119 30457.0
120 30457.0
121 30457.0
122 30672.0
123 30672.0
124 30672.0
125 30396.0
126 30765.0
127 30765.0
128 30396.0
129 30300.0
130 30766.0
131 30766.0
132 31251.0
133 30294.0
134 30294.0
135 30091.0
136 29958.0
137 30350.0
138 30577.0
139 30577.0
140 30654.0
141 30654.0
142 30654.0
143 30654.0
144 30812.0
145 30812.0
146 30812.0
147 30324.0
148 31074.0
149 31074.0
150 31074.0
151 31074.0
152 31074.0
153 31062.0
154 30693.0
155 30869.0
156 30975.0
157 31085.0
158 30650.0
159 30685.0
160 30287.0
161 30527.0
162 31994.0
163 31466.0
164 31180.0
165 31180.0
166 30850.0
167 30724.0
168 31146.0
169 31146.0
170 31146.0
171 31236.0
172 31090.0
173 31084.0
174 31381.0
175 31381.0
176 31102.0
177 30986.0
178 30986.0
179 31000.0
180 31161.0
181 31161.0
182 31648.0
183 31161.0
184 30899.0
185 31026.0
186 30838.0
187 30838.0
188 31484.0
189 30759.0
190 31398.0
191 31398.0
192 31530.0
193 31530.0
194 31530.0
195 31530.0
196 31530.0
197 31064.0
198 31064.0
199 31419.0
200 31360.0
201 30959.0
202 31098.0
203 30825.0
204 31397.0
205 30825.0
206 31148.0
207 31148.0
208 30903.0
209 30995.0
210 31471.0
211 31471.0
212 30903.0
213 30903.0
214 30903.0
215 30903.0
216 30923.0
217 30663.0
218 31026.0
219 31026.0
220 31026.0
221 31026.0
222 30856.0
223 30446.0
224 30446.0
225 30698.0
226 30834.0
227 31162.0
228 31162.0
229 30789.0
230 30647.0
231 30296.0
232 30514.0
233 30878.0
234 31523.0
235 31523.0
236 31058.0
237 30637.0
238 30637.0
239 30637.0
240 31020.0
241 31020.0
242 30637.0
243 31118.0
244 31118.0
245 31118.0
246 31118.0
247 31095.0
248 30864.0
249 30864.0
250 31073.0
251 30947.0
252 30947.0
253 31351.0
254 30755.0
255 31471.0
256 30838.0
257 30725.0
258 31430.0
259 31430.0
260 31430.0
261 30680.0
262 31368.0
263 31368.0
264 30879.0
265 30817.0
266 31035.0
267 31035.0
268 31125.0
269 31449.0
270 31449.0
271 31291.0
272 31748.0
273 31830.0
274 31748.0
275 31748.0
276 31748.0
277 31306.0
278 31436.0
279 31568.0
280 31568.0
281 31660.0
282 31456.0
283 31456.0
284 32302.0
285 31609.0
286 31619.0
287 31299.0
288 31874.0
289 32175.0
290 32175.0
291 32271.0
292 32271.0
293 32271.0
294 32271.0
295 32271.0
296 32175.0
297 31879.0
298 31879.0
299 31713.0
300 32265.0
301 31868.0
302 31868.0
303 31868.0
304 32098.0
305 31868.0
306 31743.0
307 31743.0
308 31758.0
309 32142.0
310 32142.0
311 32129.0
312 32129.0
313 31983.0
314 31983.0
315 31885.0
316 31606.0
317 31564.0
318 31729.0
319 31729.0
320 31729.0
321 31727.0
322 32082.0
323 31833.0
324 32669.0
325 32669.0
326 32742.0
327 32742.0
328 32742.0
329 32742.0
330 32742.0
331 32742.0
332 32742.0
333 32742.0
334 32879.0
335 32742.0
336 32742.0
337 32742.0
338 32742.0
339 32073.0
340 31972.0
341 32288.0
342 32260.0
343 32260.0
344 32360.0
345 32360.0
346 32198.0
347 32198.0
348 32226.0
349 32754.0
350 32754.0
351 32754.0
352 32754.0
353 32754.0
354 32754.0
355 33011.0
356 32705.0
357 32513.0
358 32431.0
359 32431.0
360 32837.0
361 33109.0
362 32897.0
363 32406.0
364 32334.0
365 32685.0
366 32685.0
367 32897.0
368 32385.0
369 32652.0
370 32385.0
371 32385.0
372 32385.0
373 32385.0
374 31992.0
375 32109.0
376 32109.0
377 32433.0
378 32338.0
379 32480.0
380 31984.0
381 32551.0
382 32177.0
383 32209.0
384 32537.0
385 32537.0
386 32537.0
387 32657.0
388 32537.0
389 32398.0
390 32398.0
391 32398.0
392 32398.0
393 32434.0
394 32991.0
395 32991.0
396 32709.0
397 32852.0
398 32781.0
399 32448.0
400 32627.0
401 32925.0
402 32925.0
403 32550.0
404 32550.0
405 32929.0
406 32689.0
407 32550.0
408 32661.0
409 32661.0
410 32661.0
411 32746.0
412 32467.0
413 33081.0
414 33130.0
415 33130.0
416 33130.0
417 33130.0
418 33130.0
419 33475.0
420 32596.0
421 32596.0
422 33235.0
423 32773.0
424 32523.0
425 33173.0
426 32620.0
427 32620.0
428 32620.0
429 32620.0
430 32525.0
431 32397.0
432 32397.0
433 32397.0
434 32653.0
435 32653.0
436 32591.0
437 32591.0
438 32465.0
439 32465.0
440 32602.0
441 33023.0
442 33023.0
443 33023.0
444 33023.0
445 33023.0
446 32583.0
447 32678.0
448 32583.0
449 32405.0
450 33358.0
451 33358.0
452 33358.0
453 32779.0
454 32861.0
455 32779.0
456 32779.0
457 32779.0
458 33052.0
459 32699.0
460 32699.0
461 32699.0
462 32699.0
463 32699.0
464 32680.0
465 32815.0
466 32680.0
467 33020.0
468 33020.0
469 33020.0
470 32556.0
471 32581.0
472 32467.0
473 32970.0
474 32970.0
475 32970.0
476 32970.0
477 32970.0
478 32970.0
479 32970.0
480 32970.0
481 32248.0
482 32170.0
483 32970.0
484 32796.0
485 32796.0
486 32239.0
487 32437.0
488 32288.0
489 32442.0
490 33041.0
491 32531.0
492 32531.0
493 32679.0
494 32641.0
495 32503.0
496 32503.0
497 32503.0
498 32855.0
499 32855.0
500 32626.0
501 32503.0
502 32315.0
503 32410.0
504 32897.0
505 32897.0
506 33187.0
507 32566.0
508 33218.0
509 32274.0
510 33315.0
511 33315.0
512 33346.0
513 33346.0
514 33055.0
515 32746.0
516 33076.0
517 33053.0
518 32888.0
519 32712.0
520 32766.0
521 32879.0
522 32953.0
523 32879.0
524 32816.0
525 33414.0
526 33414.0
527 33229.0
528 32803.0
529 32742.0
530 33371.0
531 33987.0
532 32991.0
533 33064.0
534 33757.0
535 32562.0
536 33331.0
537 33331.0
538 33150.0
539 32583.0
540 32930.0
541 32930.0
542 32693.0
543 32760.0
544 32873.0
545 32772.0
546 32718.0
547 32718.0
548 32680.0
549 33252.0
550 33252.0
551 33018.0
552 32795.0
553 33194.0
554 32873.0
555 32873.0
556 32907.0
557 33010.0
558 33295.0
559 33295.0
560 33320.0
561 33320.0
562 33185.0
563 33318.0
564 33318.0
565 33409.0
566 33409.0
567 33409.0
568 33087.0
569 33587.0
570 33557.0
571 33557.0
572 33136.0
573 33351.0
574 33439.0
575 33704.0
576 33869.0
577 33869.0
578 33663.0
579 34119.0
580 34119.0
581 34119.0
582 34119.0
583 34119.0
584 34119.0
585 33761.0
586 33761.0
587 33761.0
588 33452.0
589 33452.0
590 33452.0
591 33692.0
592 33499.0
593 33302.0
594 33322.0
595 33356.0
596 33452.0
597 33690.0
598 33690.0
599 33223.0
600 33118.0
601 33368.0
602 33368.0
603 33368.0
604 33368.0
605 33430.0
606 33430.0
607 33204.0
608 33074.0
609 33663.0
610 33226.0
611 34167.0
612 34167.0
613 34167.0
614 33640.0
615 33672.0
616 33587.0
617 33587.0
618 33330.0
619 33981.0
620 33981.0
621 33308.0
622 33308.0
623 33485.0
624 33485.0
625 33464.0
626 33424.0
627 34006.0
628 33452.0
629 33109.0
630 33144.0
631 33061.0
632 33595.0
633 33595.0
634 33595.0
635 33595.0
636 33813.0
637 33813.0
638 33533.0
639 33533.0
640 33509.0
641 33854.0
642 33537.0
643 34170.0
644 34170.0
645 33775.0
646 33625.0
647 34265.0
648 33678.0
649 33678.0
650 33678.0
651 33817.0
652 33766.0
653 34049.0
654 33862.0
655 34006.0
656 34096.0
657 34366.0
658 34639.0
659 34639.0
660 34639.0
661 34308.0
662 34394.0
663 33965.0
664 34363.0
665 33965.0
666 34231.0
667 34231.0
668 34780.0
669 34383.0
670 34424.0
671 34626.0
672 34383.0
673 34163.0
674 34371.0
675 34371.0
676 34360.0
677 34360.0
678 34663.0
679 34663.0
680 34952.0
681 34433.0
682 35041.0
683 35041.0
684 34970.0
685 34932.0
686 34932.0
687 34932.0
688 34465.0
689 34608.0
690 34819.0
691 34439.0
692 34749.0
693 34749.0
694 35017.0
695 35017.0
696 35017.0
697 35017.0
698 34554.0
699 34554.0
700 34778.0
701 35002.0
702 35182.0
703 35033.0
704 35151.0
705 35038.0
706 35033.0
707 35033.0
708 34791.0
709 35461.0
710 35461.0
711 35461.0
712 35461.0
713 35461.0
714 35461.0
715 35112.0
716 35112.0
717 35119.0
718 35119.0
719 35119.0
720 35274.0
721 35271.0
722 35257.0
723 35257.0
724 35257.0
725 35257.0
726 35027.0
727 35083.0
728 34951.0
729 35083.0
730 35423.0
731 35343.0
732 35343.0
733 35420.0
734 35223.0
735 35259.0
736 35229.0
737 35229.0
738 35229.0
739 35575.0
740 35203.0
741 35203.0
742 35239.0
743 35371.0
744 35371.0
745 35371.0
746 35371.0
747 35371.0
748 35382.0
749 35382.0
750 35493.0
751 35447.0
752 35447.0
753 35645.0
754 35639.0
755 35639.0
756 35546.0
757 35546.0
758 35744.0
759 35744.0
760 35711.0
761 35711.0
762 35711.0
763 35873.0
764 35759.0
765 35792.0
766 35711.0
767 35650.0
768 35650.0
769 35728.0
770 35759.0
771 35742.0
772 35769.0
773 35865.0
774 35941.0
775 35941.0
776 35941.0
777 35941.0
778 35858.0
779 35858.0
780 35962.0
781 35962.0
782 35989.0
783 35993.0
784 35993.0
785 36029.0
786 36036.0
787 36036.0
788 36036.0
789 36047.0
790 35919.0
791 35919.0
792 35903.0
793 35926.0
794 35949.0
795 36065.0
796 36065.0
797 36065.0
798 36065.0
799 36024.0
800 36024.0
801 36033.0
802 36034.0
803 36106.0
804 36106.0
805 36086.0
806 36155.0
807 36008.0
808 36119.0
809 36119.0
810 36119.0
811 36119.0
812 36119.0
813 36119.0
814 36237.0
815 36149.0
816 36149.0
817 36140.0
818 36140.0
819 36155.0
820 36155.0
821 36174.0
822 36205.0
823 36155.0
824 36128.0
825 36221.0
826 36287.0
827 36224.0
828 36224.0
829 36224.0
830 36177.0
831 36232.0
832 36183.0
833 36269.0
834 36269.0
835 36269.0
836 36296.0
837 36303.0
838 36303.0
839 36275.0
840 36275.0
841 36275.0
842 36296.0
843 36296.0
844 36296.0
845 36298.0
846 36305.0
847 36311.0
848 36305.0
849 36305.0
850 36305.0
851 36305.0
852 36305.0
853 36305.0
854 36305.0
855 36321.0
856 36321.0
857 36321.0
858 36321.0
859 36328.0
860 36328.0
861 36328.0
862 36328.0
863 36328.0
864 36328.0
865 36328.0
866 36328.0
867 36328.0
868 36328.0
869 36328.0
870 36328.0
871 36328.0
872 36328.0
873 36321.0
874 36321.0
875 36321.0
876 36321.0
877 36321.0
878 36321.0
879 36321.0
880 36321.0
881 36321.0
882 36321.0
883 36321.0
884 36321.0
885 36321.0
886 36321.0
887 36321.0
888 36321.0
889 36321.0
890 36321.0
891 36321.0
892 36321.0
893 36321.0
894 36321.0
895 36321.0
896 36321.0
897 36321.0
898 36321.0
899 36321.0
900 36321.0
901 36321.0
902 36321.0
903 36321.0
904 36321.0
905 36321.0
906 36321.0
907 36321.0
908 36321.0
909 36321.0
910 36321.0
911 36321.0
912 36321.0
913 36321.0
914 36321.0
915 36321.0
916 36321.0
917 36321.0
918 36321.0
919 36321.0
920 36321.0
921 36321.0
922 36321.0
923 36321.0
924 36321.0
925 36321.0
926 36321.0
927 36321.0
928 36321.0
929 36321.0
930 36321.0
931 36321.0
932 36321.0
933 36321.0
934 36321.0
935 36321.0
936 36321.0
937 36321.0
938 36321.0
939 36321.0
940 36321.0
941 36321.0
942 36321.0
943 36321.0
944 36321.0
945 36321.0
946 36321.0
947 36321.0
948 36321.0
949 36321.0
950 36321.0
951 36321.0
952 36321.0
953 36321.0
954 36321.0
955 36321.0
956 36321.0
957 36321.0
958 36321.0
959 36321.0
960 36321.0
961 36321.0
962 36321.0
963 36321.0
964 36321.0
965 36321.0
966 36321.0
967 36321.0
968 36321.0
969 36321.0
970 36321.0
971 36321.0
972 36321.0
973 36321.0
974 36321.0
975 36321.0
976 36321.0
977 36321.0
978 36321.0
979 36321.0
980 36321.0
981 36321.0
982 36321.0
983 36321.0
984 36321.0
985 36321.0
986 36321.0
987 36321.0
988 36321.0
989 36321.0
990 36321.0
991 36321.0
992 36321.0
993 36321.0
994 36321.0
995 36321.0
996 36321.0
997 36321.0
998 36321.0
999 36321.0
1000 36321.0
