0 5274.0
1 5995.0
2 6251.0
3 6577.0
4 7099.0
5 7667.0
6 8358.0
7 8777.0
8 9317.0
9 9499.0
10 10154.0
11 10154.0
12 10390.0
13 10896.0
14 10896.0
15 11495.0
16 11495.0
17 11780.0
18 11659.0
19 11736.0
20 12110.0
21 12110.0
22 12380.0
23 12382.0
24 12389.0
25 12503.0
26 12532.0
27 12646.0
28 12764.0
29 12859.0
30 12859.0
31 12859.0
32 12829.0
33 13078.0
34 13078.0
35 12952.0
36 12898.0
37 12898.0
38 12898.0
39 13004.0
40 13067.0
41 13259.0
42 13259.0
43 13259.0
44 13244.0
45 13244.0
46 13244.0
47 13357.0
48 13357.0
49 13357.0
50 13357.0
51 13358.0
52 13358.0
53 13424.0
54 13476.0
55 13476.0
56 13608.0
57 13608.0
58 13608.0
59 13608.0
60 13583.0
61 13590.0
62 13574.0
63 13786.0
64 13713.0
65 13735.0
66 13751.0
67 13713.0
68 13844.0
69 13844.0
70 13855.0
71 13930.0
72 13930.0
73 13930.0
74 13930.0
75 13946.0
76 13954.0
77 13976.0
78 13978.0
79 13957.0
80 13957.0
81 13961.0
82 13956.0
83 13963.0
84 14006.0
85 14006.0
86 13991.0
87 14006.0
88 14008.0
89 14006.0
90 14006.0
91 13997.0
92 13997.0
93 14006.0
94 14006.0
95 14006.0
96 14031.0
97 14006.0
98 14006.0
99 13966.0
100 14006.0
101 13966.0
102 13970.0
103 13966.0
104 13966.0
105 13966.0
106 13966.0
107 13966.0
108 13966.0
109 13966.0
110 13966.0
111 13966.0
112 13966.0
113 13966.0
114 13961.0
115 14051.0
116 14076.0
117 14076.0
118 14076.0
119 14076.0
120 14048.0
121 14048.0
122 14048.0
123 13976.0
124 13976.0
125 13976.0
126 13976.0
127 13976.0
128 13976.0
129 13976.0
130 13976.0
131 13976.0
132 13976.0
133 13976.0
134 13976.0
135 13976.0
136 13976.0
137 13976.0
138 13976.0
139 13976.0
140 13976.0
141 13976.0
142 13976.0
143 13976.0
144 13976.0
145 13972.0
146 13972.0
147 13972.0
148 13972.0
149 13972.0
150 13972.0
151 13972.0
152 13972.0
153 13972.0
154 13972.0
155 13972.0
156 13972.0
157 13972.0
158 13972.0
159 13972.0
160 13972.0
161 13972.0
162 13972.0
163 13972.0
164 13972.0
165 13972.0
166 13972.0
167 13972.0
168 13972.0
169 13972.0
170 13972.0
171 13972.0
172 13972.0
173 13972.0
174 13972.0
175 13972.0
176 13972.0
177 13972.0
178 13972.0
179 13972.0
180 13972.0
181 13972.0
182 13972.0
183 13972.0
184 13972.0
185 13972.0
186 13972.0
187 13972.0
188 13972.0
189 13972.0
190 13972.0
191 13972.0
192 13972.0
193 13972.0
194 13972.0
195 13972.0
196 13972.0
197 13972.0
198 13972.0
199 13972.0
200 13972.0
201 13972.0
202 13972.0
203 13972.0
204 13972.0
205 13972.0
206 13972.0
207 13972.0
208 13972.0
209 13972.0
210 13972.0
211 13972.0
212 13972.0
213 13972.0
214 13972.0
215 13972.0
216 13972.0
217 13972.0
218 13972.0
219 13972.0
220 13972.0
221 13972.0
222 13972.0
223 13972.0
224 13972.0
225 13972.0
226 13972.0
227 13972.0
228 13972.0
229 13972.0
230 13972.0
231 13972.0
232 13972.0
233 13972.0
234 13972.0
235 13972.0
236 13972.0
237 13972.0
238 13972.0
239 13972.0
240 13972.0
241 13972.0
242 13972.0
243 13972.0
244 13972.0
245 13972.0
246 13972.0
247 13972.0
248 13972.0
249 13972.0
250 13972.0
251 13972.0
252 13972.0
253 13972.0
254 13972.0
255 13972.0
256 13972.0
257 13972.0
258 13972.0
259 13972.0
260 13972.0
261 13972.0
262 13972.0
263 13972.0
264 13972.0
265 13972.0
266 13972.0
267 13972.0
268 13972.0
269 13972.0
270 13972.0
271 13972.0
272 13972.0
273 13972.0
274 13972.0
275 13972.0
276 13972.0
277 13972.0
278 13972.0
279 13972.0
280 13972.0
281 13972.0
282 13972.0
283 13972.0
284 13972.0
285 13972.0
286 13972.0
287 13972.0
288 13972.0
289 13972.0
290 13972.0
291 13972.0
292 13972.0
293 13972.0
294 13972.0
295 13972.0
296 13972.0
297 13972.0
298 13972.0
299 13972.0
300 13972.0
301 13972.0
302 13972.0
303 13972.0
304 13972.0
305 13972.0
306 13972.0
307 13972.0
308 13972.0
309 13972.0
310 13972.0
311 13972.0
312 13972.0
313 13972.0
314 13972.0
315 13972.0
316 13972.0
317 13972.0
318 13972.0
319 13972.0
320 13972.0
321 13972.0
322 13972.0
323 13972.0
324 13972.0
325 13972.0
326 13972.0
327 13972.0
328 13972.0
329 13972.0
330 13972.0
331 13972.0
332 13972.0
333 13972.0
334 13972.0
335 13972.0
336 13972.0
337 13972.0
338 13974.0
339 13974.0
340 13974.0
341 13974.0
342 13974.0
343 13974.0
344 13974.0
345 13974.0
346 13974.0
347 13974.0
348 13974.0
349 13974.0
350 13974.0
351 13974.0
352 13972.0
353 13972.0
354 13972.0
355 13972.0
356 13972.0
357 13972.0
358 13972.0
359 13972.0
360 13972.0
361 13972.0
362 13972.0
363 13972.0
364 13972.0
365 13972.0
366 13972.0
367 13972.0
368 13972.0
369 13972.0
370 13972.0
371 13972.0
372 13972.0
373 13972.0
374 13972.0
375 13972.0
376 13972.0
377 13972.0
378 13972.0
379 13972.0
380 13972.0
381 13972.0
382 13972.0
383 13972.0
384 13972.0
385 13972.0
386 13972.0
387 13972.0
388 13972.0
389 13972.0
390 13972.0
391 13972.0
392 13972.0
393 13972.0
394 13972.0
395 13972.0
396 13972.0
397 13972.0
398 13972.0
399 13972.0
400 13972.0
401 13972.0
402 13972.0
403 13972.0
404 13972.0
405 13972.0
406 13972.0
407 13972.0
408 13972.0
409 13972.0
410 13972.0
411 13972.0
412 13972.0
413 13972.0
414 13972.0
415 13972.0
416 13972.0
417 13972.0
418 13972.0
419 13972.0
420 13972.0
421 13972.0
422 13972.0
423 13972.0
424 13972.0
425 13972.0
426 13972.0
427 13972.0
428 13972.0
429 13972.0
430 13972.0
431 13972.0
432 13972.0
433 13972.0
434 13972.0
435 13972.0
436 13972.0
437 13972.0
438 13972.0
439 13972.0
440 13972.0
441 13972.0
442 13972.0
443 13972.0
444 13972.0
445 13972.0
446 13972.0
447 13972.0
448 13972.0
449 13972.0
450 13972.0
451 13972.0
452 13972.0
453 13972.0
454 13972.0
455 13972.0
456 13972.0
457 13972.0
458 13972.0
459 13972.0
460 13972.0
461 13972.0
462 13972.0
463 13972.0
464 13972.0
465 13972.0
466 13972.0
467 13972.0
468 14010.0
469 14010.0
470 14010.0
471 14010.0
472 14010.0
473 14010.0
474 14010.0
475 14010.0
476 14010.0
477 14010.0
478 14010.0
479 14010.0
480 14010.0
481 14010.0
482 14010.0
483 14010.0
484 14010.0
485 14010.0
486 14010.0
487 14010.0
488 14010.0
489 14010.0
490 14010.0
491 14010.0
492 14010.0
493 14010.0
494 14010.0
495 14010.0
496 14010.0
497 14010.0
498 14010.0
499 14010.0
500 14010.0
501 14010.0
502 14010.0
503 14010.0
504 14010.0
505 14010.0
506 14010.0
507 14010.0
508 14010.0
509 14010.0
510 14010.0
511 14010.0
512 14010.0
513 14010.0
514 14010.0
515 14010.0
516 14010.0
517 14010.0
518 14010.0
519 14010.0
520 14010.0
521 14010.0
522 14010.0
523 14010.0
524 14010.0
525 14010.0
526 14010.0
527 14010.0
528 14010.0
529 14010.0
530 14010.0
531 14010.0
532 14010.0
533 14010.0
534 14010.0
535 14010.0
536 14010.0
537 14010.0
538 14010.0
539 14010.0
540 14010.0
541 14010.0
542 14010.0
543 14010.0
544 14010.0
545 14010.0
546 14010.0
547 14010.0
548 14010.0
549 14010.0
550 14010.0
551 14010.0
552 14010.0
553 14010.0
554 14010.0
555 14010.0
556 14010.0
557 14010.0
558 14010.0
559 14010.0
560 14010.0
561 14010.0
562 14010.0
563 14010.0
564 14010.0
565 14010.0
566 14010.0
567 14010.0
568 14010.0
569 14010.0
570 14010.0
571 14010.0
572 14010.0
573 14010.0
574 14010.0
575 14010.0
576 14010.0
577 14010.0
578 14010.0
579 14010.0
580 14010.0
581 14010.0
582 14010.0
583 14010.0
584 14010.0
585 14010.0
586 14010.0
587 14010.0
588 14010.0
589 14010.0
590 14010.0
591 14010.0
592 14010.0
593 14010.0
594 14010.0
595 14010.0
596 14010.0
597 14010.0
598 14010.0
599 14010.0
600 14010.0
601 14010.0
602 14010.0
603 14010.0
604 14010.0
605 14010.0
606 14010.0
607 14010.0
608 14010.0
609 14010.0
610 14010.0
611 14010.0
612 14010.0
613 14010.0
614 14010.0
615 14010.0
616 14010.0
617 14010.0
618 14010.0
619 14010.0
620 14010.0
621 14010.0
622 14010.0
623 14010.0
624 14010.0
625 14010.0
626 14010.0
627 14010.0
628 14010.0
629 14010.0
630 14010.0
631 14010.0
632 14010.0
633 14010.0
634 14010.0
635 14010.0
636 14010.0
637 14010.0
638 14010.0
639 14010.0
640 14010.0
641 14010.0
642 14010.0
643 14010.0
644 14010.0
645 14010.0
646 14010.0
647 14010.0
648 14010.0
649 14010.0
650 14010.0
651 14010.0
652 14010.0
653 14010.0
654 14010.0
655 14010.0
656 14010.0
657 14010.0
658 14010.0
659 14010.0
660 14010.0
661 14010.0
662 14010.0
663 14010.0
664 14010.0
665 14010.0
666 14010.0
667 14010.0
668 14010.0
669 14010.0
670 14010.0
671 14010.0
672 14010.0
673 14010.0
674 14010.0
675 14010.0
676 14010.0
677 14010.0
678 14010.0
679 14010.0
680 14010.0
681 14010.0
682 14010.0
683 14010.0
684 14010.0
685 14010.0
686 14010.0
687 14010.0
688 14010.0
689 14010.0
690 14010.0
691 14010.0
692 14010.0
693 14010.0
694 14010.0
695 14010.0
696 14010.0
697 14010.0
698 14010.0
699 14010.0
700 14010.0
701 14010.0
702 14010.0
703 14010.0
704 14010.0
705 14010.0
706 14010.0
707 14010.0
708 14010.0
709 14010.0
710 14010.0
711 14010.0
712 14010.0
713 14010.0
714 14010.0
715 14010.0
716 14010.0
717 14010.0
718 14010.0
719 14010.0
720 14010.0
721 14010.0
722 14010.0
723 14010.0
724 14010.0
725 14010.0
726 14010.0
727 14010.0
728 14010.0
729 14010.0
730 14010.0
731 14010.0
732 14010.0
733 14010.0
734 14010.0
735 14010.0
736 14010.0
737 14010.0
738 14010.0
739 14010.0
740 14010.0
741 14010.0
742 14010.0
743 14010.0
744 14010.0
745 14010.0
746 14010.0
747 14010.0
748 14010.0
749 14010.0
750 14010.0
751 14010.0
752 14010.0
753 14010.0
754 14010.0
755 14010.0
756 14010.0
757 14010.0
758 14010.0
759 14010.0
760 14010.0
761 14010.0
762 14010.0
763 14010.0
764 14010.0
765 14010.0
766 14010.0
767 14010.0
768 14010.0
769 14010.0
770 14010.0
771 14010.0
772 14010.0
773 14010.0
774 14010.0
775 14010.0
776 14010.0
777 14010.0
778 14012.0
779 14010.0
780 14010.0
781 14010.0
782 14010.0
783 14010.0
784 14010.0
785 14010.0
786 14010.0
787 14010.0
788 14010.0
789 14010.0
790 14012.0
791 14010.0
792 14010.0
793 14010.0
794 14010.0
795 14010.0
796 14010.0
797 14010.0
798 14010.0
799 14010.0
800 14010.0
801 14010.0
802 14010.0
803 14010.0
804 14010.0
805 14010.0
806 14010.0
807 14010.0
808 14010.0
809 14010.0
810 14010.0
811 14010.0
812 14010.0
813 14010.0
814 14010.0
815 14010.0
816 14010.0
817 14010.0
818 14010.0
819 14010.0
820 14010.0
821 14010.0
822 14010.0
823 14010.0
824 14010.0
825 14010.0
826 14010.0
827 14010.0
828 14010.0
829 14010.0
830 14010.0
831 14010.0
832 14010.0
833 14010.0
834 14010.0
835 14010.0
836 14010.0
837 14010.0
838 14010.0
839 14010.0
840 14010.0
841 14010.0
842 14010.0
843 14010.0
844 14010.0
845 14010.0
846 14010.0
847 14010.0
848 14010.0
849 14010.0
850 14010.0
851 14010.0
852 14010.0
853 14010.0
854 14010.0
855 14010.0
856 14010.0
857 14010.0
858 14010.0
859 14010.0
860 14010.0
861 14010.0
862 14010.0
863 14010.0
864 14010.0
865 14010.0
866 14010.0
867 14010.0
868 14010.0
869 14010.0
870 14010.0
871 14010.0
872 14010.0
873 14010.0
874 14010.0
875 14010.0
876 14010.0
877 14010.0
878 14010.0
879 14010.0
880 14010.0
881 14010.0
882 14010.0
883 14010.0
884 14010.0
885 14010.0
886 14010.0
887 14010.0
888 14010.0
889 14010.0
890 14010.0
891 14010.0
892 14010.0
893 14010.0
894 14010.0
895 14010.0
896 14010.0
897 14010.0
898 14010.0
899 14010.0
900 14010.0
901 14010.0
902 14010.0
903 14010.0
904 14010.0
905 14010.0
906 14010.0
907 14010.0
908 14010.0
909 14010.0
910 14010.0
911 14010.0
912 14010.0
913 14010.0
914 14010.0
915 14010.0
916 14010.0
917 14010.0
918 14010.0
919 14010.0
920 14010.0
921 14010.0
922 14010.0
923 14010.0
924 14010.0
925 14010.0
926 14010.0
927 14010.0
928 14010.0
929 14010.0
930 14010.0
931 14010.0
932 14010.0
933 14010.0
934 14010.0
935 14010.0
936 14010.0
937 14010.0
938 14010.0
939 14010.0
940 14010.0
941 14010.0
942 14010.0
943 14010.0
944 14010.0
945 14010.0
946 14010.0
947 14010.0
948 14010.0
949 14010.0
950 14010.0
951 14010.0
952 14010.0
953 14010.0
954 14010.0
955 14010.0
956 14010.0
957 14010.0
958 14010.0
959 14010.0
960 14010.0
961 14010.0
962 14010.0
963 14010.0
964 14010.0
965 14010.0
966 14010.0
967 14010.0
968 14010.0
969 14010.0
970 14010.0
971 14010.0
972 14010.0
973 14010.0
974 14010.0
975 14010.0
976 14010.0
977 14010.0
978 14010.0
979 14010.0
980 14010.0
981 14010.0
982 14010.0
983 14010.0
984 14010.0
985 14010.0
986 14010.0
987 14010.0
988 14010.0
989 14010.0
990 14010.0
991 14010.0
992 14010.0
993 14010.0
994 14010.0
995 14010.0
996 14010.0
997 14010.0
998 14010.0
999 14010.0
1000 14010.0
