0 5451.0
1 5746.0
2 6193.0
3 6905.0
4 7454.0
5 7696.0
6 8590.0
7 8590.0
8 8771.0
9 9201.0
10 10113.0
11 10113.0
12 10555.0
13 10555.0
14 11249.0
15 11249.0
16 11249.0
17 11166.0
18 11482.0
19 11469.0
20 11814.0
21 11881.0
22 12020.0
23 12464.0
24 12464.0
25 12464.0
26 12464.0
27 12625.0
28 12625.0
29 12625.0
30 12625.0
31 12856.0
32 12856.0
33 12826.0
34 12826.0
35 12826.0
36 12825.0
37 12872.0
38 13095.0
39 12865.0
40 12980.0
41 13301.0
42 13066.0
43 12960.0
44 13213.0
45 13196.0
46 13246.0
47 13264.0
48 13246.0
49 13246.0
50 13249.0
51 13295.0
52 13331.0
53 13395.0
54 13453.0
55 13560.0
56 13556.0
57 13426.0
58 13590.0
59 13692.0
60 13590.0
61 13621.0
62 13621.0
63 13621.0
64 13786.0
65 13787.0
66 13814.0
67 13814.0
68 13705.0
69 13896.0
70 13896.0
71 13876.0
72 13798.0
73 13854.0
74 13861.0
75 13858.0
76 13878.0
77 13881.0
78 13887.0
79 13955.0
80 13949.0
81 13927.0
82 14004.0
83 14004.0
84 14022.0
85 14022.0
86 14048.0
87 14048.0
88 14026.0
89 14023.0
90 14036.0
91 14036.0
92 14036.0
93 14036.0
94 14025.0
95 14046.0
96 14029.0
97 14029.0
98 14029.0
99 14029.0
100 14031.0
101 14029.0
102 14029.0
103 14029.0
104 14031.0
105 14031.0
106 14031.0
107 14031.0
108 14031.0
109 14031.0
110 14031.0
111 14031.0
112 14031.0
113 14031.0
114 14031.0
115 14031.0
116 14031.0
117 14031.0
118 14031.0
119 14031.0
120 14031.0
121 14031.0
122 14031.0
123 14031.0
124 14031.0
125 14031.0
126 14031.0
127 14031.0
128 14031.0
129 14031.0
130 14031.0
131 14031.0
132 14031.0
133 14031.0
134 14031.0
135 14031.0
136 14031.0
137 14031.0
138 14031.0
139 14031.0
140 14031.0
141 14031.0
142 14031.0
143 14031.0
144 14031.0
145 14031.0
146 14031.0
147 14031.0
148 14031.0
149 14031.0
150 14031.0
151 14031.0
152 14031.0
153 14031.0
154 14031.0
155 14031.0
156 14031.0
157 14031.0
158 14031.0
159 14031.0
160 14031.0
161 14031.0
162 14031.0
163 14031.0
164 14031.0
165 14031.0
166 14031.0
167 14031.0
168 14031.0
169 14031.0
170 14031.0
171 14031.0
172 14031.0
173 14031.0
174 14031.0
175 14031.0
176 14031.0
177 14031.0
178 14031.0
179 14031.0
180 14031.0
181 14031.0
182 14031.0
183 14031.0
184 14031.0
185 14031.0
186 14031.0
187 14031.0
188 14041.0
189 14041.0
190 14041.0
191 14041.0
192 14041.0
193 14041.0
194 14041.0
195 14041.0
196 14041.0
197 14041.0
198 14041.0
199 14041.0
200 14041.0
201 14041.0
202 14041.0
203 14041.0
204 14041.0
205 14041.0
206 14041.0
207 14041.0
208 14041.0
209 14041.0
210 14041.0
211 14041.0
212 14041.0
213 14041.0
214 14041.0
215 14041.0
216 14041.0
217 14041.0
218 14041.0
219 14041.0
220 14041.0
221 14041.0
222 14041.0
223 14041.0
224 14041.0
225 14041.0
226 14041.0
227 14041.0
228 14041.0
229 14041.0
230 14041.0
231 14041.0
232 14041.0
233 14041.0
234 14041.0
235 14041.0
236 14041.0
237 14041.0
238 14041.0
239 14041.0
240 14041.0
241 14041.0
242 14041.0
243 14041.0
244 14041.0
245 14041.0
246 14041.0
247 14041.0
248 14041.0
249 14041.0
250 14041.0
251 14041.0
252 14041.0
253 14041.0
254 14041.0
255 14041.0
256 14041.0
257 14041.0
258 14041.0
259 14041.0
260 14041.0
261 14041.0
262 14041.0
263 14041.0
264 14041.0
265 14041.0
266 14041.0
267 14041.0
268 14041.0
269 14041.0
270 14041.0
271 14041.0
272 14041.0
273 14041.0
274 14041.0
275 14041.0
276 14041.0
277 14041.0
278 14041.0
279 14041.0
280 14041.0
281 14041.0
282 14041.0
283 14041.0
284 14041.0
285 14041.0
286 14041.0
287 14041.0
288 14041.0
289 14041.0
290 14041.0
291 14041.0
292 14041.0
293 14041.0
294 14041.0
295 14041.0
296 14041.0
297 14041.0
298 14041.0
299 14041.0
300 14041.0
301 14041.0
302 14041.0
303 14041.0
304 14041.0
305 14041.0
306 14041.0
307 14041.0
308 14041.0
309 14041.0
310 14041.0
311 14041.0
312 14041.0
313 14041.0
314 14041.0
315 14041.0
316 14041.0
317 14041.0
318 14041.0
319 14041.0
320 14041.0
321 14041.0
322 14041.0
323 14041.0
324 14041.0
325 14041.0
326 14041.0
327 14041.0
328 14041.0
329 14041.0
330 14041.0
331 14041.0
332 14041.0
333 14041.0
334 14041.0
335 14041.0
336 14041.0
337 14041.0
338 14041.0
339 14041.0
340 14041.0
341 14041.0
342 14041.0
343 14041.0
344 14041.0
345 14041.0
346 14041.0
347 14041.0
348 14041.0
349 14041.0
350 14041.0
351 14041.0
352 14041.0
353 14041.0
354 14041.0
355 14041.0
356 14041.0
357 14041.0
358 14041.0
359 14041.0
360 14041.0
361 14041.0
362 14041.0
363 14041.0
364 14041.0
365 14041.0
366 14041.0
367 14041.0
368 14041.0
369 14041.0
370 14041.0
371 14041.0
372 14041.0
373 14041.0
374 14041.0
375 14041.0
376 14041.0
377 14041.0
378 14041.0
379 14041.0
380 14041.0
381 14041.0
382 14041.0
383 14041.0
384 14041.0
385 14041.0
386 14041.0
387 14041.0
388 14041.0
389 14041.0
390 14041.0
391 14041.0
392 14041.0
393 14041.0
394 14041.0
395 14041.0
396 14041.0
397 14041.0
398 14041.0
399 14041.0
400 14041.0
401 14041.0
402 14041.0
403 14041.0
404 14041.0
405 14041.0
406 14041.0
407 14041.0
408 14041.0
409 14041.0
410 14041.0
411 14041.0
412 14041.0
413 14041.0
414 14041.0
415 14041.0
416 14041.0
417 14041.0
418 14041.0
419 14041.0
420 14041.0
421 14041.0
422 14041.0
423 14041.0
424 14041.0
425 14041.0
426 14041.0
427 14041.0
428 14041.0
429 14041.0
430 14041.0
431 14041.0
432 14041.0
433 14041.0
434 14041.0
435 14041.0
436 14041.0
437 14041.0
438 14041.0
439 14041.0
440 14041.0
441 14041.0
442 14041.0
443 14041.0
444 14041.0
445 14041.0
446 14041.0
447 14041.0
448 14041.0
449 14041.0
450 14041.0
451 14041.0
452 14041.0
453 14041.0
454 14041.0
455 14041.0
456 14041.0
457 14041.0
458 14041.0
459 14041.0
460 14041.0
461 14041.0
462 14041.0
463 14041.0
464 14041.0
465 14041.0
466 14041.0
467 14041.0
468 14041.0
469 14041.0
470 14041.0
471 14041.0
472 14041.0
473 14041.0
474 14041.0
475 14041.0
476 14041.0
477 14041.0
478 14041.0
479 14041.0
480 14041.0
481 14041.0
482 14041.0
483 14041.0
484 14041.0
485 14041.0
486 14041.0
487 14041.0
488 14041.0
489 14041.0
490 14041.0
491 14041.0
492 14041.0
493 14041.0
494 14041.0
495 14041.0
496 14041.0
497 14041.0
498 14041.0
499 14041.0
500 14041.0
501 14041.0
502 14041.0
503 14041.0
504 14041.0
505 14041.0
506 14041.0
507 14041.0
508 14041.0
509 14041.0
510 14041.0
511 14041.0
512 14041.0
513 14041.0
514 14041.0
515 14041.0
516 14041.0
517 14041.0
518 14041.0
519 14041.0
520 14041.0
521 14041.0
522 14041.0
523 14041.0
524 14041.0
525 14041.0
526 14041.0
527 14041.0
528 14041.0
529 14041.0
530 14041.0
531 14041.0
532 14041.0
533 14041.0
534 14041.0
535 14041.0
536 14041.0
537 14041.0
538 14041.0
539 14041.0
540 14041.0
541 14041.0
542 14041.0
543 14041.0
544 14041.0
545 14041.0
546 14041.0
547 14041.0
548 14041.0
549 14041.0
550 14041.0
551 14041.0
552 14041.0
553 14041.0
554 14041.0
555 14041.0
556 14041.0
557 14041.0
558 14041.0
559 14041.0
560 14041.0
561 14041.0
562 14041.0
563 14041.0
564 14041.0
565 14041.0
566 14041.0
567 14041.0
568 14041.0
569 14041.0
570 14041.0
571 14041.0
572 14041.0
573 14041.0
574 14041.0
575 14041.0
576 14041.0
577 14041.0
578 14041.0
579 14041.0
580 14041.0
581 14041.0
582 14041.0
583 14041.0
584 14041.0
585 14041.0
586 14041.0
587 14041.0
588 14041.0
589 14041.0
590 14041.0
591 14041.0
592 14041.0
593 14041.0
594 14041.0
595 14041.0
596 14041.0
597 14041.0
598 14041.0
599 14041.0
600 14041.0
601 14041.0
602 14041.0
603 14041.0
604 14041.0
605 14041.0
606 14041.0
607 14041.0
608 14041.0
609 14041.0
610 14041.0
611 14041.0
612 14041.0
613 14041.0
614 14041.0
615 14041.0
616 14041.0
617 14041.0
618 14041.0
619 14041.0
620 14041.0
621 14041.0
622 14041.0
623 14041.0
624 14041.0
625 14041.0
626 14041.0
627 14041.0
628 14041.0
629 14041.0
630 14041.0
631 14041.0
632 14041.0
633 14041.0
634 14041.0
635 14041.0
636 14041.0
637 14041.0
638 14041.0
639 14041.0
640 14041.0
641 14041.0
642 14041.0
643 14041.0
644 14041.0
645 14041.0
646 14041.0
647 14041.0
648 14041.0
649 14041.0
650 14041.0
651 14041.0
652 14041.0
653 14041.0
654 14041.0
655 14041.0
656 14041.0
657 14041.0
658 14041.0
659 14041.0
660 14041.0
661 14041.0
662 14041.0
663 14041.0
664 14041.0
665 14041.0
666 14041.0
667 14041.0
668 14041.0
669 14041.0
670 14041.0
671 14041.0
672 14041.0
673 14041.0
674 14041.0
675 14041.0
676 14041.0
677 14041.0
678 14041.0
679 14041.0
680 14041.0
681 14041.0
682 14041.0
683 14041.0
684 14041.0
685 14041.0
686 14041.0
687 14041.0
688 14041.0
689 14041.0
690 14041.0
691 14041.0
692 14041.0
693 14041.0
694 14041.0
695 14041.0
696 14041.0
697 14041.0
698 14041.0
699 14041.0
700 14041.0
701 14041.0
702 14041.0
703 14041.0
704 14041.0
705 14041.0
706 14041.0
707 14041.0
708 14041.0
709 14041.0
710 14041.0
711 14041.0
712 14041.0
713 14041.0
714 14041.0
715 14041.0
716 14041.0
717 14041.0
718 14041.0
719 14041.0
720 14041.0
721 14041.0
722 14041.0
723 14041.0
724 14041.0
725 14041.0
726 14041.0
727 14041.0
728 14041.0
729 14041.0
730 14041.0
731 14041.0
732 14041.0
733 14041.0
734 14041.0
735 14041.0
736 14041.0
737 14041.0
738 14041.0
739 14041.0
740 14041.0
741 14041.0
742 14041.0
743 14041.0
744 14041.0
745 14041.0
746 14041.0
747 14041.0
748 14041.0
749 14041.0
750 14041.0
751 14041.0
752 14041.0
753 14041.0
754 14041.0
755 14041.0
756 14041.0
757 14041.0
758 14041.0
759 14041.0
760 14041.0
761 14041.0
762 14041.0
763 14041.0
764 14041.0
765 14041.0
766 14041.0
767 14041.0
768 14041.0
769 14041.0
770 14041.0
771 14041.0
772 14041.0
773 14041.0
774 14041.0
775 14041.0
776 14041.0
777 14041.0
778 14041.0
779 14041.0
780 14041.0
781 14041.0
782 14041.0
783 14041.0
784 14041.0
785 14041.0
786 14041.0
787 14041.0
788 14041.0
789 14041.0
790 14041.0
791 14041.0
792 14041.0
793 14041.0
794 14041.0
795 14041.0
796 14041.0
797 14041.0
798 14041.0
799 14041.0
800 14041.0
801 14041.0
802 14041.0
803 14041.0
804 14041.0
805 14041.0
806 14041.0
807 14041.0
808 14041.0
809 14041.0
810 14041.0
811 14041.0
812 14041.0
813 14041.0
814 14041.0
815 14041.0
816 14041.0
817 14041.0
818 14041.0
819 14041.0
820 14041.0
821 14041.0
822 14041.0
823 14041.0
824 14041.0
825 14041.0
826 14041.0
827 14041.0
828 14041.0
829 14041.0
830 14041.0
831 14041.0
832 14041.0
833 14041.0
834 14041.0
835 14041.0
836 14041.0
837 14041.0
838 14041.0
839 14041.0
840 14041.0
841 14041.0
842 14041.0
843 14041.0
844 14041.0
845 14041.0
846 14041.0
847 14041.0
848 14041.0
849 14041.0
850 14041.0
851 14041.0
852 14041.0
853 14041.0
854 14041.0
855 14041.0
856 14041.0
857 14041.0
858 14041.0
859 14041.0
860 14041.0
861 14041.0
862 14041.0
863 14041.0
864 14041.0
865 14041.0
866 14041.0
867 14041.0
868 14041.0
869 14041.0
870 14041.0
871 14041.0
872 14041.0
873 14041.0
874 14041.0
875 14041.0
876 14041.0
877 14041.0
878 14041.0
879 14041.0
880 14041.0
881 14041.0
882 14041.0
883 14041.0
884 14041.0
885 14041.0
886 14041.0
887 14041.0
888 14041.0
889 14041.0
890 14041.0
891 14041.0
892 14041.0
893 14041.0
894 14041.0
895 14041.0
896 14041.0
897 14041.0
898 14041.0
899 14041.0
900 14041.0
901 14041.0
902 14041.0
903 14041.0
904 14041.0
905 14041.0
906 14041.0
907 14041.0
908 14041.0
909 14041.0
910 14041.0
911 14041.0
912 14041.0
913 14041.0
914 14041.0
915 14041.0
916 14041.0
917 14041.0
918 14041.0
919 14041.0
920 14041.0
921 14041.0
922 14041.0
923 14041.0
924 14041.0
925 14041.0
926 14041.0
927 14041.0
928 14041.0
929 14041.0
930 14041.0
931 14041.0
932 14041.0
933 14041.0
934 14041.0
935 14041.0
936 14041.0
937 14041.0
938 14041.0
939 14041.0
940 14041.0
941 14041.0
942 14041.0
943 14041.0
944 14041.0
945 14041.0
946 14041.0
947 14041.0
948 14041.0
949 14041.0
950 14041.0
951 14041.0
952 14041.0
953 14041.0
954 14041.0
955 14041.0
956 14041.0
957 14041.0
958 14041.0
959 14041.0
960 14041.0
961 14041.0
962 14041.0
963 14041.0
964 14041.0
965 14041.0
966 14041.0
967 14041.0
968 14041.0
969 14041.0
970 14041.0
971 14041.0
972 14041.0
973 14041.0
974 14041.0
975 14041.0
976 14041.0
977 14041.0
978 14041.0
979 14041.0
980 14041.0
981 14041.0
982 14041.0
983 14041.0
984 14041.0
985 14041.0
986 14041.0
987 14041.0
988 14041.0
989 14041.0
990 14041.0
991 14041.0
992 14041.0
993 14041.0
994 14041.0
995 14041.0
996 14041.0
997 14041.0
998 14041.0
999 14041.0
1000 14041.0
