0 5131.0
1 5664.0
2 6009.0
3 7037.0
4 7198.0
5 7608.0
6 8854.0
7 8854.0
8 8854.0
9 9302.0
10 9768.0
11 10270.0
12 10615.0
13 10615.0
14 10623.0
15 11353.0
16 11353.0
17 11407.0
18 11437.0
19 11703.0
20 12024.0
21 12040.0
22 12091.0
23 12104.0
24 12281.0
25 12281.0
26 12356.0
27 12497.0
28 12630.0
29 12630.0
30 12789.0
31 12711.0
32 12711.0
33 13227.0
34 13227.0
35 13111.0
36 13084.0
37 13165.0
38 13268.0
39 13420.0
40 13643.0
41 13643.0
42 13589.0
43 13410.0
44 13410.0
45 13410.0
46 13383.0
47 13461.0
48 13554.0
49 13580.0
50 13818.0
51 13642.0
52 13724.0
53 13752.0
54 13798.0
55 13982.0
56 13982.0
57 13982.0
58 13982.0
59 13982.0
60 13982.0
61 13982.0
62 14030.0
63 13990.0
64 13982.0
65 14026.0
66 14008.0
67 14008.0
68 14020.0
69 14027.0
70 14036.0
71 14036.0
72 14036.0
73 14045.0
74 14054.0
75 14054.0
76 14054.0
77 14050.0
78 14054.0
79 14054.0
80 14054.0
81 14054.0
82 14054.0
83 14054.0
84 14054.0
85 14054.0
86 14054.0
87 14054.0
88 14054.0
89 14054.0
90 14054.0
91 14054.0
92 14054.0
93 14054.0
94 14054.0
95 14054.0
96 14054.0
97 14056.0
98 14056.0
99 14054.0
100 14054.0
101 14054.0
102 14054.0
103 14054.0
104 14054.0
105 14054.0
106 14054.0
107 14054.0
108 14054.0
109 14054.0
110 14054.0
111 14054.0
112 14054.0
113 14054.0
114 14054.0
115 14054.0
116 14054.0
117 14054.0
118 14056.0
119 14056.0
120 14056.0
121 14056.0
122 14056.0
123 14056.0
124 14056.0
125 14056.0
126 14056.0
127 14056.0
128 14056.0
129 14056.0
130 14056.0
131 14056.0
132 14056.0
133 14056.0
134 14056.0
135 14056.0
136 14056.0
137 14056.0
138 14056.0
139 14056.0
140 14056.0
141 14056.0
142 14056.0
143 14056.0
144 14056.0
145 14056.0
146 14056.0
147 14056.0
148 14056.0
149 14056.0
150 14056.0
151 14056.0
152 14056.0
153 14056.0
154 14056.0
155 14056.0
156 14056.0
157 14056.0
158 14056.0
159 14056.0
160 14056.0
161 14056.0
162 14056.0
163 14056.0
164 14056.0
165 14056.0
166 14056.0
167 14056.0
168 14056.0
169 14056.0
170 14056.0
171 14056.0
172 14056.0
173 14056.0
174 14056.0
175 14056.0
176 14056.0
177 14056.0
178 14056.0
179 14056.0
180 14056.0
181 14056.0
182 14056.0
183 14056.0
184 14056.0
185 14056.0
186 14056.0
187 14056.0
188 14056.0
189 14056.0
190 14056.0
191 14056.0
192 14056.0
193 14056.0
194 14056.0
195 14056.0
196 14056.0
197 14056.0
198 14056.0
199 14056.0
200 14056.0
201 14056.0
202 14056.0
203 14056.0
204 14056.0
205 14056.0
206 14056.0
207 14056.0
208 14056.0
209 14056.0
210 14056.0
211 14056.0
212 14056.0
213 14056.0
214 14056.0
215 14056.0
216 14056.0
217 14056.0
218 14056.0
219 14056.0
220 14056.0
221 14056.0
222 14056.0
223 14056.0
224 14056.0
225 14056.0
226 14056.0
227 14056.0
228 14056.0
229 14056.0
230 14056.0
231 14056.0
232 14056.0
233 14056.0
234 14056.0
235 14056.0
236 14056.0
237 14056.0
238 14056.0
239 14056.0
240 14056.0
241 14056.0
242 14056.0
243 14056.0
244 14056.0
245 14056.0
246 14056.0
247 14056.0
248 14056.0
249 14056.0
250 14056.0
251 14056.0
252 14056.0
253 14056.0
254 14056.0
255 14056.0
256 14056.0
257 14056.0
258 14056.0
259 14056.0
260 14056.0
261 14056.0
262 14056.0
263 14056.0
264 14056.0
265 14056.0
266 14056.0
267 14056.0
268 14056.0
269 14056.0
270 14056.0
271 14056.0
272 14056.0
273 14056.0
274 14056.0
275 14056.0
276 14056.0
277 14056.0
278 14056.0
279 14056.0
280 14056.0
281 14056.0
282 14056.0
283 14056.0
284 14056.0
285 14056.0
286 14056.0
287 14056.0
288 14056.0
289 14056.0
290 14056.0
291 14056.0
292 14056.0
293 14056.0
294 14056.0
295 14056.0
296 14056.0
297 14056.0
298 14056.0
299 14056.0
300 14056.0
301 14056.0
302 14056.0
303 14056.0
304 14056.0
305 14056.0
306 14056.0
307 14056.0
308 14056.0
309 14056.0
310 14056.0
311 14056.0
312 14056.0
313 14056.0
314 14056.0
315 14056.0
316 14056.0
317 14056.0
318 14056.0
319 14056.0
320 14056.0
321 14056.0
322 14056.0
323 14056.0
324 14056.0
325 14056.0
326 14056.0
327 14056.0
328 14056.0
329 14056.0
330 14056.0
331 14056.0
332 14056.0
333 14056.0
334 14056.0
335 14056.0
336 14056.0
337 14056.0
338 14056.0
339 14056.0
340 14056.0
341 14056.0
342 14056.0
343 14056.0
344 14056.0
345 14056.0
346 14056.0
347 14056.0
348 14056.0
349 14056.0
350 14056.0
351 14056.0
352 14056.0
353 14056.0
354 14056.0
355 14056.0
356 14056.0
357 14056.0
358 14056.0
359 14056.0
360 14056.0
361 14056.0
362 14056.0
363 14056.0
364 14056.0
365 14056.0
366 14056.0
367 14056.0
368 14056.0
369 14056.0
370 14056.0
371 14056.0
372 14056.0
373 14056.0
374 14056.0
375 14056.0
376 14056.0
377 14056.0
378 14056.0
379 14056.0
380 14056.0
381 14056.0
382 14056.0
383 14056.0
384 14056.0
385 14056.0
386 14056.0
387 14056.0
388 14056.0
389 14056.0
390 14056.0
391 14056.0
392 14056.0
393 14056.0
394 14056.0
395 14056.0
396 14056.0
397 14056.0
398 14056.0
399 14056.0
400 14056.0
401 14056.0
402 14056.0
403 14056.0
404 14056.0
405 14056.0
406 14056.0
407 14056.0
408 14056.0
409 14056.0
410 14056.0
411 14056.0
412 14056.0
413 14056.0
414 14056.0
415 14056.0
416 14056.0
417 14056.0
418 14056.0
419 14056.0
420 14056.0
421 14056.0
422 14056.0
423 14056.0
424 14056.0
425 14056.0
426 14056.0
427 14056.0
428 14056.0
429 14056.0
430 14056.0
431 14056.0
432 14056.0
433 14056.0
434 14056.0
435 14056.0
436 14056.0
437 14056.0
438 14056.0
439 14056.0
440 14056.0
441 14056.0
442 14056.0
443 14056.0
444 14056.0
445 14056.0
446 14056.0
447 14056.0
448 14056.0
449 14056.0
450 14056.0
451 14056.0
452 14056.0
453 14056.0
454 14056.0
455 14056.0
456 14056.0
457 14056.0
458 14056.0
459 14056.0
460 14056.0
461 14056.0
462 14056.0
463 14056.0
464 14056.0
465 14056.0
466 14056.0
467 14056.0
468 14056.0
469 14056.0
470 14056.0
471 14056.0
472 14056.0
473 14056.0
474 14056.0
475 14056.0
476 14056.0
477 14056.0
478 14056.0
479 14056.0
480 14056.0
481 14056.0
482 14056.0
483 14056.0
484 14056.0
485 14056.0
486 14056.0
487 14056.0
488 14056.0
489 14056.0
490 14056.0
491 14056.0
492 14056.0
493 14056.0
494 14056.0
495 14056.0
496 14056.0
497 14056.0
498 14056.0
499 14056.0
500 14056.0
501 14056.0
502 14056.0
503 14056.0
504 14056.0
505 14056.0
506 14056.0
507 14056.0
508 14056.0
509 14056.0
510 14056.0
511 14056.0
512 14056.0
513 14056.0
514 14056.0
515 14056.0
516 14056.0
517 14056.0
518 14056.0
519 14056.0
520 14056.0
521 14056.0
522 14056.0
523 14056.0
524 14056.0
525 14056.0
526 14056.0
527 14056.0
528 14056.0
529 14056.0
530 14056.0
531 14056.0
532 14056.0
533 14056.0
534 14056.0
535 14056.0
536 14056.0
537 14056.0
538 14056.0
539 14056.0
540 14056.0
541 14056.0
542 14056.0
543 14056.0
544 14056.0
545 14056.0
546 14056.0
547 14056.0
548 14056.0
549 14056.0
550 14056.0
551 14056.0
552 14056.0
553 14056.0
554 14056.0
555 14056.0
556 14056.0
557 14056.0
558 14056.0
559 14056.0
560 14056.0
561 14056.0
562 14056.0
563 14056.0
564 14056.0
565 14056.0
566 14056.0
567 14056.0
568 14056.0
569 14056.0
570 14056.0
571 14056.0
572 14056.0
573 14056.0
574 14056.0
575 14056.0
576 14056.0
577 14056.0
578 14056.0
579 14056.0
580 14056.0
581 14056.0
582 14056.0
583 14056.0
584 14056.0
585 14056.0
586 14056.0
587 14056.0
588 14056.0
589 14056.0
590 14056.0
591 14056.0
592 14056.0
593 14056.0
594 14056.0
595 14056.0
596 14056.0
597 14056.0
598 14056.0
599 14056.0
600 14056.0
601 14056.0
602 14056.0
603 14056.0
604 14056.0
605 14056.0
606 14056.0
607 14056.0
608 14056.0
609 14056.0
610 14056.0
611 14056.0
612 14056.0
613 14056.0
614 14056.0
615 14056.0
616 14056.0
617 14056.0
618 14056.0
619 14056.0
620 14056.0
621 14056.0
622 14056.0
623 14056.0
624 14056.0
625 14056.0
626 14056.0
627 14056.0
628 14056.0
629 14056.0
630 14056.0
631 14056.0
632 14056.0
633 14056.0
634 14056.0
635 14056.0
636 14056.0
637 14056.0
638 14056.0
639 14056.0
640 14056.0
641 14056.0
642 14056.0
643 14056.0
644 14056.0
645 14056.0
646 14056.0
647 14056.0
648 14056.0
649 14056.0
650 14056.0
651 14056.0
652 14056.0
653 14056.0
654 14056.0
655 14056.0
656 14056.0
657 14056.0
658 14056.0
659 14056.0
660 14056.0
661 14056.0
662 14056.0
663 14056.0
664 14056.0
665 14056.0
666 14056.0
667 14056.0
668 14056.0
669 14056.0
670 14056.0
671 14056.0
672 14056.0
673 14056.0
674 14056.0
675 14056.0
676 14056.0
677 14056.0
678 14056.0
679 14056.0
680 14056.0
681 14056.0
682 14056.0
683 14056.0
684 14056.0
685 14056.0
686 14056.0
687 14056.0
688 14056.0
689 14056.0
690 14056.0
691 14056.0
692 14056.0
693 14056.0
694 14056.0
695 14056.0
696 14056.0
697 14056.0
698 14056.0
699 14056.0
700 14056.0
701 14056.0
702 14056.0
703 14056.0
704 14056.0
705 14056.0
706 14056.0
707 14056.0
708 14056.0
709 14056.0
710 14056.0
711 14056.0
712 14056.0
713 14056.0
714 14056.0
715 14056.0
716 14056.0
717 14056.0
718 14056.0
719 14056.0
720 14056.0
721 14056.0
722 14056.0
723 14056.0
724 14056.0
725 14056.0
726 14056.0
727 14056.0
728 14056.0
729 14056.0
730 14056.0
731 14056.0
732 14056.0
733 14056.0
734 14056.0
735 14056.0
736 14056.0
737 14056.0
738 14056.0
739 14056.0
740 14056.0
741 14056.0
742 14056.0
743 14056.0
744 14056.0
745 14056.0
746 14056.0
747 14056.0
748 14056.0
749 14056.0
750 14056.0
751 14056.0
752 14056.0
753 14056.0
754 14056.0
755 14056.0
756 14056.0
757 14056.0
758 14056.0
759 14056.0
760 14056.0
761 14056.0
762 14056.0
763 14056.0
764 14056.0
765 14056.0
766 14056.0
767 14056.0
768 14056.0
769 14056.0
770 14056.0
771 14056.0
772 14056.0
773 14056.0
774 14056.0
775 14056.0
776 14056.0
777 14056.0
778 14056.0
779 14056.0
780 14056.0
781 14056.0
782 14056.0
783 14056.0
784 14056.0
785 14056.0
786 14056.0
787 14056.0
788 14056.0
789 14056.0
790 14056.0
791 14056.0
792 14056.0
793 14056.0
794 14056.0
795 14056.0
796 14056.0
797 14056.0
798 14056.0
799 14056.0
800 14056.0
801 14056.0
802 14056.0
803 14056.0
804 14056.0
805 14056.0
806 14056.0
807 14056.0
808 14056.0
809 14056.0
810 14056.0
811 14056.0
812 14056.0
813 14056.0
814 14056.0
815 14056.0
816 14056.0
817 14056.0
818 14056.0
819 14056.0
820 14056.0
821 14056.0
822 14056.0
823 14056.0
824 14056.0
825 14056.0
826 14056.0
827 14056.0
828 14056.0
829 14056.0
830 14056.0
831 14056.0
832 14056.0
833 14056.0
834 14056.0
835 14056.0
836 14056.0
837 14056.0
838 14056.0
839 14056.0
840 14056.0
841 14056.0
842 14056.0
843 14056.0
844 14056.0
845 14056.0
846 14056.0
847 14056.0
848 14056.0
849 14056.0
850 14056.0
851 14056.0
852 14056.0
853 14056.0
854 14056.0
855 14056.0
856 14056.0
857 14056.0
858 14056.0
859 14056.0
860 14056.0
861 14056.0
862 14056.0
863 14056.0
864 14056.0
865 14056.0
866 14056.0
867 14056.0
868 14056.0
869 14056.0
870 14056.0
871 14056.0
872 14056.0
873 14056.0
874 14056.0
875 14056.0
876 14056.0
877 14056.0
878 14056.0
879 14056.0
880 14056.0
881 14056.0
882 14056.0
883 14056.0
884 14056.0
885 14056.0
886 14056.0
887 14056.0
888 14056.0
889 14056.0
890 14056.0
891 14056.0
892 14056.0
893 14056.0
894 14056.0
895 14056.0
896 14056.0
897 14056.0
898 14056.0
899 14056.0
900 14056.0
901 14056.0
902 14056.0
903 14056.0
904 14056.0
905 14056.0
906 14056.0
907 14056.0
908 14056.0
909 14056.0
910 14056.0
911 14056.0
912 14056.0
913 14056.0
914 14056.0
915 14056.0
916 14056.0
917 14056.0
918 14056.0
919 14056.0
920 14056.0
921 14056.0
922 14056.0
923 14056.0
924 14056.0
925 14056.0
926 14056.0
927 14056.0
928 14056.0
929 14056.0
930 14056.0
931 14056.0
932 14056.0
933 14056.0
934 14056.0
935 14056.0
936 14056.0
937 14056.0
938 14056.0
939 14056.0
940 14056.0
941 14056.0
942 14056.0
943 14056.0
944 14056.0
945 14056.0
946 14056.0
947 14056.0
948 14056.0
949 14056.0
950 14056.0
951 14056.0
952 14056.0
953 14056.0
954 14056.0
955 14056.0
956 14056.0
957 14056.0
958 14056.0
959 14056.0
960 14056.0
961 14056.0
962 14056.0
963 14056.0
964 14056.0
965 14056.0
966 14056.0
967 14056.0
968 14056.0
969 14056.0
970 14056.0
971 14056.0
972 14056.0
973 14056.0
974 14056.0
975 14056.0
976 14056.0
977 14056.0
978 14056.0
979 14056.0
980 14056.0
981 14056.0
982 14056.0
983 14056.0
984 14056.0
985 14056.0
986 14056.0
987 14056.0
988 14056.0
989 14056.0
990 14056.0
991 14056.0
992 14056.0
993 14056.0
994 14056.0
995 14056.0
996 14056.0
997 14056.0
998 14056.0
999 14056.0
1000 14056.0
