0 5273.0
1 5550.0
2 6429.0
3 7147.0
4 7168.0
5 7880.0
6 8088.0
7 8434.0
8 9204.0
9 9529.0
10 9631.0
11 9956.0
12 10154.0
13 11796.0
14 10580.0
15 10877.0
16 11501.0
17 11501.0
18 11594.0
19 11706.0
20 11748.0
21 11904.0
22 12159.0
23 12159.0
24 12141.0
25 12472.0
26 12810.0
27 12583.0
28 12649.0
29 12929.0
30 12929.0
31 12997.0
32 13073.0
33 13139.0
34 12948.0
35 12972.0
36 13045.0
37 13045.0
38 13051.0
39 13051.0
40 13019.0
41 13266.0
42 13287.0
43 13446.0
44 13446.0
45 13284.0
46 13407.0
47 13575.0
48 13369.0
49 13357.0
50 13357.0
51 13382.0
52 13319.0
53 13409.0
54 13485.0
55 13629.0
56 13629.0
57 13698.0
58 13698.0
59 13678.0
60 13675.0
61 13675.0
62 13909.0
63 14050.0
64 13962.0
65 13909.0
66 13909.0
67 14010.0
68 14010.0
69 13995.0
70 14005.0
71 14005.0
72 14062.0
73 14032.0
74 14065.0
75 14065.0
76 14093.0
77 14093.0
78 14093.0
79 14067.0
80 14083.0
81 14083.0
82 14067.0
83 14088.0
84 14088.0
85 14088.0
86 14092.0
87 14088.0
88 14088.0
89 14088.0
90 14092.0
91 14097.0
92 14097.0
93 14097.0
94 14097.0
95 14097.0
96 14097.0
97 14097.0
98 14097.0
99 14097.0
100 14097.0
101 14097.0
102 14097.0
103 14097.0
104 14097.0
105 14097.0
106 14097.0
107 14097.0
108 14097.0
109 14097.0
110 14097.0
111 14097.0
112 14097.0
113 14097.0
114 14097.0
115 14097.0
116 14097.0
117 14097.0
118 14097.0
119 14097.0
120 14097.0
121 14097.0
122 14097.0
123 14097.0
124 14097.0
125 14097.0
126 14097.0
127 14097.0
128 14097.0
129 14097.0
130 14097.0
131 14097.0
132 14097.0
133 14097.0
134 14099.0
135 14099.0
136 14099.0
137 14099.0
138 14099.0
139 14099.0
140 14099.0
141 14099.0
142 14099.0
143 14099.0
144 14099.0
145 14099.0
146 14099.0
147 14099.0
148 14099.0
149 14099.0
150 14099.0
151 14099.0
152 14099.0
153 14099.0
154 14099.0
155 14099.0
156 14099.0
157 14099.0
158 14099.0
159 14099.0
160 14099.0
161 14099.0
162 14099.0
163 14099.0
164 14099.0
165 14099.0
166 14099.0
167 14099.0
168 14099.0
169 14099.0
170 14099.0
171 14099.0
172 14099.0
173 14099.0
174 14099.0
175 14099.0
176 14099.0
177 14099.0
178 14099.0
179 14099.0
180 14099.0
181 14099.0
182 14099.0
183 14099.0
184 14099.0
185 14099.0
186 14099.0
187 14099.0
188 14099.0
189 14099.0
190 14099.0
191 14099.0
192 14099.0
193 14099.0
194 14099.0
195 14099.0
196 14099.0
197 14099.0
198 14099.0
199 14099.0
200 14099.0
201 14099.0
202 14099.0
203 14099.0
204 14099.0
205 14099.0
206 14099.0
207 14099.0
208 14099.0
209 14099.0
210 14099.0
211 14099.0
212 14099.0
213 14099.0
214 14099.0
215 14099.0
216 14099.0
217 14099.0
218 14099.0
219 14099.0
220 14099.0
221 14099.0
222 14099.0
223 14099.0
224 14099.0
225 14099.0
226 14099.0
227 14099.0
228 14099.0
229 14099.0
230 14099.0
231 14099.0
232 14099.0
233 14115.0
234 14124.0
235 14124.0
236 14124.0
237 14124.0
238 14099.0
239 14099.0
240 14099.0
241 14099.0
242 14099.0
243 14099.0
244 14099.0
245 14099.0
246 14124.0
247 14124.0
248 14124.0
249 14124.0
250 14124.0
251 14124.0
252 14124.0
253 14124.0
254 14124.0
255 14124.0
256 14124.0
257 14124.0
258 14124.0
259 14124.0
260 14124.0
261 14124.0
262 14124.0
263 14124.0
264 14124.0
265 14124.0
266 14124.0
267 14124.0
268 14124.0
269 14124.0
270 14124.0
271 14124.0
272 14124.0
273 14124.0
274 14124.0
275 14124.0
276 14124.0
277 14124.0
278 14124.0
279 14124.0
280 14124.0
281 14124.0
282 14124.0
283 14124.0
284 14124.0
285 14124.0
286 14124.0
287 14124.0
288 14124.0
289 14124.0
290 14124.0
291 14124.0
292 14124.0
293 14124.0
294 14124.0
295 14124.0
296 14124.0
297 14124.0
298 14124.0
299 14124.0
300 14124.0
301 14124.0
302 14124.0
303 14124.0
304 14124.0
305 14124.0
306 14124.0
307 14124.0
308 14124.0
309 14124.0
310 14124.0
311 14124.0
312 14124.0
313 14124.0
314 14124.0
315 14124.0
316 14124.0
317 14124.0
318 14124.0
319 14124.0
320 14124.0
321 14124.0
322 14124.0
323 14124.0
324 14124.0
325 14124.0
326 14124.0
327 14124.0
328 14124.0
329 14124.0
330 14124.0
331 14124.0
332 14124.0
333 14124.0
334 14124.0
335 14124.0
336 14124.0
337 14124.0
338 14124.0
339 14124.0
340 14124.0
341 14124.0
342 14124.0
343 14124.0
344 14124.0
345 14124.0
346 14124.0
347 14124.0
348 14124.0
349 14124.0
350 14124.0
351 14124.0
352 14124.0
353 14124.0
354 14124.0
355 14124.0
356 14124.0
357 14124.0
358 14124.0
359 14124.0
360 14124.0
361 14124.0
362 14124.0
363 14124.0
364 14124.0
365 14124.0
366 14124.0
367 14124.0
368 14124.0
369 14124.0
370 14124.0
371 14124.0
372 14124.0
373 14124.0
374 14124.0
375 14124.0
376 14124.0
377 14124.0
378 14124.0
379 14124.0
380 14124.0
381 14124.0
382 14124.0
383 14124.0
384 14124.0
385 14124.0
386 14124.0
387 14124.0
388 14124.0
389 14124.0
390 14124.0
391 14124.0
392 14124.0
393 14124.0
394 14124.0
395 14124.0
396 14124.0
397 14124.0
398 14124.0
399 14124.0
400 14124.0
401 14124.0
402 14124.0
403 14124.0
404 14124.0
405 14124.0
406 14124.0
407 14124.0
408 14124.0
409 14124.0
410 14124.0
411 14124.0
412 14124.0
413 14124.0
414 14124.0
415 14124.0
416 14124.0
417 14124.0
418 14124.0
419 14124.0
420 14124.0
421 14124.0
422 14124.0
423 14124.0
424 14124.0
425 14124.0
426 14124.0
427 14124.0
428 14124.0
429 14124.0
430 14124.0
431 14124.0
432 14124.0
433 14124.0
434 14124.0
435 14124.0
436 14124.0
437 14124.0
438 14124.0
439 14124.0
440 14124.0
441 14124.0
442 14124.0
443 14124.0
444 14124.0
445 14124.0
446 14124.0
447 14124.0
448 14124.0
449 14124.0
450 14124.0
451 14124.0
452 14124.0
453 14124.0
454 14124.0
455 14124.0
456 14124.0
457 14124.0
458 14124.0
459 14124.0
460 14124.0
461 14124.0
462 14124.0
463 14124.0
464 14124.0
465 14124.0
466 14124.0
467 14124.0
468 14124.0
469 14124.0
470 14124.0
471 14124.0
472 14124.0
473 14124.0
474 14124.0
475 14124.0
476 14124.0
477 14124.0
478 14124.0
479 14124.0
480 14124.0
481 14124.0
482 14124.0
483 14124.0
484 14124.0
485 14124.0
486 14124.0
487 14124.0
488 14124.0
489 14124.0
490 14124.0
491 14124.0
492 14124.0
493 14124.0
494 14124.0
495 14124.0
496 14124.0
497 14124.0
498 14124.0
499 14124.0
500 14124.0
501 14124.0
502 14124.0
503 14124.0
504 14124.0
505 14124.0
506 14124.0
507 14124.0
508 14124.0
509 14124.0
510 14124.0
511 14124.0
512 14124.0
513 14124.0
514 14124.0
515 14124.0
516 14124.0
517 14124.0
518 14124.0
519 14124.0
520 14124.0
521 14124.0
522 14124.0
523 14124.0
524 14124.0
525 14124.0
526 14124.0
527 14124.0
528 14124.0
529 14124.0
530 14124.0
531 14124.0
532 14124.0
533 14124.0
534 14124.0
535 14124.0
536 14124.0
537 14124.0
538 14124.0
539 14124.0
540 14124.0
541 14124.0
542 14124.0
543 14124.0
544 14124.0
545 14124.0
546 14124.0
547 14124.0
548 14124.0
549 14124.0
550 14124.0
551 14124.0
552 14124.0
553 14124.0
554 14124.0
555 14124.0
556 14124.0
557 14124.0
558 14124.0
559 14124.0
560 14124.0
561 14124.0
562 14124.0
563 14124.0
564 14124.0
565 14124.0
566 14124.0
567 14124.0
568 14124.0
569 14124.0
570 14124.0
571 14124.0
572 14124.0
573 14124.0
574 14124.0
575 14124.0
576 14124.0
577 14124.0
578 14124.0
579 14124.0
580 14124.0
581 14124.0
582 14124.0
583 14124.0
584 14124.0
585 14124.0
586 14124.0
587 14124.0
588 14124.0
589 14124.0
590 14124.0
591 14124.0
592 14124.0
593 14124.0
594 14124.0
595 14124.0
596 14124.0
597 14124.0
598 14124.0
599 14124.0
600 14124.0
601 14124.0
602 14124.0
603 14124.0
604 14124.0
605 14124.0
606 14124.0
607 14124.0
608 14124.0
609 14124.0
610 14124.0
611 14124.0
612 14124.0
613 14124.0
614 14124.0
615 14124.0
616 14124.0
617 14124.0
618 14124.0
619 14124.0
620 14124.0
621 14124.0
622 14124.0
623 14124.0
624 14124.0
625 14124.0
626 14124.0
627 14124.0
628 14124.0
629 14124.0
630 14124.0
631 14124.0
632 14124.0
633 14124.0
634 14124.0
635 14124.0
636 14124.0
637 14124.0
638 14124.0
639 14124.0
640 14124.0
641 14124.0
642 14124.0
643 14124.0
644 14124.0
645 14124.0
646 14124.0
647 14124.0
648 14124.0
649 14124.0
650 14124.0
651 14124.0
652 14124.0
653 14124.0
654 14124.0
655 14124.0
656 14124.0
657 14124.0
658 14124.0
659 14124.0
660 14124.0
661 14124.0
662 14124.0
663 14124.0
664 14124.0
665 14124.0
666 14124.0
667 14124.0
668 14124.0
669 14124.0
670 14124.0
671 14124.0
672 14124.0
673 14124.0
674 14124.0
675 14124.0
676 14124.0
677 14124.0
678 14124.0
679 14124.0
680 14124.0
681 14124.0
682 14124.0
683 14124.0
684 14124.0
685 14124.0
686 14124.0
687 14124.0
688 14124.0
689 14124.0
690 14124.0
691 14124.0
692 14124.0
693 14124.0
694 14124.0
695 14124.0
696 14124.0
697 14124.0
698 14124.0
699 14124.0
700 14124.0
701 14124.0
702 14124.0
703 14124.0
704 14124.0
705 14124.0
706 14124.0
707 14124.0
708 14124.0
709 14124.0
710 14124.0
711 14124.0
712 14124.0
713 14124.0
714 14124.0
715 14124.0
716 14124.0
717 14124.0
718 14124.0
719 14124.0
720 14124.0
721 14124.0
722 14124.0
723 14124.0
724 14124.0
725 14124.0
726 14124.0
727 14124.0
728 14124.0
729 14124.0
730 14124.0
731 14124.0
732 14124.0
733 14124.0
734 14124.0
735 14124.0
736 14124.0
737 14124.0
738 14124.0
739 14124.0
740 14124.0
741 14124.0
742 14124.0
743 14124.0
744 14124.0
745 14124.0
746 14124.0
747 14124.0
748 14124.0
749 14124.0
750 14124.0
751 14124.0
752 14124.0
753 14124.0
754 14124.0
755 14124.0
756 14124.0
757 14124.0
758 14124.0
759 14124.0
760 14124.0
761 14124.0
762 14124.0
763 14124.0
764 14124.0
765 14124.0
766 14124.0
767 14124.0
768 14124.0
769 14124.0
770 14124.0
771 14124.0
772 14124.0
773 14124.0
774 14124.0
775 14124.0
776 14124.0
777 14124.0
778 14124.0
779 14124.0
780 14124.0
781 14124.0
782 14124.0
783 14124.0
784 14124.0
785 14124.0
786 14124.0
787 14124.0
788 14124.0
789 14124.0
790 14124.0
791 14124.0
792 14124.0
793 14124.0
794 14124.0
795 14124.0
796 14124.0
797 14124.0
798 14124.0
799 14124.0
800 14124.0
801 14124.0
802 14124.0
803 14124.0
804 14124.0
805 14124.0
806 14124.0
807 14124.0
808 14124.0
809 14124.0
810 14124.0
811 14124.0
812 14124.0
813 14124.0
814 14124.0
815 14124.0
816 14124.0
817 14124.0
818 14124.0
819 14124.0
820 14124.0
821 14124.0
822 14124.0
823 14124.0
824 14124.0
825 14124.0
826 14124.0
827 14124.0
828 14124.0
829 14124.0
830 14124.0
831 14124.0
832 14124.0
833 14124.0
834 14124.0
835 14124.0
836 14124.0
837 14124.0
838 14124.0
839 14124.0
840 14124.0
841 14124.0
842 14124.0
843 14124.0
844 14124.0
845 14124.0
846 14124.0
847 14124.0
848 14124.0
849 14124.0
850 14124.0
851 14124.0
852 14124.0
853 14124.0
854 14124.0
855 14124.0
856 14124.0
857 14124.0
858 14124.0
859 14124.0
860 14124.0
861 14124.0
862 14124.0
863 14124.0
864 14124.0
865 14124.0
866 14124.0
867 14124.0
868 14124.0
869 14124.0
870 14124.0
871 14124.0
872 14124.0
873 14124.0
874 14124.0
875 14124.0
876 14124.0
877 14124.0
878 14124.0
879 14124.0
880 14124.0
881 14124.0
882 14124.0
883 14124.0
884 14124.0
885 14124.0
886 14124.0
887 14124.0
888 14124.0
889 14124.0
890 14124.0
891 14124.0
892 14124.0
893 14124.0
894 14124.0
895 14124.0
896 14124.0
897 14124.0
898 14124.0
899 14124.0
900 14124.0
901 14124.0
902 14124.0
903 14124.0
904 14124.0
905 14124.0
906 14124.0
907 14124.0
908 14124.0
909 14124.0
910 14124.0
911 14124.0
912 14124.0
913 14124.0
914 14124.0
915 14124.0
916 14124.0
917 14124.0
918 14124.0
919 14124.0
920 14124.0
921 14124.0
922 14124.0
923 14124.0
924 14124.0
925 14124.0
926 14124.0
927 14124.0
928 14124.0
929 14124.0
930 14124.0
931 14124.0
932 14124.0
933 14124.0
934 14124.0
935 14124.0
936 14124.0
937 14124.0
938 14124.0
939 14124.0
940 14124.0
941 14124.0
942 14124.0
943 14124.0
944 14124.0
945 14124.0
946 14124.0
947 14124.0
948 14124.0
949 14124.0
950 14124.0
951 14124.0
952 14124.0
953 14124.0
954 14124.0
955 14124.0
956 14124.0
957 14124.0
958 14124.0
959 14124.0
960 14124.0
961 14124.0
962 14124.0
963 14124.0
964 14124.0
965 14124.0
966 14124.0
967 14124.0
968 14124.0
969 14124.0
970 14124.0
971 14124.0
972 14124.0
973 14124.0
974 14124.0
975 14124.0
976 14124.0
977 14124.0
978 14124.0
979 14124.0
980 14124.0
981 14124.0
982 14124.0
983 14124.0
984 14124.0
985 14124.0
986 14124.0
987 14124.0
988 14124.0
989 14124.0
990 14124.0
991 14124.0
992 14124.0
993 14124.0
994 14124.0
995 14124.0
996 14124.0
997 14124.0
998 14124.0
999 14124.0
1000 14124.0
