0 5300.0
1 5788.0
2 6706.0
3 6745.0
4 7608.0
5 7746.0
6 7980.0
7 9183.0
8 9183.0
9 9182.0
10 9578.0
11 9712.0
12 10244.0
13 10293.0
14 10861.0
15 10897.0
16 11341.0
17 11573.0
18 11744.0
19 11486.0
20 11807.0
21 12051.0
22 12051.0
23 12308.0
24 12492.0
25 12492.0
26 12432.0
27 12513.0
28 12346.0
29 12346.0
30 12571.0
31 12720.0
32 12803.0
33 12764.0
34 12881.0
35 12797.0
36 12837.0
37 12958.0
38 13028.0
39 13118.0
40 13195.0
41 13195.0
42 13195.0
43 13095.0
44 13455.0
45 13095.0
46 13095.0
47 13055.0
48 13055.0
49 13342.0
50 13255.0
51 13314.0
52 13314.0
53 13203.0
54 13232.0
55 13242.0
56 13193.0
57 13232.0
58 13380.0
59 13380.0
60 13365.0
61 13442.0
62 13365.0
63 13423.0
64 13423.0
65 13419.0
66 13648.0
67 13600.0
68 13699.0
69 13600.0
70 13600.0
71 13527.0
72 13628.0
73 13816.0
74 13760.0
75 13783.0
76 13760.0
77 13863.0
78 13863.0
79 13807.0
80 13847.0
81 13847.0
82 13847.0
83 13910.0
84 13910.0
85 13910.0
86 13963.0
87 13963.0
88 14027.0
89 13963.0
90 14025.0
91 14025.0
92 14025.0
93 14025.0
94 14032.0
95 14032.0
96 14036.0
97 14036.0
98 14032.0
99 14036.0
100 14036.0
101 14036.0
102 14036.0
103 14036.0
104 14036.0
105 14038.0
106 14038.0
107 14038.0
108 14038.0
109 14038.0
110 14038.0
111 14038.0
112 14038.0
113 14038.0
114 14038.0
115 14038.0
116 14038.0
117 14038.0
118 14038.0
119 14038.0
120 14038.0
121 14038.0
122 14038.0
123 14038.0
124 14038.0
125 14038.0
126 14038.0
127 14038.0
128 14038.0
129 14038.0
130 14038.0
131 14038.0
132 14038.0
133 14040.0
134 14040.0
135 14049.0
136 14049.0
137 14049.0
138 14049.0
139 14049.0
140 14049.0
141 14049.0
142 14049.0
143 14049.0
144 14049.0
145 14049.0
146 14049.0
147 14049.0
148 14049.0
149 14049.0
150 14049.0
151 14049.0
152 14049.0
153 14049.0
154 14049.0
155 14049.0
156 14049.0
157 14049.0
158 14049.0
159 14049.0
160 14049.0
161 14049.0
162 14049.0
163 14049.0
164 14049.0
165 14049.0
166 14049.0
167 14049.0
168 14049.0
169 14049.0
170 14049.0
171 14049.0
172 14049.0
173 14049.0
174 14049.0
175 14049.0
176 14049.0
177 14049.0
178 14049.0
179 14049.0
180 14049.0
181 14049.0
182 14049.0
183 14049.0
184 14049.0
185 14049.0
186 14049.0
187 14049.0
188 14049.0
189 14049.0
190 14049.0
191 14049.0
192 14049.0
193 14049.0
194 14049.0
195 14049.0
196 14049.0
197 14049.0
198 14049.0
199 14049.0
200 14049.0
201 14049.0
202 14049.0
203 14049.0
204 14049.0
205 14049.0
206 14049.0
207 14049.0
208 14049.0
209 14049.0
210 14049.0
211 14049.0
212 14049.0
213 14049.0
214 14049.0
215 14049.0
216 14049.0
217 14049.0
218 14049.0
219 14049.0
220 14049.0
221 14049.0
222 14049.0
223 14049.0
224 14049.0
225 14049.0
226 14049.0
227 14049.0
228 14049.0
229 14049.0
230 14049.0
231 14049.0
232 14049.0
233 14049.0
234 14049.0
235 14049.0
236 14049.0
237 14049.0
238 14049.0
239 14049.0
240 14049.0
241 14049.0
242 14049.0
243 14049.0
244 14049.0
245 14049.0
246 14049.0
247 14049.0
248 14049.0
249 14049.0
250 14049.0
251 14049.0
252 14049.0
253 14049.0
254 14049.0
255 14049.0
256 14049.0
257 14049.0
258 14049.0
259 14049.0
260 14049.0
261 14049.0
262 14049.0
263 14049.0
264 14049.0
265 14049.0
266 14049.0
267 14049.0
268 14049.0
269 14049.0
270 14049.0
271 14049.0
272 14049.0
273 14049.0
274 14049.0
275 14049.0
276 14049.0
277 14049.0
278 14049.0
279 14049.0
280 14049.0
281 14049.0
282 14049.0
283 14049.0
284 14049.0
285 14049.0
286 14049.0
287 14049.0
288 14049.0
289 14049.0
290 14049.0
291 14049.0
292 14049.0
293 14049.0
294 14049.0
295 14049.0
296 14049.0
297 14049.0
298 14049.0
299 14049.0
300 14049.0
301 14049.0
302 14049.0
303 14049.0
304 14049.0
305 14049.0
306 14049.0
307 14049.0
308 14049.0
309 14049.0
310 14049.0
311 14049.0
312 14049.0
313 14049.0
314 14049.0
315 14049.0
316 14049.0
317 14049.0
318 14049.0
319 14049.0
320 14049.0
321 14049.0
322 14049.0
323 14049.0
324 14049.0
325 14049.0
326 14049.0
327 14049.0
328 14049.0
329 14049.0
330 14049.0
331 14049.0
332 14049.0
333 14049.0
334 14049.0
335 14049.0
336 14049.0
337 14049.0
338 14049.0
339 14049.0
340 14049.0
341 14049.0
342 14049.0
343 14049.0
344 14049.0
345 14049.0
346 14049.0
347 14049.0
348 14049.0
349 14049.0
350 14049.0
351 14049.0
352 14049.0
353 14049.0
354 14049.0
355 14049.0
356 14049.0
357 14049.0
358 14049.0
359 14049.0
360 14049.0
361 14049.0
362 14049.0
363 14049.0
364 14049.0
365 14049.0
366 14049.0
367 14049.0
368 14049.0
369 14049.0
370 14049.0
371 14049.0
372 14049.0
373 14049.0
374 14049.0
375 14049.0
376 14049.0
377 14049.0
378 14049.0
379 14049.0
380 14049.0
381 14049.0
382 14049.0
383 14049.0
384 14049.0
385 14049.0
386 14049.0
387 14049.0
388 14049.0
389 14049.0
390 14049.0
391 14049.0
392 14049.0
393 14049.0
394 14049.0
395 14049.0
396 14049.0
397 14049.0
398 14049.0
399 14049.0
400 14049.0
401 14049.0
402 14049.0
403 14049.0
404 14049.0
405 14049.0
406 14049.0
407 14049.0
408 14049.0
409 14049.0
410 14049.0
411 14049.0
412 14049.0
413 14049.0
414 14049.0
415 14049.0
416 14049.0
417 14049.0
418 14049.0
419 14049.0
420 14049.0
421 14049.0
422 14049.0
423 14049.0
424 14049.0
425 14049.0
426 14049.0
427 14049.0
428 14049.0
429 14049.0
430 14049.0
431 14049.0
432 14049.0
433 14049.0
434 14049.0
435 14049.0
436 14049.0
437 14049.0
438 14049.0
439 14049.0
440 14049.0
441 14049.0
442 14049.0
443 14049.0
444 14049.0
445 14049.0
446 14049.0
447 14049.0
448 14049.0
449 14049.0
450 14049.0
451 14049.0
452 14049.0
453 14049.0
454 14049.0
455 14049.0
456 14049.0
457 14049.0
458 14049.0
459 14049.0
460 14049.0
461 14049.0
462 14049.0
463 14049.0
464 14049.0
465 14049.0
466 14049.0
467 14049.0
468 14049.0
469 14049.0
470 14049.0
471 14049.0
472 14049.0
473 14049.0
474 14049.0
475 14049.0
476 14049.0
477 14049.0
478 14049.0
479 14049.0
480 14049.0
481 14049.0
482 14049.0
483 14049.0
484 14049.0
485 14049.0
486 14049.0
487 14049.0
488 14049.0
489 14049.0
490 14049.0
491 14049.0
492 14049.0
493 14049.0
494 14049.0
495 14049.0
496 14049.0
497 14049.0
498 14049.0
499 14049.0
500 14049.0
501 14049.0
502 14049.0
503 14049.0
504 14049.0
505 14049.0
506 14049.0
507 14049.0
508 14049.0
509 14049.0
510 14049.0
511 14049.0
512 14049.0
513 14049.0
514 14049.0
515 14049.0
516 14049.0
517 14049.0
518 14049.0
519 14049.0
520 14049.0
521 14049.0
522 14049.0
523 14049.0
524 14049.0
525 14049.0
526 14049.0
527 14049.0
528 14049.0
529 14049.0
530 14049.0
531 14049.0
532 14049.0
533 14049.0
534 14049.0
535 14049.0
536 14049.0
537 14049.0
538 14049.0
539 14049.0
540 14049.0
541 14049.0
542 14049.0
543 14049.0
544 14049.0
545 14049.0
546 14049.0
547 14049.0
548 14049.0
549 14049.0
550 14049.0
551 14049.0
552 14049.0
553 14049.0
554 14049.0
555 14049.0
556 14049.0
557 14049.0
558 14049.0
559 14049.0
560 14049.0
561 14049.0
562 14049.0
563 14049.0
564 14049.0
565 14049.0
566 14049.0
567 14049.0
568 14049.0
569 14049.0
570 14049.0
571 14049.0
572 14049.0
573 14049.0
574 14049.0
575 14049.0
576 14049.0
577 14049.0
578 14049.0
579 14049.0
580 14049.0
581 14049.0
582 14049.0
583 14049.0
584 14049.0
585 14049.0
586 14049.0
587 14049.0
588 14049.0
589 14049.0
590 14049.0
591 14049.0
592 14049.0
593 14049.0
594 14049.0
595 14049.0
596 14049.0
597 14049.0
598 14049.0
599 14049.0
600 14049.0
601 14049.0
602 14049.0
603 14049.0
604 14049.0
605 14049.0
606 14049.0
607 14049.0
608 14049.0
609 14049.0
610 14049.0
611 14049.0
612 14049.0
613 14049.0
614 14049.0
615 14049.0
616 14049.0
617 14049.0
618 14049.0
619 14049.0
620 14049.0
621 14049.0
622 14049.0
623 14049.0
624 14049.0
625 14049.0
626 14049.0
627 14049.0
628 14049.0
629 14049.0
630 14049.0
631 14049.0
632 14049.0
633 14049.0
634 14049.0
635 14049.0
636 14049.0
637 14049.0
638 14049.0
639 14049.0
640 14049.0
641 14049.0
642 14049.0
643 14049.0
644 14049.0
645 14049.0
646 14049.0
647 14049.0
648 14049.0
649 14049.0
650 14049.0
651 14049.0
652 14049.0
653 14049.0
654 14049.0
655 14049.0
656 14049.0
657 14049.0
658 14049.0
659 14049.0
660 14049.0
661 14049.0
662 14049.0
663 14049.0
664 14049.0
665 14049.0
666 14049.0
667 14049.0
668 14049.0
669 14049.0
670 14049.0
671 14049.0
672 14049.0
673 14049.0
674 14049.0
675 14049.0
676 14049.0
677 14049.0
678 14049.0
679 14049.0
680 14049.0
681 14049.0
682 14049.0
683 14049.0
684 14049.0
685 14049.0
686 14049.0
687 14049.0
688 14049.0
689 14049.0
690 14049.0
691 14049.0
692 14049.0
693 14049.0
694 14049.0
695 14049.0
696 14049.0
697 14049.0
698 14049.0
699 14049.0
700 14049.0
701 14049.0
702 14049.0
703 14049.0
704 14049.0
705 14049.0
706 14049.0
707 14049.0
708 14049.0
709 14049.0
710 14049.0
711 14049.0
712 14049.0
713 14049.0
714 14049.0
715 14049.0
716 14049.0
717 14049.0
718 14049.0
719 14049.0
720 14049.0
721 14049.0
722 14049.0
723 14049.0
724 14049.0
725 14049.0
726 14049.0
727 14049.0
728 14049.0
729 14049.0
730 14049.0
731 14049.0
732 14049.0
733 14049.0
734 14049.0
735 14049.0
736 14049.0
737 14049.0
738 14049.0
739 14049.0
740 14049.0
741 14049.0
742 14049.0
743 14049.0
744 14049.0
745 14049.0
746 14049.0
747 14049.0
748 14049.0
749 14049.0
750 14049.0
751 14049.0
752 14049.0
753 14049.0
754 14049.0
755 14049.0
756 14049.0
757 14049.0
758 14049.0
759 14049.0
760 14049.0
761 14049.0
762 14049.0
763 14049.0
764 14049.0
765 14049.0
766 14049.0
767 14049.0
768 14049.0
769 14049.0
770 14049.0
771 14049.0
772 14049.0
773 14049.0
774 14049.0
775 14049.0
776 14049.0
777 14049.0
778 14049.0
779 14049.0
780 14049.0
781 14049.0
782 14049.0
783 14049.0
784 14049.0
785 14049.0
786 14049.0
787 14049.0
788 14049.0
789 14049.0
790 14049.0
791 14049.0
792 14049.0
793 14049.0
794 14049.0
795 14049.0
796 14049.0
797 14049.0
798 14049.0
799 14049.0
800 14049.0
801 14049.0
802 14049.0
803 14049.0
804 14049.0
805 14049.0
806 14049.0
807 14049.0
808 14049.0
809 14049.0
810 14049.0
811 14049.0
812 14049.0
813 14049.0
814 14049.0
815 14049.0
816 14049.0
817 14049.0
818 14049.0
819 14049.0
820 14049.0
821 14049.0
822 14049.0
823 14049.0
824 14049.0
825 14049.0
826 14049.0
827 14049.0
828 14049.0
829 14049.0
830 14049.0
831 14049.0
832 14049.0
833 14049.0
834 14049.0
835 14049.0
836 14049.0
837 14049.0
838 14049.0
839 14049.0
840 14049.0
841 14049.0
842 14049.0
843 14049.0
844 14049.0
845 14049.0
846 14049.0
847 14049.0
848 14049.0
849 14049.0
850 14049.0
851 14049.0
852 14049.0
853 14049.0
854 14049.0
855 14049.0
856 14049.0
857 14049.0
858 14049.0
859 14049.0
860 14049.0
861 14049.0
862 14049.0
863 14049.0
864 14049.0
865 14049.0
866 14049.0
867 14049.0
868 14049.0
869 14049.0
870 14049.0
871 14049.0
872 14049.0
873 14049.0
874 14049.0
875 14049.0
876 14049.0
877 14049.0
878 14049.0
879 14049.0
880 14049.0
881 14049.0
882 14049.0
883 14049.0
884 14049.0
885 14049.0
886 14049.0
887 14049.0
888 14049.0
889 14049.0
890 14049.0
891 14049.0
892 14049.0
893 14049.0
894 14049.0
895 14049.0
896 14049.0
897 14049.0
898 14049.0
899 14049.0
900 14049.0
901 14049.0
902 14049.0
903 14049.0
904 14049.0
905 14049.0
906 14049.0
907 14049.0
908 14049.0
909 14049.0
910 14049.0
911 14049.0
912 14049.0
913 14049.0
914 14049.0
915 14049.0
916 14049.0
917 14049.0
918 14049.0
919 14049.0
920 14049.0
921 14049.0
922 14049.0
923 14049.0
924 14049.0
925 14049.0
926 14049.0
927 14049.0
928 14049.0
929 14049.0
930 14049.0
931 14049.0
932 14049.0
933 14049.0
934 14049.0
935 14049.0
936 14049.0
937 14049.0
938 14049.0
939 14049.0
940 14049.0
941 14049.0
942 14049.0
943 14049.0
944 14049.0
945 14049.0
946 14049.0
947 14049.0
948 14049.0
949 14049.0
950 14049.0
951 14049.0
952 14049.0
953 14049.0
954 14049.0
955 14049.0
956 14049.0
957 14049.0
958 14049.0
959 14049.0
960 14049.0
961 14049.0
962 14049.0
963 14049.0
964 14049.0
965 14049.0
966 14049.0
967 14049.0
968 14049.0
969 14049.0
970 14049.0
971 14049.0
972 14049.0
973 14049.0
974 14049.0
975 14049.0
976 14049.0
977 14049.0
978 14049.0
979 14049.0
980 14049.0
981 14049.0
982 14049.0
983 14049.0
984 14049.0
985 14049.0
986 14049.0
987 14049.0
988 14049.0
989 14049.0
990 14049.0
991 14049.0
992 14049.0
993 14049.0
994 14049.0
995 14049.0
996 14049.0
997 14049.0
998 14049.0
999 14049.0
1000 14049.0
