0 5121.0
1 6404.0
2 6172.0
3 6755.0
4 7396.0
5 7572.0
6 8964.0
7 8548.0
8 8735.0
9 9092.0
10 9843.0
11 10253.0
12 10314.0
13 10667.0
14 10677.0
15 10982.0
16 11044.0
17 11332.0
18 11548.0
19 11841.0
20 11808.0
21 11972.0
22 11945.0
23 11966.0
24 12163.0
25 12120.0
26 12291.0
27 12538.0
28 12552.0
29 12552.0
30 12652.0
31 12754.0
32 12687.0
33 12926.0
34 12926.0
35 12926.0
36 13009.0
37 13009.0
38 13144.0
39 13144.0
40 13144.0
41 13243.0
42 13243.0
43 13143.0
44 13127.0
45 13302.0
46 13387.0
47 13306.0
48 13370.0
49 13329.0
50 13364.0
51 13526.0
52 13580.0
53 13652.0
54 13551.0
55 13678.0
56 13678.0
57 13678.0
58 13563.0
59 13663.0
60 13680.0
61 13734.0
62 13730.0
63 13699.0
64 13735.0
65 13871.0
66 13882.0
67 13936.0
68 13962.0
69 13962.0
70 13942.0
71 13935.0
72 13952.0
73 13968.0
74 14048.0
75 14048.0
76 14048.0
77 13998.0
78 14011.0
79 14018.0
80 14013.0
81 14007.0
82 14035.0
83 14035.0
84 14036.0
85 14040.0
86 14040.0
87 14041.0
88 14041.0
89 14041.0
90 14041.0
91 14041.0
92 14041.0
93 14040.0
94 14039.0
95 14039.0
96 14039.0
97 14039.0
98 14039.0
99 14019.0
100 14019.0
101 14019.0
102 14019.0
103 14009.0
104 14009.0
105 14009.0
106 14009.0
107 14009.0
108 14009.0
109 14009.0
110 14009.0
111 14009.0
112 14009.0
113 14009.0
114 14009.0
115 14009.0
116 14009.0
117 14009.0
118 14009.0
119 14009.0
120 14009.0
121 14009.0
122 14009.0
123 14009.0
124 14009.0
125 14009.0
126 14009.0
127 14009.0
128 14009.0
129 14009.0
130 14009.0
131 14009.0
132 14009.0
133 14009.0
134 14009.0
135 14009.0
136 14009.0
137 14009.0
138 14009.0
139 14009.0
140 14009.0
141 14009.0
142 14009.0
143 14009.0
144 14009.0
145 14009.0
146 14009.0
147 14009.0
148 14009.0
149 14009.0
150 14009.0
151 14009.0
152 14011.0
153 14011.0
154 14011.0
155 14011.0
156 14011.0
157 14011.0
158 14011.0
159 14011.0
160 14011.0
161 14011.0
162 14011.0
163 14011.0
164 14011.0
165 14011.0
166 14011.0
167 14011.0
168 14011.0
169 14011.0
170 14011.0
171 14011.0
172 14011.0
173 14011.0
174 14011.0
175 14011.0
176 14011.0
177 14011.0
178 14011.0
179 14011.0
180 14011.0
181 14011.0
182 14011.0
183 14011.0
184 14011.0
185 14011.0
186 14011.0
187 14011.0
188 14011.0
189 14011.0
190 14011.0
191 14011.0
192 14011.0
193 14011.0
194 14011.0
195 14011.0
196 14011.0
197 14011.0
198 14011.0
199 14011.0
200 14011.0
201 14024.0
202 14024.0
203 14024.0
204 14011.0
205 14011.0
206 14011.0
207 14011.0
208 14011.0
209 14011.0
210 14011.0
211 14011.0
212 14011.0
213 14011.0
214 14011.0
215 14011.0
216 14011.0
217 14011.0
218 14011.0
219 14011.0
220 14011.0
221 14011.0
222 14011.0
223 14011.0
224 14011.0
225 14011.0
226 14011.0
227 14011.0
228 14011.0
229 14011.0
230 14011.0
231 14011.0
232 14011.0
233 14011.0
234 14011.0
235 14011.0
236 14011.0
237 14011.0
238 14011.0
239 14011.0
240 14011.0
241 14011.0
242 14011.0
243 14011.0
244 14011.0
245 14011.0
246 14011.0
247 14011.0
248 14011.0
249 14011.0
250 14011.0
251 14011.0
252 14011.0
253 14011.0
254 14011.0
255 14011.0
256 14011.0
257 14011.0
258 14011.0
259 14011.0
260 14011.0
261 14011.0
262 14011.0
263 14011.0
264 14011.0
265 14011.0
266 14011.0
267 14011.0
268 14011.0
269 14011.0
270 14011.0
271 14011.0
272 14011.0
273 14011.0
274 14011.0
275 14011.0
276 14011.0
277 14011.0
278 14011.0
279 14011.0
280 14011.0
281 14011.0
282 14011.0
283 14011.0
284 14011.0
285 14011.0
286 14011.0
287 14011.0
288 14011.0
289 14011.0
290 14011.0
291 14011.0
292 14011.0
293 14011.0
294 14011.0
295 14011.0
296 14011.0
297 14011.0
298 14011.0
299 14011.0
300 14011.0
301 14011.0
302 14011.0
303 14011.0
304 14011.0
305 14011.0
306 14011.0
307 14011.0
308 14011.0
309 14011.0
310 14011.0
311 14011.0
312 14011.0
313 14011.0
314 14011.0
315 14011.0
316 14011.0
317 14011.0
318 14011.0
319 14011.0
320 14011.0
321 14011.0
322 14011.0
323 14011.0
324 14011.0
325 14011.0
326 14011.0
327 14011.0
328 14011.0
329 14011.0
330 14011.0
331 14011.0
332 14011.0
333 14011.0
334 14011.0
335 14011.0
336 14011.0
337 14011.0
338 14011.0
339 14011.0
340 14011.0
341 14011.0
342 14011.0
343 14011.0
344 14011.0
345 14011.0
346 14011.0
347 14011.0
348 14011.0
349 14011.0
350 14011.0
351 14011.0
352 14011.0
353 14011.0
354 14011.0
355 14011.0
356 14011.0
357 14011.0
358 14011.0
359 14011.0
360 14011.0
361 14011.0
362 14011.0
363 14011.0
364 14011.0
365 14011.0
366 14011.0
367 14011.0
368 14011.0
369 14011.0
370 14011.0
371 14011.0
372 14011.0
373 14011.0
374 14011.0
375 14011.0
376 14011.0
377 14011.0
378 14011.0
379 14011.0
380 14011.0
381 14011.0
382 14011.0
383 14011.0
384 14011.0
385 14011.0
386 14011.0
387 14011.0
388 14011.0
389 14011.0
390 14011.0
391 14011.0
392 14011.0
393 14011.0
394 14011.0
395 14011.0
396 14011.0
397 14011.0
398 14011.0
399 14011.0
400 14011.0
401 14011.0
402 14011.0
403 14011.0
404 14011.0
405 14011.0
406 14011.0
407 14011.0
408 14011.0
409 14011.0
410 14011.0
411 14011.0
412 14011.0
413 14011.0
414 14011.0
415 14011.0
416 14011.0
417 14011.0
418 14011.0
419 14011.0
420 14011.0
421 14011.0
422 14011.0
423 14011.0
424 14011.0
425 14011.0
426 14011.0
427 14011.0
428 14011.0
429 14011.0
430 14011.0
431 14011.0
432 14011.0
433 14011.0
434 14011.0
435 14011.0
436 14011.0
437 14011.0
438 14011.0
439 14011.0
440 14011.0
441 14011.0
442 14011.0
443 14011.0
444 14011.0
445 14011.0
446 14011.0
447 14011.0
448 14011.0
449 14011.0
450 14024.0
451 14024.0
452 14024.0
453 14024.0
454 14024.0
455 14024.0
456 14024.0
457 14024.0
458 14024.0
459 14024.0
460 14024.0
461 14024.0
462 14024.0
463 14024.0
464 14024.0
465 14024.0
466 14024.0
467 14024.0
468 14024.0
469 14024.0
470 14024.0
471 14024.0
472 14024.0
473 14024.0
474 14024.0
475 14024.0
476 14024.0
477 14024.0
478 14024.0
479 14024.0
480 14024.0
481 14024.0
482 14024.0
483 14024.0
484 14024.0
485 14024.0
486 14024.0
487 14024.0
488 14024.0
489 14024.0
490 14024.0
491 14024.0
492 14024.0
493 14024.0
494 14024.0
495 14024.0
496 14024.0
497 14024.0
498 14024.0
499 14024.0
500 14024.0
501 14024.0
502 14024.0
503 14024.0
504 14024.0
505 14024.0
506 14024.0
507 14024.0
508 14024.0
509 14024.0
510 14024.0
511 14024.0
512 14024.0
513 14024.0
514 14024.0
515 14024.0
516 14024.0
517 14024.0
518 14024.0
519 14024.0
520 14024.0
521 14024.0
522 14024.0
523 14024.0
524 14024.0
525 14024.0
526 14024.0
527 14024.0
528 14024.0
529 14024.0
530 14024.0
531 14024.0
532 14024.0
533 14024.0
534 14024.0
535 14024.0
536 14024.0
537 14024.0
538 14024.0
539 14024.0
540 14024.0
541 14024.0
542 14024.0
543 14024.0
544 14024.0
545 14024.0
546 14024.0
547 14024.0
548 14024.0
549 14024.0
550 14024.0
551 14024.0
552 14024.0
553 14024.0
554 14024.0
555 14024.0
556 14024.0
557 14024.0
558 14024.0
559 14024.0
560 14024.0
561 14024.0
562 14024.0
563 14024.0
564 14024.0
565 14024.0
566 14024.0
567 14024.0
568 14024.0
569 14024.0
570 14024.0
571 14024.0
572 14024.0
573 14024.0
574 14024.0
575 14024.0
576 14024.0
577 14024.0
578 14024.0
579 14024.0
580 14024.0
581 14024.0
582 14024.0
583 14024.0
584 14024.0
585 14024.0
586 14024.0
587 14024.0
588 14024.0
589 14024.0
590 14024.0
591 14024.0
592 14024.0
593 14024.0
594 14024.0
595 14024.0
596 14024.0
597 14024.0
598 14024.0
599 14024.0
600 14024.0
601 14024.0
602 14024.0
603 14024.0
604 14024.0
605 14024.0
606 14024.0
607 14024.0
608 14024.0
609 14024.0
610 14024.0
611 14024.0
612 14024.0
613 14024.0
614 14024.0
615 14024.0
616 14024.0
617 14024.0
618 14024.0
619 14024.0
620 14024.0
621 14024.0
622 14024.0
623 14024.0
624 14024.0
625 14024.0
626 14024.0
627 14024.0
628 14024.0
629 14024.0
630 14024.0
631 14024.0
632 14024.0
633 14024.0
634 14024.0
635 14024.0
636 14024.0
637 14024.0
638 14024.0
639 14024.0
640 14024.0
641 14024.0
642 14024.0
643 14024.0
644 14024.0
645 14024.0
646 14024.0
647 14024.0
648 14024.0
649 14024.0
650 14024.0
651 14024.0
652 14024.0
653 14024.0
654 14024.0
655 14024.0
656 14024.0
657 14024.0
658 14024.0
659 14024.0
660 14024.0
661 14024.0
662 14024.0
663 14024.0
664 14024.0
665 14024.0
666 14024.0
667 14024.0
668 14024.0
669 14024.0
670 14024.0
671 14024.0
672 14024.0
673 14024.0
674 14024.0
675 14024.0
676 14024.0
677 14024.0
678 14024.0
679 14024.0
680 14024.0
681 14024.0
682 14024.0
683 14024.0
684 14024.0
685 14024.0
686 14024.0
687 14024.0
688 14024.0
689 14024.0
690 14024.0
691 14024.0
692 14024.0
693 14024.0
694 14024.0
695 14024.0
696 14024.0
697 14024.0
698 14024.0
699 14024.0
700 14024.0
701 14024.0
702 14024.0
703 14024.0
704 14024.0
705 14024.0
706 14024.0
707 14024.0
708 14024.0
709 14024.0
710 14024.0
711 14024.0
712 14024.0
713 14024.0
714 14024.0
715 14024.0
716 14024.0
717 14024.0
718 14024.0
719 14024.0
720 14024.0
721 14024.0
722 14024.0
723 14024.0
724 14024.0
725 14024.0
726 14024.0
727 14024.0
728 14024.0
729 14024.0
730 14024.0
731 14024.0
732 14024.0
733 14024.0
734 14024.0
735 14024.0
736 14024.0
737 14024.0
738 14024.0
739 14024.0
740 14024.0
741 14024.0
742 14024.0
743 14024.0
744 14024.0
745 14024.0
746 14024.0
747 14024.0
748 14024.0
749 14024.0
750 14024.0
751 14024.0
752 14024.0
753 14024.0
754 14024.0
755 14024.0
756 14024.0
757 14024.0
758 14024.0
759 14024.0
760 14024.0
761 14024.0
762 14024.0
763 14024.0
764 14024.0
765 14024.0
766 14024.0
767 14024.0
768 14024.0
769 14024.0
770 14024.0
771 14024.0
772 14024.0
773 14024.0
774 14024.0
775 14024.0
776 14024.0
777 14024.0
778 14024.0
779 14024.0
780 14024.0
781 14024.0
782 14024.0
783 14024.0
784 14024.0
785 14024.0
786 14024.0
787 14024.0
788 14024.0
789 14024.0
790 14024.0
791 14024.0
792 14024.0
793 14024.0
794 14024.0
795 14024.0
796 14024.0
797 14024.0
798 14024.0
799 14024.0
800 14024.0
801 14024.0
802 14024.0
803 14024.0
804 14024.0
805 14024.0
806 14024.0
807 14024.0
808 14024.0
809 14024.0
810 14024.0
811 14024.0
812 14024.0
813 14024.0
814 14024.0
815 14024.0
816 14024.0
817 14024.0
818 14024.0
819 14024.0
820 14024.0
821 14024.0
822 14024.0
823 14024.0
824 14024.0
825 14024.0
826 14024.0
827 14024.0
828 14024.0
829 14024.0
830 14024.0
831 14024.0
832 14024.0
833 14024.0
834 14024.0
835 14024.0
836 14024.0
837 14024.0
838 14024.0
839 14024.0
840 14024.0
841 14024.0
842 14024.0
843 14024.0
844 14024.0
845 14024.0
846 14024.0
847 14024.0
848 14024.0
849 14024.0
850 14024.0
851 14024.0
852 14024.0
853 14024.0
854 14024.0
855 14024.0
856 14024.0
857 14024.0
858 14024.0
859 14024.0
860 14024.0
861 14024.0
862 14024.0
863 14024.0
864 14024.0
865 14024.0
866 14024.0
867 14024.0
868 14024.0
869 14024.0
870 14024.0
871 14024.0
872 14024.0
873 14024.0
874 14024.0
875 14024.0
876 14024.0
877 14024.0
878 14024.0
879 14024.0
880 14024.0
881 14024.0
882 14024.0
883 14024.0
884 14024.0
885 14024.0
886 14024.0
887 14024.0
888 14024.0
889 14024.0
890 14024.0
891 14024.0
892 14024.0
893 14024.0
894 14024.0
895 14024.0
896 14024.0
897 14024.0
898 14024.0
899 14024.0
900 14024.0
901 14024.0
902 14024.0
903 14024.0
904 14024.0
905 14024.0
906 14024.0
907 14024.0
908 14024.0
909 14024.0
910 14024.0
911 14024.0
912 14024.0
913 14024.0
914 14024.0
915 14024.0
916 14024.0
917 14024.0
918 14024.0
919 14024.0
920 14024.0
921 14024.0
922 14024.0
923 14024.0
924 14024.0
925 14024.0
926 14024.0
927 14024.0
928 14024.0
929 14024.0
930 14024.0
931 14024.0
932 14024.0
933 14024.0
934 14024.0
935 14024.0
936 14024.0
937 14024.0
938 14024.0
939 14024.0
940 14024.0
941 14024.0
942 14024.0
943 14024.0
944 14024.0
945 14024.0
946 14024.0
947 14024.0
948 14024.0
949 14024.0
950 14024.0
951 14024.0
952 14024.0
953 14024.0
954 14024.0
955 14024.0
956 14024.0
957 14024.0
958 14024.0
959 14024.0
960 14024.0
961 14024.0
962 14024.0
963 14024.0
964 14024.0
965 14024.0
966 14024.0
967 14024.0
968 14024.0
969 14024.0
970 14024.0
971 14024.0
972 14024.0
973 14024.0
974 14024.0
975 14024.0
976 14024.0
977 14024.0
978 14024.0
979 14024.0
980 14024.0
981 14024.0
982 14024.0
983 14024.0
984 14024.0
985 14024.0
986 14024.0
987 14024.0
988 14024.0
989 14024.0
990 14024.0
991 14024.0
992 14024.0
993 14024.0
994 14024.0
995 14024.0
996 14024.0
997 14024.0
998 14024.0
999 14024.0
1000 14024.0
