0 5408.0
1 5705.0
2 6583.0
3 6537.0
4 7462.0
5 7590.0
6 8244.0
7 9114.0
8 9114.0
9 9246.0
10 9762.0
11 10328.0
12 10719.0
13 10719.0
14 10719.0
15 11009.0
16 12009.0
17 12009.0
18 11612.0
19 11679.0
20 11898.0
21 11918.0
22 12235.0
23 12245.0
24 12581.0
25 12507.0
26 12465.0
27 12686.0
28 12720.0
29 12611.0
30 12865.0
31 12865.0
32 12865.0
33 12839.0
34 12839.0
35 13119.0
36 12964.0
37 12964.0
38 12881.0
39 13038.0
40 13286.0
41 13286.0
42 13242.0
43 13215.0
44 13215.0
45 13131.0
46 13388.0
47 13388.0
48 13512.0
49 13512.0
50 13403.0
51 13403.0
52 13274.0
53 13456.0
54 13471.0
55 13479.0
56 13818.0
57 13643.0
58 13643.0
59 13671.0
60 13729.0
61 13708.0
62 13721.0
63 13850.0
64 13850.0
65 13850.0
66 13850.0
67 13875.0
68 13875.0
69 13922.0
70 13922.0
71 13907.0
72 14106.0
73 14106.0
74 14106.0
75 13986.0
76 13986.0
77 14045.0
78 14045.0
79 14045.0
80 13999.0
81 13989.0
82 14026.0
83 14026.0
84 14026.0
85 14026.0
86 14026.0
87 14026.0
88 14026.0
89 14026.0
90 14070.0
91 14030.0
92 14074.0
93 14074.0
94 14074.0
95 14079.0
96 14079.0
97 14074.0
98 14030.0
99 14030.0
100 14030.0
101 14035.0
102 14035.0
103 14035.0
104 14035.0
105 14035.0
106 14035.0
107 14035.0
108 14035.0
109 14035.0
110 14035.0
111 14035.0
112 14035.0
113 14035.0
114 14035.0
115 14035.0
116 14035.0
117 14035.0
118 14035.0
119 14035.0
120 14035.0
121 14035.0
122 14035.0
123 14035.0
124 14035.0
125 14035.0
126 14035.0
127 14035.0
128 14035.0
129 14035.0
130 14035.0
131 14035.0
132 14035.0
133 14045.0
134 14035.0
135 14035.0
136 14035.0
137 14035.0
138 14035.0
139 14035.0
140 14035.0
141 14035.0
142 14035.0
143 14035.0
144 14035.0
145 14035.0
146 14035.0
147 14035.0
148 14035.0
149 14035.0
150 14035.0
151 14035.0
152 14035.0
153 14035.0
154 14035.0
155 14035.0
156 14035.0
157 14035.0
158 14035.0
159 14035.0
160 14035.0
161 14035.0
162 14035.0
163 14035.0
164 14035.0
165 14035.0
166 14035.0
167 14035.0
168 14035.0
169 14044.0
170 14044.0
171 14044.0
172 14035.0
173 14035.0
174 14035.0
175 14035.0
176 14035.0
177 14035.0
178 14035.0
179 14035.0
180 14035.0
181 14035.0
182 14035.0
183 14035.0
184 14035.0
185 14035.0
186 14035.0
187 14035.0
188 14035.0
189 14043.0
190 14043.0
191 14043.0
192 14052.0
193 14052.0
194 14052.0
195 14052.0
196 14052.0
197 14052.0
198 14052.0
199 14052.0
200 14052.0
201 14052.0
202 14052.0
203 14052.0
204 14052.0
205 14052.0
206 14052.0
207 14052.0
208 14052.0
209 14052.0
210 14052.0
211 14052.0
212 14052.0
213 14077.0
214 14077.0
215 14077.0
216 14077.0
217 14079.0
218 14079.0
219 14079.0
220 14079.0
221 14079.0
222 14079.0
223 14079.0
224 14079.0
225 14079.0
226 14079.0
227 14079.0
228 14079.0
229 14079.0
230 14079.0
231 14079.0
232 14079.0
233 14079.0
234 14079.0
235 14079.0
236 14079.0
237 14079.0
238 14079.0
239 14079.0
240 14079.0
241 14079.0
242 14079.0
243 14079.0
244 14079.0
245 14079.0
246 14079.0
247 14079.0
248 14079.0
249 14079.0
250 14079.0
251 14079.0
252 14081.0
253 14081.0
254 14081.0
255 14081.0
256 14079.0
257 14079.0
258 14079.0
259 14079.0
260 14079.0
261 14079.0
262 14079.0
263 14079.0
264 14079.0
265 14079.0
266 14079.0
267 14079.0
268 14079.0
269 14079.0
270 14079.0
271 14079.0
272 14079.0
273 14079.0
274 14079.0
275 14079.0
276 14079.0
277 14079.0
278 14081.0
279 14079.0
280 14079.0
281 14079.0
282 14079.0
283 14079.0
284 14079.0
285 14079.0
286 14079.0
287 14079.0
288 14079.0
289 14079.0
290 14079.0
291 14079.0
292 14079.0
293 14079.0
294 14079.0
295 14079.0
296 14079.0
297 14079.0
298 14079.0
299 14079.0
300 14079.0
301 14079.0
302 14079.0
303 14079.0
304 14079.0
305 14079.0
306 14079.0
307 14079.0
308 14079.0
309 14079.0
310 14079.0
311 14079.0
312 14079.0
313 14079.0
314 14079.0
315 14079.0
316 14079.0
317 14079.0
318 14079.0
319 14079.0
320 14079.0
321 14079.0
322 14079.0
323 14079.0
324 14079.0
325 14079.0
326 14079.0
327 14079.0
328 14079.0
329 14079.0
330 14079.0
331 14079.0
332 14079.0
333 14079.0
334 14079.0
335 14079.0
336 14079.0
337 14079.0
338 14079.0
339 14079.0
340 14079.0
341 14079.0
342 14079.0
343 14079.0
344 14079.0
345 14079.0
346 14079.0
347 14079.0
348 14079.0
349 14079.0
350 14079.0
351 14079.0
352 14079.0
353 14079.0
354 14079.0
355 14079.0
356 14079.0
357 14079.0
358 14079.0
359 14079.0
360 14079.0
361 14079.0
362 14079.0
363 14079.0
364 14079.0
365 14079.0
366 14079.0
367 14079.0
368 14081.0
369 14081.0
370 14081.0
371 14081.0
372 14081.0
373 14081.0
374 14081.0
375 14081.0
376 14081.0
377 14079.0
378 14079.0
379 14079.0
380 14079.0
381 14079.0
382 14079.0
383 14079.0
384 14079.0
385 14079.0
386 14079.0
387 14079.0
388 14079.0
389 14079.0
390 14079.0
391 14079.0
392 14079.0
393 14079.0
394 14079.0
395 14079.0
396 14079.0
397 14079.0
398 14079.0
399 14079.0
400 14079.0
401 14079.0
402 14079.0
403 14079.0
404 14079.0
405 14079.0
406 14079.0
407 14079.0
408 14079.0
409 14079.0
410 14079.0
411 14079.0
412 14079.0
413 14079.0
414 14079.0
415 14079.0
416 14079.0
417 14079.0
418 14079.0
419 14079.0
420 14079.0
421 14079.0
422 14079.0
423 14079.0
424 14079.0
425 14079.0
426 14079.0
427 14079.0
428 14079.0
429 14079.0
430 14079.0
431 14079.0
432 14079.0
433 14079.0
434 14079.0
435 14079.0
436 14079.0
437 14079.0
438 14079.0
439 14079.0
440 14079.0
441 14079.0
442 14079.0
443 14079.0
444 14079.0
445 14079.0
446 14079.0
447 14079.0
448 14079.0
449 14079.0
450 14079.0
451 14079.0
452 14079.0
453 14079.0
454 14079.0
455 14079.0
456 14079.0
457 14079.0
458 14079.0
459 14079.0
460 14079.0
461 14079.0
462 14079.0
463 14079.0
464 14079.0
465 14079.0
466 14079.0
467 14079.0
468 14079.0
469 14079.0
470 14079.0
471 14079.0
472 14079.0
473 14079.0
474 14079.0
475 14079.0
476 14079.0
477 14079.0
478 14079.0
479 14079.0
480 14079.0
481 14079.0
482 14079.0
483 14079.0
484 14079.0
485 14079.0
486 14079.0
487 14079.0
488 14079.0
489 14079.0
490 14079.0
491 14079.0
492 14079.0
493 14079.0
494 14079.0
495 14079.0
496 14079.0
497 14079.0
498 14079.0
499 14079.0
500 14079.0
501 14079.0
502 14079.0
503 14079.0
504 14079.0
505 14079.0
506 14079.0
507 14079.0
508 14079.0
509 14079.0
510 14079.0
511 14079.0
512 14079.0
513 14079.0
514 14079.0
515 14079.0
516 14079.0
517 14079.0
518 14079.0
519 14079.0
520 14079.0
521 14079.0
522 14079.0
523 14079.0
524 14079.0
525 14079.0
526 14079.0
527 14079.0
528 14079.0
529 14079.0
530 14079.0
531 14079.0
532 14079.0
533 14079.0
534 14079.0
535 14079.0
536 14079.0
537 14079.0
538 14079.0
539 14079.0
540 14079.0
541 14081.0
542 14081.0
543 14081.0
544 14079.0
545 14079.0
546 14079.0
547 14079.0
548 14079.0
549 14079.0
550 14079.0
551 14079.0
552 14079.0
553 14079.0
554 14079.0
555 14079.0
556 14079.0
557 14079.0
558 14079.0
559 14079.0
560 14079.0
561 14079.0
562 14079.0
563 14079.0
564 14079.0
565 14079.0
566 14079.0
567 14079.0
568 14079.0
569 14079.0
570 14079.0
571 14079.0
572 14079.0
573 14079.0
574 14079.0
575 14079.0
576 14079.0
577 14079.0
578 14079.0
579 14079.0
580 14079.0
581 14079.0
582 14079.0
583 14079.0
584 14079.0
585 14079.0
586 14079.0
587 14079.0
588 14079.0
589 14079.0
590 14079.0
591 14079.0
592 14079.0
593 14079.0
594 14079.0
595 14079.0
596 14079.0
597 14079.0
598 14079.0
599 14079.0
600 14079.0
601 14079.0
602 14079.0
603 14079.0
604 14079.0
605 14079.0
606 14079.0
607 14079.0
608 14079.0
609 14079.0
610 14079.0
611 14079.0
612 14079.0
613 14079.0
614 14079.0
615 14079.0
616 14079.0
617 14079.0
618 14079.0
619 14079.0
620 14079.0
621 14079.0
622 14079.0
623 14079.0
624 14079.0
625 14079.0
626 14079.0
627 14079.0
628 14079.0
629 14079.0
630 14079.0
631 14079.0
632 14079.0
633 14079.0
634 14079.0
635 14079.0
636 14079.0
637 14079.0
638 14079.0
639 14079.0
640 14079.0
641 14079.0
642 14079.0
643 14079.0
644 14079.0
645 14081.0
646 14081.0
647 14081.0
648 14081.0
649 14081.0
650 14081.0
651 14081.0
652 14081.0
653 14081.0
654 14081.0
655 14081.0
656 14081.0
657 14081.0
658 14081.0
659 14081.0
660 14081.0
661 14081.0
662 14081.0
663 14081.0
664 14081.0
665 14081.0
666 14081.0
667 14081.0
668 14079.0
669 14079.0
670 14079.0
671 14079.0
672 14079.0
673 14079.0
674 14079.0
675 14079.0
676 14079.0
677 14079.0
678 14079.0
679 14079.0
680 14079.0
681 14079.0
682 14079.0
683 14079.0
684 14079.0
685 14079.0
686 14079.0
687 14079.0
688 14079.0
689 14079.0
690 14079.0
691 14079.0
692 14079.0
693 14079.0
694 14079.0
695 14079.0
696 14079.0
697 14079.0
698 14079.0
699 14079.0
700 14079.0
701 14079.0
702 14079.0
703 14079.0
704 14079.0
705 14079.0
706 14079.0
707 14079.0
708 14079.0
709 14079.0
710 14079.0
711 14079.0
712 14079.0
713 14079.0
714 14079.0
715 14079.0
716 14079.0
717 14079.0
718 14079.0
719 14079.0
720 14079.0
721 14079.0
722 14079.0
723 14079.0
724 14079.0
725 14079.0
726 14079.0
727 14079.0
728 14079.0
729 14079.0
730 14079.0
731 14079.0
732 14079.0
733 14079.0
734 14079.0
735 14079.0
736 14079.0
737 14079.0
738 14079.0
739 14079.0
740 14079.0
741 14079.0
742 14079.0
743 14079.0
744 14079.0
745 14079.0
746 14079.0
747 14079.0
748 14079.0
749 14079.0
750 14079.0
751 14079.0
752 14079.0
753 14079.0
754 14079.0
755 14079.0
756 14079.0
757 14079.0
758 14079.0
759 14079.0
760 14079.0
761 14079.0
762 14079.0
763 14079.0
764 14079.0
765 14079.0
766 14079.0
767 14079.0
768 14079.0
769 14079.0
770 14079.0
771 14079.0
772 14079.0
773 14079.0
774 14079.0
775 14079.0
776 14079.0
777 14079.0
778 14079.0
779 14079.0
780 14079.0
781 14079.0
782 14079.0
783 14079.0
784 14079.0
785 14079.0
786 14079.0
787 14079.0
788 14079.0
789 14079.0
790 14079.0
791 14079.0
792 14079.0
793 14079.0
794 14079.0
795 14081.0
796 14081.0
797 14081.0
798 14081.0
799 14079.0
800 14079.0
801 14079.0
802 14079.0
803 14079.0
804 14079.0
805 14079.0
806 14079.0
807 14079.0
808 14079.0
809 14079.0
810 14079.0
811 14079.0
812 14079.0
813 14079.0
814 14079.0
815 14079.0
816 14079.0
817 14079.0
818 14079.0
819 14079.0
820 14079.0
821 14079.0
822 14079.0
823 14079.0
824 14079.0
825 14079.0
826 14079.0
827 14079.0
828 14079.0
829 14079.0
830 14079.0
831 14079.0
832 14079.0
833 14079.0
834 14079.0
835 14079.0
836 14079.0
837 14079.0
838 14079.0
839 14079.0
840 14079.0
841 14079.0
842 14079.0
843 14079.0
844 14079.0
845 14079.0
846 14079.0
847 14079.0
848 14079.0
849 14079.0
850 14079.0
851 14079.0
852 14079.0
853 14079.0
854 14079.0
855 14079.0
856 14079.0
857 14079.0
858 14079.0
859 14079.0
860 14079.0
861 14079.0
862 14079.0
863 14079.0
864 14079.0
865 14079.0
866 14079.0
867 14079.0
868 14079.0
869 14079.0
870 14079.0
871 14079.0
872 14079.0
873 14079.0
874 14079.0
875 14079.0
876 14079.0
877 14079.0
878 14079.0
879 14079.0
880 14079.0
881 14079.0
882 14079.0
883 14079.0
884 14079.0
885 14079.0
886 14079.0
887 14079.0
888 14079.0
889 14079.0
890 14079.0
891 14079.0
892 14079.0
893 14079.0
894 14079.0
895 14079.0
896 14079.0
897 14079.0
898 14079.0
899 14079.0
900 14079.0
901 14079.0
902 14079.0
903 14079.0
904 14079.0
905 14079.0
906 14079.0
907 14079.0
908 14079.0
909 14079.0
910 14079.0
911 14079.0
912 14079.0
913 14079.0
914 14079.0
915 14079.0
916 14079.0
917 14079.0
918 14079.0
919 14079.0
920 14079.0
921 14079.0
922 14079.0
923 14079.0
924 14079.0
925 14079.0
926 14079.0
927 14079.0
928 14079.0
929 14079.0
930 14079.0
931 14079.0
932 14079.0
933 14079.0
934 14079.0
935 14079.0
936 14079.0
937 14079.0
938 14079.0
939 14079.0
940 14079.0
941 14079.0
942 14079.0
943 14079.0
944 14079.0
945 14079.0
946 14079.0
947 14079.0
948 14079.0
949 14079.0
950 14079.0
951 14079.0
952 14079.0
953 14079.0
954 14079.0
955 14079.0
956 14079.0
957 14079.0
958 14079.0
959 14079.0
960 14079.0
961 14079.0
962 14079.0
963 14079.0
964 14079.0
965 14079.0
966 14079.0
967 14079.0
968 14079.0
969 14079.0
970 14079.0
971 14079.0
972 14079.0
973 14079.0
974 14079.0
975 14079.0
976 14079.0
977 14079.0
978 14079.0
979 14079.0
980 14079.0
981 14079.0
982 14079.0
983 14079.0
984 14079.0
985 14079.0
986 14079.0
987 14079.0
988 14079.0
989 14079.0
990 14079.0
991 14079.0
992 14079.0
993 14079.0
994 14079.0
995 14079.0
996 14079.0
997 14079.0
998 14079.0
999 14079.0
1000 14079.0
