0 5381.0
1 5771.0
2 6349.0
3 6662.0
4 7486.0
5 7767.0
6 8168.0
7 8961.0
8 8961.0
9 9362.0
10 9449.0
11 9661.0
12 10036.0
13 10076.0
14 10601.0
15 10944.0
16 11135.0
17 11764.0
18 11788.0
19 11681.0
20 11774.0
21 11945.0
22 12082.0
23 12082.0
24 12777.0
25 12777.0
26 12777.0
27 12777.0
28 12777.0
29 12869.0
30 12717.0
31 12713.0
32 12721.0
33 12766.0
34 13144.0
35 13144.0
36 13144.0
37 13144.0
38 13251.0
39 13562.0
40 13562.0
41 13562.0
42 13562.0
43 13562.0
44 13562.0
45 13314.0
46 13338.0
47 13345.0
48 13519.0
49 13519.0
50 13359.0
51 13526.0
52 13606.0
53 13606.0
54 13583.0
55 13727.0
56 13727.0
57 13715.0
58 13763.0
59 13893.0
60 13910.0
61 13954.0
62 13954.0
63 13926.0
64 14006.0
65 14006.0
66 14006.0
67 14006.0
68 14006.0
69 13993.0
70 13982.0
71 13996.0
72 14012.0
73 14009.0
74 14009.0
75 14006.0
76 14011.0
77 14017.0
78 14017.0
79 14022.0
80 14017.0
81 14018.0
82 14024.0
83 14024.0
84 14029.0
85 14029.0
86 14029.0
87 14029.0
88 14029.0
89 14029.0
90 14029.0
91 14029.0
92 14029.0
93 14029.0
94 14029.0
95 14029.0
96 14029.0
97 14029.0
98 14029.0
99 14029.0
100 14029.0
101 14029.0
102 14029.0
103 14029.0
104 14029.0
105 14029.0
106 14029.0
107 14029.0
108 14029.0
109 14029.0
110 14029.0
111 14029.0
112 14029.0
113 14029.0
114 14029.0
115 14029.0
116 14029.0
117 14029.0
118 14029.0
119 14029.0
120 14029.0
121 14029.0
122 14029.0
123 14029.0
124 14029.0
125 14029.0
126 14029.0
127 14029.0
128 14029.0
129 14029.0
130 14029.0
131 14029.0
132 14029.0
133 14029.0
134 14029.0
135 14029.0
136 14029.0
137 14029.0
138 14029.0
139 14029.0
140 14029.0
141 14029.0
142 14029.0
143 14029.0
144 14029.0
145 14029.0
146 14029.0
147 14029.0
148 14029.0
149 14029.0
150 14029.0
151 14029.0
152 14029.0
153 14029.0
154 14029.0
155 14029.0
156 14029.0
157 14029.0
158 14029.0
159 14029.0
160 14029.0
161 14029.0
162 14029.0
163 14029.0
164 14029.0
165 14029.0
166 14029.0
167 14029.0
168 14029.0
169 14029.0
170 14029.0
171 14029.0
172 14029.0
173 14029.0
174 14029.0
175 14029.0
176 14029.0
177 14029.0
178 14029.0
179 14029.0
180 14029.0
181 14029.0
182 14029.0
183 14029.0
184 14029.0
185 14029.0
186 14029.0
187 14029.0
188 14029.0
189 14029.0
190 14029.0
191 14029.0
192 14029.0
193 14029.0
194 14029.0
195 14029.0
196 14029.0
197 14029.0
198 14029.0
199 14029.0
200 14029.0
201 14029.0
202 14029.0
203 14029.0
204 14029.0
205 14029.0
206 14029.0
207 14029.0
208 14029.0
209 14029.0
210 14029.0
211 14029.0
212 14029.0
213 14029.0
214 14029.0
215 14029.0
216 14029.0
217 14029.0
218 14029.0
219 14029.0
220 14029.0
221 14029.0
222 14029.0
223 14029.0
224 14029.0
225 14029.0
226 14029.0
227 14029.0
228 14029.0
229 14029.0
230 14029.0
231 14029.0
232 14029.0
233 14029.0
234 14029.0
235 14029.0
236 14029.0
237 14029.0
238 14029.0
239 14029.0
240 14029.0
241 14029.0
242 14029.0
243 14029.0
244 14029.0
245 14029.0
246 14029.0
247 14029.0
248 14029.0
249 14029.0
250 14029.0
251 14029.0
252 14029.0
253 14029.0
254 14029.0
255 14029.0
256 14029.0
257 14029.0
258 14029.0
259 14029.0
260 14029.0
261 14029.0
262 14029.0
263 14029.0
264 14029.0
265 14029.0
266 14029.0
267 14029.0
268 14029.0
269 14029.0
270 14029.0
271 14029.0
272 14029.0
273 14029.0
274 14029.0
275 14029.0
276 14029.0
277 14029.0
278 14029.0
279 14029.0
280 14029.0
281 14029.0
282 14029.0
283 14029.0
284 14029.0
285 14029.0
286 14029.0
287 14029.0
288 14029.0
289 14029.0
290 14029.0
291 14029.0
292 14029.0
293 14029.0
294 14029.0
295 14029.0
296 14029.0
297 14029.0
298 14029.0
299 14029.0
300 14029.0
301 14029.0
302 14029.0
303 14029.0
304 14029.0
305 14029.0
306 14029.0
307 14029.0
308 14029.0
309 14029.0
310 14029.0
311 14029.0
312 14029.0
313 14029.0
314 14029.0
315 14029.0
316 14029.0
317 14029.0
318 14029.0
319 14029.0
320 14029.0
321 14029.0
322 14029.0
323 14029.0
324 14029.0
325 14029.0
326 14029.0
327 14029.0
328 14029.0
329 14029.0
330 14029.0
331 14029.0
332 14029.0
333 14029.0
334 14029.0
335 14029.0
336 14029.0
337 14029.0
338 14029.0
339 14029.0
340 14029.0
341 14029.0
342 14029.0
343 14029.0
344 14029.0
345 14029.0
346 14029.0
347 14029.0
348 14029.0
349 14031.0
350 14029.0
351 14029.0
352 14029.0
353 14029.0
354 14029.0
355 14029.0
356 14029.0
357 14029.0
358 14029.0
359 14029.0
360 14029.0
361 14029.0
362 14029.0
363 14029.0
364 14029.0
365 14029.0
366 14029.0
367 14029.0
368 14029.0
369 14029.0
370 14029.0
371 14029.0
372 14029.0
373 14029.0
374 14029.0
375 14029.0
376 14029.0
377 14029.0
378 14029.0
379 14029.0
380 14029.0
381 14029.0
382 14029.0
383 14029.0
384 14029.0
385 14029.0
386 14029.0
387 14029.0
388 14029.0
389 14029.0
390 14029.0
391 14029.0
392 14029.0
393 14029.0
394 14029.0
395 14029.0
396 14029.0
397 14029.0
398 14029.0
399 14029.0
400 14029.0
401 14029.0
402 14029.0
403 14029.0
404 14029.0
405 14029.0
406 14029.0
407 14029.0
408 14029.0
409 14029.0
410 14029.0
411 14029.0
412 14029.0
413 14029.0
414 14029.0
415 14029.0
416 14029.0
417 14029.0
418 14029.0
419 14029.0
420 14029.0
421 14029.0
422 14029.0
423 14029.0
424 14029.0
425 14029.0
426 14029.0
427 14029.0
428 14029.0
429 14029.0
430 14029.0
431 14029.0
432 14029.0
433 14029.0
434 14029.0
435 14029.0
436 14029.0
437 14029.0
438 14029.0
439 14029.0
440 14029.0
441 14029.0
442 14029.0
443 14029.0
444 14029.0
445 14029.0
446 14029.0
447 14029.0
448 14029.0
449 14029.0
450 14029.0
451 14029.0
452 14029.0
453 14029.0
454 14029.0
455 14029.0
456 14029.0
457 14029.0
458 14029.0
459 14029.0
460 14029.0
461 14029.0
462 14029.0
463 14029.0
464 14029.0
465 14029.0
466 14029.0
467 14029.0
468 14029.0
469 14029.0
470 14029.0
471 14031.0
472 14029.0
473 14029.0
474 14029.0
475 14029.0
476 14029.0
477 14029.0
478 14029.0
479 14029.0
480 14029.0
481 14029.0
482 14029.0
483 14029.0
484 14029.0
485 14029.0
486 14029.0
487 14029.0
488 14029.0
489 14029.0
490 14029.0
491 14029.0
492 14029.0
493 14029.0
494 14029.0
495 14029.0
496 14029.0
497 14029.0
498 14029.0
499 14029.0
500 14029.0
501 14029.0
502 14029.0
503 14029.0
504 14029.0
505 14029.0
506 14029.0
507 14029.0
508 14029.0
509 14029.0
510 14029.0
511 14029.0
512 14029.0
513 14029.0
514 14029.0
515 14029.0
516 14058.0
517 14058.0
518 14058.0
519 14029.0
520 14029.0
521 14029.0
522 14029.0
523 14029.0
524 14029.0
525 14029.0
526 14029.0
527 14029.0
528 14029.0
529 14029.0
530 14029.0
531 14029.0
532 14029.0
533 14029.0
534 14029.0
535 14029.0
536 14029.0
537 14029.0
538 14029.0
539 14029.0
540 14029.0
541 14029.0
542 14029.0
543 14029.0
544 14029.0
545 14029.0
546 14029.0
547 14029.0
548 14029.0
549 14029.0
550 14029.0
551 14029.0
552 14029.0
553 14029.0
554 14029.0
555 14029.0
556 14029.0
557 14029.0
558 14029.0
559 14029.0
560 14029.0
561 14029.0
562 14029.0
563 14029.0
564 14029.0
565 14029.0
566 14029.0
567 14029.0
568 14029.0
569 14029.0
570 14029.0
571 14029.0
572 14029.0
573 14029.0
574 14029.0
575 14029.0
576 14029.0
577 14029.0
578 14029.0
579 14029.0
580 14029.0
581 14029.0
582 14031.0
583 14031.0
584 14031.0
585 14031.0
586 14029.0
587 14029.0
588 14029.0
589 14029.0
590 14029.0
591 14029.0
592 14029.0
593 14029.0
594 14029.0
595 14029.0
596 14029.0
597 14029.0
598 14029.0
599 14029.0
600 14029.0
601 14029.0
602 14029.0
603 14029.0
604 14029.0
605 14029.0
606 14029.0
607 14029.0
608 14029.0
609 14029.0
610 14029.0
611 14029.0
612 14029.0
613 14029.0
614 14029.0
615 14029.0
616 14029.0
617 14029.0
618 14029.0
619 14029.0
620 14029.0
621 14029.0
622 14029.0
623 14029.0
624 14029.0
625 14029.0
626 14063.0
627 14029.0
628 14029.0
629 14029.0
630 14029.0
631 14029.0
632 14029.0
633 14029.0
634 14029.0
635 14029.0
636 14029.0
637 14029.0
638 14029.0
639 14029.0
640 14029.0
641 14029.0
642 14029.0
643 14029.0
644 14029.0
645 14029.0
646 14029.0
647 14029.0
648 14029.0
649 14029.0
650 14029.0
651 14029.0
652 14029.0
653 14029.0
654 14029.0
655 14029.0
656 14029.0
657 14029.0
658 14029.0
659 14029.0
660 14029.0
661 14029.0
662 14029.0
663 14029.0
664 14029.0
665 14029.0
666 14029.0
667 14029.0
668 14029.0
669 14029.0
670 14029.0
671 14040.0
672 14040.0
673 14040.0
674 14040.0
675 14029.0
676 14029.0
677 14029.0
678 14029.0
679 14029.0
680 14029.0
681 14029.0
682 14029.0
683 14029.0
684 14029.0
685 14029.0
686 14029.0
687 14029.0
688 14029.0
689 14029.0
690 14029.0
691 14029.0
692 14029.0
693 14029.0
694 14029.0
695 14029.0
696 14029.0
697 14029.0
698 14029.0
699 14029.0
700 14029.0
701 14029.0
702 14029.0
703 14029.0
704 14029.0
705 14029.0
706 14029.0
707 14029.0
708 14029.0
709 14046.0
710 14046.0
711 14046.0
712 14029.0
713 14029.0
714 14029.0
715 14029.0
716 14029.0
717 14029.0
718 14029.0
719 14029.0
720 14029.0
721 14029.0
722 14029.0
723 14029.0
724 14029.0
725 14029.0
726 14029.0
727 14029.0
728 14031.0
729 14031.0
730 14029.0
731 14029.0
732 14029.0
733 14029.0
734 14029.0
735 14029.0
736 14029.0
737 14029.0
738 14029.0
739 14029.0
740 14029.0
741 14029.0
742 14029.0
743 14029.0
744 14029.0
745 14029.0
746 14029.0
747 14029.0
748 14029.0
749 14029.0
750 14029.0
751 14029.0
752 14029.0
753 14029.0
754 14029.0
755 14029.0
756 14029.0
757 14029.0
758 14029.0
759 14029.0
760 14029.0
761 14029.0
762 14029.0
763 14029.0
764 14029.0
765 14029.0
766 14029.0
767 14029.0
768 14029.0
769 14029.0
770 14029.0
771 14029.0
772 14029.0
773 14029.0
774 14029.0
775 14029.0
776 14029.0
777 14029.0
778 14029.0
779 14029.0
780 14029.0
781 14029.0
782 14029.0
783 14029.0
784 14029.0
785 14029.0
786 14031.0
787 14031.0
788 14031.0
789 14031.0
790 14031.0
791 14031.0
792 14031.0
793 14031.0
794 14031.0
795 14031.0
796 14031.0
797 14031.0
798 14031.0
799 14031.0
800 14031.0
801 14031.0
802 14031.0
803 14031.0
804 14031.0
805 14031.0
806 14031.0
807 14031.0
808 14031.0
809 14031.0
810 14031.0
811 14031.0
812 14031.0
813 14031.0
814 14031.0
815 14031.0
816 14031.0
817 14031.0
818 14031.0
819 14031.0
820 14031.0
821 14031.0
822 14031.0
823 14031.0
824 14031.0
825 14031.0
826 14031.0
827 14031.0
828 14031.0
829 14031.0
830 14031.0
831 14031.0
832 14031.0
833 14031.0
834 14031.0
835 14031.0
836 14031.0
837 14031.0
838 14031.0
839 14031.0
840 14031.0
841 14031.0
842 14031.0
843 14031.0
844 14031.0
845 14031.0
846 14031.0
847 14031.0
848 14031.0
849 14031.0
850 14031.0
851 14031.0
852 14031.0
853 14031.0
854 14031.0
855 14031.0
856 14031.0
857 14031.0
858 14031.0
859 14031.0
860 14031.0
861 14031.0
862 14031.0
863 14031.0
864 14031.0
865 14031.0
866 14031.0
867 14031.0
868 14031.0
869 14031.0
870 14031.0
871 14031.0
872 14031.0
873 14031.0
874 14031.0
875 14031.0
876 14031.0
877 14031.0
878 14031.0
879 14031.0
880 14031.0
881 14031.0
882 14031.0
883 14031.0
884 14031.0
885 14031.0
886 14031.0
887 14031.0
888 14031.0
889 14031.0
890 14031.0
891 14031.0
892 14031.0
893 14031.0
894 14031.0
895 14031.0
896 14031.0
897 14031.0
898 14031.0
899 14031.0
900 14031.0
901 14031.0
902 14031.0
903 14031.0
904 14031.0
905 14031.0
906 14031.0
907 14031.0
908 14031.0
909 14031.0
910 14031.0
911 14031.0
912 14031.0
913 14031.0
914 14031.0
915 14031.0
916 14031.0
917 14031.0
918 14031.0
919 14031.0
920 14031.0
921 14031.0
922 14031.0
923 14031.0
924 14031.0
925 14031.0
926 14031.0
927 14031.0
928 14031.0
929 14031.0
930 14031.0
931 14031.0
932 14031.0
933 14031.0
934 14031.0
935 14031.0
936 14031.0
937 14031.0
938 14031.0
939 14031.0
940 14031.0
941 14031.0
942 14037.0
943 14037.0
944 14031.0
945 14031.0
946 14031.0
947 14031.0
948 14031.0
949 14031.0
950 14031.0
951 14031.0
952 14031.0
953 14031.0
954 14031.0
955 14031.0
956 14031.0
957 14031.0
958 14031.0
959 14031.0
960 14031.0
961 14031.0
962 14031.0
963 14031.0
964 14031.0
965 14031.0
966 14031.0
967 14031.0
968 14031.0
969 14031.0
970 14031.0
971 14031.0
972 14031.0
973 14031.0
974 14031.0
975 14031.0
976 14031.0
977 14031.0
978 14031.0
979 14031.0
980 14031.0
981 14031.0
982 14031.0
983 14031.0
984 14031.0
985 14031.0
986 14065.0
987 14031.0
988 14031.0
989 14031.0
990 14031.0
991 14031.0
992 14031.0
993 14031.0
994 14031.0
995 14031.0
996 14031.0
997 14031.0
998 14031.0
999 14031.0
1000 14031.0
