0 4953.0
1 5755.0
2 6041.0
3 6840.0
4 7465.0
5 7646.0
6 7910.0
7 8432.0
8 8920.0
9 9297.0
10 9591.0
11 10222.0
12 10309.0
13 10699.0
14 11122.0
15 11122.0
16 11240.0
17 11489.0
18 11762.0
19 11762.0
20 11762.0
21 12154.0
22 12243.0
23 12393.0
24 12393.0
25 12429.0
26 12709.0
27 12551.0
28 12551.0
29 12704.0
30 12963.0
31 12803.0
32 13009.0
33 13009.0
34 13074.0
35 13074.0
36 13092.0
37 13294.0
38 13294.0
39 13294.0
40 13087.0
41 13118.0
42 13352.0
43 13118.0
44 13163.0
45 13285.0
46 13274.0
47 13362.0
48 13362.0
49 13555.0
50 13555.0
51 13649.0
52 13508.0
53 13482.0
54 13479.0
55 13569.0
56 13645.0
57 13645.0
58 13713.0
59 13713.0
60 13695.0
61 13695.0
62 13695.0
63 13695.0
64 13807.0
65 13828.0
66 13790.0
67 13758.0
68 13759.0
69 13823.0
70 13823.0
71 13863.0
72 13863.0
73 13863.0
74 13918.0
75 13996.0
76 13996.0
77 13996.0
78 13996.0
79 13984.0
80 13996.0
81 13996.0
82 13996.0
83 13996.0
84 13996.0
85 13998.0
86 13998.0
87 13998.0
88 13998.0
89 14001.0
90 14001.0
91 14001.0
92 14009.0
93 14012.0
94 14001.0
95 14002.0
96 14002.0
97 14002.0
98 14025.0
99 14025.0
100 14002.0
101 14002.0
102 14002.0
103 14002.0
104 14002.0
105 14002.0
106 14002.0
107 14002.0
108 14002.0
109 14002.0
110 14002.0
111 14002.0
112 14002.0
113 14002.0
114 14002.0
115 14002.0
116 14002.0
117 14002.0
118 14002.0
119 14002.0
120 14002.0
121 14020.0
122 14002.0
123 14002.0
124 14002.0
125 14002.0
126 14025.0
127 14025.0
128 14002.0
129 14002.0
130 14002.0
131 14002.0
132 14002.0
133 14002.0
134 14002.0
135 14002.0
136 14010.0
137 14010.0
138 14010.0
139 14025.0
140 14010.0
141 14010.0
142 14010.0
143 14010.0
144 14043.0
145 14043.0
146 14010.0
147 14010.0
148 14010.0
149 14010.0
150 14010.0
151 14010.0
152 14010.0
153 14010.0
154 14010.0
155 14010.0
156 14010.0
157 14010.0
158 14010.0
159 14010.0
160 14010.0
161 14010.0
162 14010.0
163 14010.0
164 14010.0
165 14010.0
166 14010.0
167 14010.0
168 14010.0
169 14010.0
170 14033.0
171 14035.0
172 14033.0
173 14035.0
174 14010.0
175 14010.0
176 14010.0
177 14010.0
178 14010.0
179 14010.0
180 14010.0
181 14010.0
182 14010.0
183 14010.0
184 14010.0
185 14010.0
186 14010.0
187 14010.0
188 14010.0
189 14010.0
190 14010.0
191 14010.0
192 14010.0
193 14010.0
194 14010.0
195 14010.0
196 14010.0
197 14010.0
198 14010.0
199 14010.0
200 14010.0
201 14010.0
202 14035.0
203 14035.0
204 14035.0
205 14010.0
206 14010.0
207 14010.0
208 14010.0
209 14010.0
210 14010.0
211 14010.0
212 14010.0
213 14014.0
214 14010.0
215 14010.0
216 14010.0
217 14010.0
218 14010.0
219 14010.0
220 14010.0
221 14010.0
222 14010.0
223 14010.0
224 14010.0
225 14010.0
226 14010.0
227 14010.0
228 14010.0
229 14010.0
230 14010.0
231 14010.0
232 14010.0
233 14010.0
234 14010.0
235 14015.0
236 14027.0
237 14033.0
238 14010.0
239 14010.0
240 14010.0
241 14010.0
242 14010.0
243 14010.0
244 14012.0
245 14012.0
246 14012.0
247 14012.0
248 14012.0
249 14010.0
250 14010.0
251 14010.0
252 14010.0
253 14010.0
254 14010.0
255 14010.0
256 14033.0
257 14033.0
258 14010.0
259 14010.0
260 14010.0
261 14010.0
262 14010.0
263 14010.0
264 14010.0
265 14010.0
266 14010.0
267 14010.0
268 14010.0
269 14010.0
270 14010.0
271 14026.0
272 14026.0
273 14010.0
274 14010.0
275 14010.0
276 14010.0
277 14010.0
278 14010.0
279 14010.0
280 14010.0
281 14010.0
282 14010.0
283 14035.0
284 14035.0
285 14035.0
286 14035.0
287 14035.0
288 14035.0
289 14035.0
290 14035.0
291 14035.0
292 14035.0
293 14035.0
294 14035.0
295 14035.0
296 14035.0
297 14035.0
298 14035.0
299 14035.0
300 14035.0
301 14035.0
302 14035.0
303 14035.0
304 14035.0
305 14035.0
306 14035.0
307 14040.0
308 14035.0
309 14035.0
310 14035.0
311 14035.0
312 14035.0
313 14035.0
314 14035.0
315 14035.0
316 14035.0
317 14035.0
318 14035.0
319 14037.0
320 14035.0
321 14035.0
322 14035.0
323 14035.0
324 14035.0
325 14035.0
326 14035.0
327 14035.0
328 14035.0
329 14035.0
330 14035.0
331 14049.0
332 14049.0
333 14049.0
334 14049.0
335 14049.0
336 14049.0
337 14035.0
338 14035.0
339 14035.0
340 14035.0
341 14035.0
342 14035.0
343 14035.0
344 14035.0
345 14035.0
346 14049.0
347 14035.0
348 14035.0
349 14035.0
350 14035.0
351 14035.0
352 14035.0
353 14035.0
354 14035.0
355 14035.0
356 14035.0
357 14035.0
358 14035.0
359 14035.0
360 14035.0
361 14035.0
362 14035.0
363 14035.0
364 14035.0
365 14035.0
366 14035.0
367 14035.0
368 14035.0
369 14035.0
370 14035.0
371 14035.0
372 14035.0
373 14035.0
374 14035.0
375 14035.0
376 14035.0
377 14035.0
378 14037.0
379 14035.0
380 14035.0
381 14035.0
382 14035.0
383 14035.0
384 14035.0
385 14035.0
386 14035.0
387 14035.0
388 14035.0
389 14035.0
390 14035.0
391 14035.0
392 14035.0
393 14035.0
394 14035.0
395 14035.0
396 14035.0
397 14035.0
398 14035.0
399 14035.0
400 14035.0
401 14035.0
402 14035.0
403 14035.0
404 14035.0
405 14035.0
406 14035.0
407 14035.0
408 14035.0
409 14035.0
410 14035.0
411 14035.0
412 14035.0
413 14035.0
414 14035.0
415 14035.0
416 14035.0
417 14035.0
418 14035.0
419 14035.0
420 14035.0
421 14035.0
422 14035.0
423 14035.0
424 14035.0
425 14035.0
426 14035.0
427 14035.0
428 14035.0
429 14035.0
430 14035.0
431 14035.0
432 14035.0
433 14035.0
434 14035.0
435 14035.0
436 14035.0
437 14035.0
438 14035.0
439 14035.0
440 14035.0
441 14035.0
442 14035.0
443 14035.0
444 14035.0
445 14035.0
446 14035.0
447 14035.0
448 14035.0
449 14035.0
450 14035.0
451 14035.0
452 14035.0
453 14035.0
454 14035.0
455 14035.0
456 14035.0
457 14035.0
458 14035.0
459 14035.0
460 14035.0
461 14035.0
462 14035.0
463 14035.0
464 14035.0
465 14035.0
466 14035.0
467 14035.0
468 14035.0
469 14035.0
470 14035.0
471 14035.0
472 14035.0
473 14035.0
474 14035.0
475 14035.0
476 14035.0
477 14035.0
478 14035.0
479 14035.0
480 14035.0
481 14035.0
482 14035.0
483 14035.0
484 14035.0
485 14035.0
486 14035.0
487 14035.0
488 14035.0
489 14037.0
490 14037.0
491 14037.0
492 14035.0
493 14035.0
494 14035.0
495 14041.0
496 14041.0
497 14035.0
498 14035.0
499 14035.0
500 14035.0
501 14035.0
502 14035.0
503 14035.0
504 14035.0
505 14035.0
506 14035.0
507 14035.0
508 14035.0
509 14035.0
510 14035.0
511 14035.0
512 14035.0
513 14035.0
514 14035.0
515 14035.0
516 14035.0
517 14035.0
518 14035.0
519 14035.0
520 14035.0
521 14035.0
522 14035.0
523 14035.0
524 14035.0
525 14035.0
526 14035.0
527 14035.0
528 14035.0
529 14035.0
530 14035.0
531 14035.0
532 14035.0
533 14035.0
534 14035.0
535 14035.0
536 14035.0
537 14035.0
538 14035.0
539 14035.0
540 14035.0
541 14037.0
542 14037.0
543 14035.0
544 14035.0
545 14035.0
546 14035.0
547 14035.0
548 14035.0
549 14035.0
550 14035.0
551 14035.0
552 14035.0
553 14035.0
554 14035.0
555 14035.0
556 14035.0
557 14035.0
558 14035.0
559 14035.0
560 14035.0
561 14058.0
562 14035.0
563 14035.0
564 14035.0
565 14035.0
566 14035.0
567 14035.0
568 14035.0
569 14035.0
570 14035.0
571 14058.0
572 14035.0
573 14035.0
574 14035.0
575 14035.0
576 14035.0
577 14035.0
578 14035.0
579 14035.0
580 14035.0
581 14035.0
582 14035.0
583 14035.0
584 14035.0
585 14035.0
586 14035.0
587 14035.0
588 14035.0
589 14035.0
590 14035.0
591 14035.0
592 14035.0
593 14035.0
594 14035.0
595 14035.0
596 14035.0
597 14035.0
598 14035.0
599 14035.0
600 14037.0
601 14035.0
602 14035.0
603 14035.0
604 14035.0
605 14035.0
606 14035.0
607 14035.0
608 14035.0
609 14035.0
610 14035.0
611 14035.0
612 14035.0
613 14035.0
614 14035.0
615 14035.0
616 14035.0
617 14035.0
618 14035.0
619 14035.0
620 14035.0
621 14035.0
622 14035.0
623 14035.0
624 14035.0
625 14035.0
626 14035.0
627 14035.0
628 14035.0
629 14035.0
630 14035.0
631 14037.0
632 14037.0
633 14035.0
634 14035.0
635 14035.0
636 14035.0
637 14035.0
638 14035.0
639 14035.0
640 14035.0
641 14058.0
642 14049.0
643 14049.0
644 14049.0
645 14049.0
646 14049.0
647 14035.0
648 14035.0
649 14035.0
650 14035.0
651 14035.0
652 14035.0
653 14035.0
654 14035.0
655 14035.0
656 14035.0
657 14035.0
658 14035.0
659 14035.0
660 14035.0
661 14035.0
662 14035.0
663 14035.0
664 14035.0
665 14035.0
666 14035.0
667 14035.0
668 14035.0
669 14035.0
670 14035.0
671 14035.0
672 14035.0
673 14035.0
674 14035.0
675 14035.0
676 14035.0
677 14035.0
678 14035.0
679 14035.0
680 14037.0
681 14035.0
682 14035.0
683 14035.0
684 14035.0
685 14035.0
686 14037.0
687 14035.0
688 14035.0
689 14035.0
690 14035.0
691 14035.0
692 14035.0
693 14035.0
694 14035.0
695 14035.0
696 14035.0
697 14035.0
698 14035.0
699 14035.0
700 14035.0
701 14035.0
702 14035.0
703 14035.0
704 14035.0
705 14035.0
706 14035.0
707 14035.0
708 14035.0
709 14035.0
710 14035.0
711 14035.0
712 14035.0
713 14035.0
714 14035.0
715 14035.0
716 14035.0
717 14035.0
718 14035.0
719 14035.0
720 14035.0
721 14035.0
722 14035.0
723 14035.0
724 14035.0
725 14035.0
726 14060.0
727 14035.0
728 14035.0
729 14035.0
730 14035.0
731 14035.0
732 14035.0
733 14035.0
734 14035.0
735 14035.0
736 14035.0
737 14035.0
738 14035.0
739 14035.0
740 14035.0
741 14035.0
742 14035.0
743 14047.0
744 14035.0
745 14035.0
746 14035.0
747 14035.0
748 14035.0
749 14035.0
750 14035.0
751 14035.0
752 14035.0
753 14035.0
754 14035.0
755 14035.0
756 14035.0
757 14035.0
758 14035.0
759 14035.0
760 14035.0
761 14035.0
762 14035.0
763 14035.0
764 14035.0
765 14035.0
766 14035.0
767 14035.0
768 14035.0
769 14035.0
770 14035.0
771 14035.0
772 14035.0
773 14035.0
774 14035.0
775 14035.0
776 14035.0
777 14035.0
778 14035.0
779 14035.0
780 14035.0
781 14035.0
782 14035.0
783 14035.0
784 14035.0
785 14035.0
786 14035.0
787 14049.0
788 14049.0
789 14049.0
790 14035.0
791 14035.0
792 14035.0
793 14035.0
794 14035.0
795 14035.0
796 14035.0
797 14035.0
798 14035.0
799 14035.0
800 14035.0
801 14035.0
802 14035.0
803 14035.0
804 14035.0
805 14035.0
806 14035.0
807 14035.0
808 14035.0
809 14035.0
810 14035.0
811 14035.0
812 14035.0
813 14035.0
814 14035.0
815 14035.0
816 14035.0
817 14035.0
818 14035.0
819 14035.0
820 14035.0
821 14035.0
822 14035.0
823 14035.0
824 14035.0
825 14035.0
826 14035.0
827 14035.0
828 14035.0
829 14035.0
830 14035.0
831 14035.0
832 14035.0
833 14035.0
834 14035.0
835 14035.0
836 14035.0
837 14035.0
838 14035.0
839 14035.0
840 14035.0
841 14035.0
842 14058.0
843 14058.0
844 14035.0
845 14035.0
846 14035.0
847 14035.0
848 14035.0
849 14035.0
850 14035.0
851 14035.0
852 14035.0
853 14035.0
854 14035.0
855 14035.0
856 14035.0
857 14035.0
858 14035.0
859 14035.0
860 14035.0
861 14058.0
862 14035.0
863 14035.0
864 14035.0
865 14035.0
866 14035.0
867 14035.0
868 14035.0
869 14035.0
870 14035.0
871 14037.0
872 14037.0
873 14037.0
874 14035.0
875 14035.0
876 14035.0
877 14035.0
878 14035.0
879 14035.0
880 14035.0
881 14035.0
882 14035.0
883 14035.0
884 14035.0
885 14035.0
886 14035.0
887 14035.0
888 14035.0
889 14035.0
890 14035.0
891 14035.0
892 14035.0
893 14035.0
894 14035.0
895 14035.0
896 14035.0
897 14035.0
898 14035.0
899 14035.0
900 14035.0
901 14035.0
902 14035.0
903 14035.0
904 14035.0
905 14035.0
906 14035.0
907 14035.0
908 14035.0
909 14035.0
910 14035.0
911 14035.0
912 14035.0
913 14035.0
914 14035.0
915 14035.0
916 14035.0
917 14035.0
918 14035.0
919 14035.0
920 14035.0
921 14035.0
922 14035.0
923 14035.0
924 14035.0
925 14035.0
926 14035.0
927 14035.0
928 14035.0
929 14035.0
930 14035.0
931 14035.0
932 14035.0
933 14035.0
934 14035.0
935 14035.0
936 14035.0
937 14035.0
938 14035.0
939 14035.0
940 14035.0
941 14035.0
942 14035.0
943 14035.0
944 14035.0
945 14035.0
946 14035.0
947 14035.0
948 14035.0
949 14035.0
950 14035.0
951 14035.0
952 14035.0
953 14035.0
954 14035.0
955 14035.0
956 14035.0
957 14035.0
958 14035.0
959 14035.0
960 14058.0
961 14058.0
962 14058.0
963 14035.0
964 14035.0
965 14035.0
966 14035.0
967 14035.0
968 14035.0
969 14035.0
970 14035.0
971 14035.0
972 14035.0
973 14035.0
974 14035.0
975 14035.0
976 14035.0
977 14035.0
978 14035.0
979 14035.0
980 14035.0
981 14035.0
982 14035.0
983 14035.0
984 14035.0
985 14035.0
986 14035.0
987 14035.0
988 14035.0
989 14035.0
990 14035.0
991 14035.0
992 14035.0
993 14035.0
994 14035.0
995 14035.0
996 14035.0
997 14035.0
998 14035.0
999 14035.0
1000 14035.0
