0 5437.0
1 6147.0
2 6147.0
3 6848.0
4 7226.0
5 7995.0
6 8157.0
7 8433.0
8 8646.0
9 9346.0
10 10607.0
11 10607.0
12 10607.0
13 10401.0
14 10673.0
15 10772.0
16 11196.0
17 11359.0
18 11947.0
19 11947.0
20 12274.0
21 12514.0
22 12274.0
23 12307.0
24 12446.0
25 12475.0
26 12374.0
27 12633.0
28 12765.0
29 12819.0
30 12754.0
31 12754.0
32 13047.0
33 13272.0
34 13272.0
35 13272.0
36 13471.0
37 13272.0
38 13482.0
39 13375.0
40 13375.0
41 13436.0
42 13436.0
43 13436.0
44 13722.0
45 13573.0
46 13573.0
47 13573.0
48 13573.0
49 13521.0
50 13692.0
51 13692.0
52 13654.0
53 13737.0
54 13795.0
55 13727.0
56 13762.0
57 13758.0
58 13925.0
59 13925.0
60 13925.0
61 13925.0
62 13925.0
63 13925.0
64 13925.0
65 13925.0
66 13829.0
67 13895.0
68 13895.0
69 13895.0
70 13883.0
71 13935.0
72 13935.0
73 13926.0
74 13926.0
75 14018.0
76 13972.0
77 13972.0
78 13979.0
79 14013.0
80 14024.0
81 14024.0
82 14029.0
83 14029.0
84 14029.0
85 14058.0
86 14053.0
87 14058.0
88 14058.0
89 14058.0
90 14058.0
91 14058.0
92 14058.0
93 14058.0
94 14058.0
95 14058.0
96 14058.0
97 14058.0
98 14058.0
99 14135.0
100 14135.0
101 14135.0
102 14135.0
103 14135.0
104 14135.0
105 14135.0
106 14135.0
107 14135.0
108 14135.0
109 14135.0
110 14135.0
111 14135.0
112 14135.0
113 14135.0
114 14135.0
115 14135.0
116 14135.0
117 14135.0
118 14135.0
119 14135.0
120 14135.0
121 14135.0
122 14135.0
123 14135.0
124 14135.0
125 14135.0
126 14135.0
127 14135.0
128 14135.0
129 14135.0
130 14135.0
131 14135.0
132 14135.0
133 14135.0
134 14135.0
135 14135.0
136 14135.0
137 14135.0
138 14135.0
139 14135.0
140 14135.0
141 14135.0
142 14135.0
143 14135.0
144 14135.0
145 14135.0
146 14135.0
147 14135.0
148 14135.0
149 14135.0
150 14135.0
151 14135.0
152 14135.0
153 14135.0
154 14135.0
155 14135.0
156 14135.0
157 14135.0
158 14135.0
159 14135.0
160 14135.0
161 14135.0
162 14135.0
163 14135.0
164 14135.0
165 14135.0
166 14135.0
167 14135.0
168 14135.0
169 14135.0
170 14135.0
171 14135.0
172 14135.0
173 14135.0
174 14135.0
175 14135.0
176 14135.0
177 14135.0
178 14135.0
179 14135.0
180 14135.0
181 14135.0
182 14135.0
183 14135.0
184 14135.0
185 14135.0
186 14135.0
187 14135.0
188 14135.0
189 14135.0
190 14135.0
191 14135.0
192 14135.0
193 14135.0
194 14135.0
195 14135.0
196 14135.0
197 14135.0
198 14135.0
199 14135.0
200 14135.0
201 14135.0
202 14135.0
203 14135.0
204 14135.0
205 14135.0
206 14135.0
207 14135.0
208 14135.0
209 14135.0
210 14135.0
211 14135.0
212 14135.0
213 14135.0
214 14135.0
215 14135.0
216 14135.0
217 14135.0
218 14135.0
219 14135.0
220 14135.0
221 14135.0
222 14135.0
223 14135.0
224 14135.0
225 14135.0
226 14137.0
227 14137.0
228 14137.0
229 14137.0
230 14137.0
231 14137.0
232 14137.0
233 14137.0
234 14137.0
235 14137.0
236 14137.0
237 14137.0
238 14137.0
239 14137.0
240 14137.0
241 14137.0
242 14137.0
243 14137.0
244 14137.0
245 14137.0
246 14137.0
247 14137.0
248 14137.0
249 14137.0
250 14137.0
251 14137.0
252 14137.0
253 14137.0
254 14137.0
255 14137.0
256 14137.0
257 14137.0
258 14137.0
259 14137.0
260 14137.0
261 14137.0
262 14137.0
263 14137.0
264 14137.0
265 14137.0
266 14137.0
267 14137.0
268 14137.0
269 14137.0
270 14137.0
271 14137.0
272 14137.0
273 14137.0
274 14137.0
275 14137.0
276 14137.0
277 14137.0
278 14137.0
279 14137.0
280 14137.0
281 14137.0
282 14137.0
283 14137.0
284 14137.0
285 14137.0
286 14137.0
287 14137.0
288 14137.0
289 14137.0
290 14137.0
291 14137.0
292 14137.0
293 14137.0
294 14137.0
295 14137.0
296 14137.0
297 14137.0
298 14137.0
299 14137.0
300 14137.0
301 14137.0
302 14137.0
303 14137.0
304 14137.0
305 14137.0
306 14137.0
307 14137.0
308 14137.0
309 14137.0
310 14137.0
311 14137.0
312 14137.0
313 14137.0
314 14137.0
315 14137.0
316 14137.0
317 14137.0
318 14137.0
319 14137.0
320 14137.0
321 14137.0
322 14137.0
323 14137.0
324 14137.0
325 14137.0
326 14137.0
327 14137.0
328 14137.0
329 14137.0
330 14137.0
331 14137.0
332 14137.0
333 14137.0
334 14137.0
335 14137.0
336 14137.0
337 14137.0
338 14137.0
339 14137.0
340 14137.0
341 14137.0
342 14137.0
343 14137.0
344 14137.0
345 14137.0
346 14137.0
347 14137.0
348 14137.0
349 14137.0
350 14137.0
351 14137.0
352 14137.0
353 14137.0
354 14137.0
355 14137.0
356 14137.0
357 14137.0
358 14137.0
359 14137.0
360 14137.0
361 14137.0
362 14137.0
363 14137.0
364 14137.0
365 14137.0
366 14137.0
367 14137.0
368 14137.0
369 14137.0
370 14137.0
371 14137.0
372 14137.0
373 14137.0
374 14137.0
375 14137.0
376 14137.0
377 14137.0
378 14137.0
379 14137.0
380 14137.0
381 14137.0
382 14137.0
383 14137.0
384 14137.0
385 14137.0
386 14137.0
387 14137.0
388 14137.0
389 14137.0
390 14137.0
391 14137.0
392 14137.0
393 14137.0
394 14137.0
395 14137.0
396 14137.0
397 14137.0
398 14137.0
399 14137.0
400 14137.0
401 14137.0
402 14137.0
403 14137.0
404 14137.0
405 14137.0
406 14137.0
407 14137.0
408 14137.0
409 14137.0
410 14137.0
411 14137.0
412 14137.0
413 14137.0
414 14137.0
415 14137.0
416 14137.0
417 14137.0
418 14137.0
419 14137.0
420 14137.0
421 14137.0
422 14137.0
423 14137.0
424 14137.0
425 14137.0
426 14137.0
427 14137.0
428 14137.0
429 14137.0
430 14137.0
431 14137.0
432 14137.0
433 14137.0
434 14137.0
435 14137.0
436 14137.0
437 14137.0
438 14137.0
439 14137.0
440 14137.0
441 14137.0
442 14137.0
443 14137.0
444 14137.0
445 14137.0
446 14137.0
447 14137.0
448 14137.0
449 14137.0
450 14137.0
451 14137.0
452 14137.0
453 14137.0
454 14137.0
455 14137.0
456 14137.0
457 14137.0
458 14137.0
459 14137.0
460 14137.0
461 14137.0
462 14137.0
463 14137.0
464 14137.0
465 14137.0
466 14137.0
467 14137.0
468 14137.0
469 14137.0
470 14137.0
471 14137.0
472 14137.0
473 14137.0
474 14137.0
475 14137.0
476 14137.0
477 14137.0
478 14137.0
479 14137.0
480 14137.0
481 14137.0
482 14137.0
483 14137.0
484 14137.0
485 14137.0
486 14137.0
487 14137.0
488 14137.0
489 14137.0
490 14137.0
491 14137.0
492 14137.0
493 14137.0
494 14137.0
495 14137.0
496 14137.0
497 14137.0
498 14137.0
499 14137.0
500 14137.0
501 14137.0
502 14137.0
503 14137.0
504 14137.0
505 14137.0
506 14137.0
507 14137.0
508 14137.0
509 14137.0
510 14137.0
511 14137.0
512 14137.0
513 14137.0
514 14137.0
515 14137.0
516 14137.0
517 14137.0
518 14137.0
519 14137.0
520 14137.0
521 14137.0
522 14137.0
523 14137.0
524 14137.0
525 14137.0
526 14137.0
527 14137.0
528 14137.0
529 14137.0
530 14137.0
531 14137.0
532 14137.0
533 14137.0
534 14137.0
535 14137.0
536 14137.0
537 14137.0
538 14137.0
539 14137.0
540 14137.0
541 14137.0
542 14137.0
543 14137.0
544 14137.0
545 14137.0
546 14137.0
547 14137.0
548 14137.0
549 14137.0
550 14137.0
551 14137.0
552 14137.0
553 14137.0
554 14137.0
555 14137.0
556 14137.0
557 14137.0
558 14137.0
559 14137.0
560 14137.0
561 14137.0
562 14137.0
563 14137.0
564 14137.0
565 14137.0
566 14137.0
567 14137.0
568 14137.0
569 14137.0
570 14137.0
571 14137.0
572 14137.0
573 14137.0
574 14137.0
575 14137.0
576 14137.0
577 14137.0
578 14137.0
579 14137.0
580 14137.0
581 14137.0
582 14137.0
583 14137.0
584 14137.0
585 14137.0
586 14137.0
587 14137.0
588 14137.0
589 14137.0
590 14137.0
591 14137.0
592 14137.0
593 14137.0
594 14137.0
595 14137.0
596 14137.0
597 14137.0
598 14137.0
599 14137.0
600 14137.0
601 14137.0
602 14137.0
603 14137.0
604 14137.0
605 14137.0
606 14137.0
607 14137.0
608 14137.0
609 14137.0
610 14137.0
611 14137.0
612 14137.0
613 14137.0
614 14137.0
615 14137.0
616 14137.0
617 14137.0
618 14137.0
619 14137.0
620 14137.0
621 14137.0
622 14137.0
623 14137.0
624 14137.0
625 14137.0
626 14137.0
627 14137.0
628 14137.0
629 14137.0
630 14137.0
631 14137.0
632 14137.0
633 14137.0
634 14137.0
635 14137.0
636 14137.0
637 14137.0
638 14137.0
639 14137.0
640 14137.0
641 14137.0
642 14137.0
643 14137.0
644 14137.0
645 14137.0
646 14137.0
647 14137.0
648 14137.0
649 14137.0
650 14137.0
651 14137.0
652 14137.0
653 14137.0
654 14137.0
655 14137.0
656 14137.0
657 14137.0
658 14137.0
659 14137.0
660 14137.0
661 14137.0
662 14137.0
663 14137.0
664 14137.0
665 14137.0
666 14137.0
667 14137.0
668 14137.0
669 14137.0
670 14137.0
671 14137.0
672 14137.0
673 14137.0
674 14137.0
675 14137.0
676 14137.0
677 14137.0
678 14137.0
679 14137.0
680 14137.0
681 14137.0
682 14137.0
683 14137.0
684 14137.0
685 14137.0
686 14137.0
687 14137.0
688 14137.0
689 14137.0
690 14137.0
691 14137.0
692 14137.0
693 14137.0
694 14137.0
695 14137.0
696 14137.0
697 14137.0
698 14137.0
699 14137.0
700 14137.0
701 14137.0
702 14137.0
703 14137.0
704 14137.0
705 14137.0
706 14137.0
707 14137.0
708 14137.0
709 14137.0
710 14137.0
711 14137.0
712 14137.0
713 14137.0
714 14137.0
715 14137.0
716 14137.0
717 14137.0
718 14137.0
719 14137.0
720 14137.0
721 14137.0
722 14137.0
723 14137.0
724 14137.0
725 14137.0
726 14137.0
727 14137.0
728 14137.0
729 14137.0
730 14137.0
731 14137.0
732 14137.0
733 14137.0
734 14137.0
735 14137.0
736 14137.0
737 14137.0
738 14137.0
739 14137.0
740 14137.0
741 14137.0
742 14137.0
743 14137.0
744 14137.0
745 14137.0
746 14137.0
747 14137.0
748 14137.0
749 14137.0
750 14137.0
751 14137.0
752 14137.0
753 14137.0
754 14137.0
755 14137.0
756 14137.0
757 14137.0
758 14137.0
759 14137.0
760 14137.0
761 14137.0
762 14137.0
763 14137.0
764 14137.0
765 14137.0
766 14137.0
767 14137.0
768 14137.0
769 14137.0
770 14137.0
771 14137.0
772 14137.0
773 14137.0
774 14137.0
775 14137.0
776 14137.0
777 14137.0
778 14137.0
779 14137.0
780 14137.0
781 14137.0
782 14137.0
783 14137.0
784 14137.0
785 14137.0
786 14137.0
787 14137.0
788 14137.0
789 14137.0
790 14137.0
791 14137.0
792 14137.0
793 14137.0
794 14137.0
795 14137.0
796 14137.0
797 14137.0
798 14137.0
799 14137.0
800 14137.0
801 14137.0
802 14137.0
803 14137.0
804 14137.0
805 14137.0
806 14137.0
807 14137.0
808 14137.0
809 14137.0
810 14137.0
811 14137.0
812 14137.0
813 14137.0
814 14137.0
815 14137.0
816 14137.0
817 14137.0
818 14137.0
819 14137.0
820 14137.0
821 14137.0
822 14137.0
823 14137.0
824 14137.0
825 14137.0
826 14137.0
827 14137.0
828 14137.0
829 14137.0
830 14137.0
831 14137.0
832 14137.0
833 14137.0
834 14137.0
835 14137.0
836 14137.0
837 14137.0
838 14137.0
839 14137.0
840 14137.0
841 14137.0
842 14137.0
843 14137.0
844 14137.0
845 14137.0
846 14137.0
847 14137.0
848 14137.0
849 14137.0
850 14137.0
851 14137.0
852 14137.0
853 14137.0
854 14137.0
855 14137.0
856 14137.0
857 14137.0
858 14137.0
859 14137.0
860 14137.0
861 14137.0
862 14137.0
863 14137.0
864 14137.0
865 14137.0
866 14137.0
867 14137.0
868 14137.0
869 14137.0
870 14137.0
871 14137.0
872 14137.0
873 14137.0
874 14137.0
875 14137.0
876 14137.0
877 14137.0
878 14137.0
879 14137.0
880 14137.0
881 14137.0
882 14137.0
883 14137.0
884 14137.0
885 14137.0
886 14137.0
887 14137.0
888 14137.0
889 14137.0
890 14137.0
891 14137.0
892 14137.0
893 14137.0
894 14137.0
895 14137.0
896 14137.0
897 14137.0
898 14137.0
899 14137.0
900 14137.0
901 14137.0
902 14137.0
903 14137.0
904 14137.0
905 14137.0
906 14137.0
907 14137.0
908 14137.0
909 14137.0
910 14137.0
911 14137.0
912 14137.0
913 14137.0
914 14137.0
915 14137.0
916 14137.0
917 14137.0
918 14137.0
919 14137.0
920 14137.0
921 14137.0
922 14137.0
923 14137.0
924 14137.0
925 14137.0
926 14137.0
927 14137.0
928 14137.0
929 14137.0
930 14137.0
931 14137.0
932 14137.0
933 14137.0
934 14137.0
935 14137.0
936 14137.0
937 14137.0
938 14137.0
939 14137.0
940 14137.0
941 14137.0
942 14137.0
943 14137.0
944 14137.0
945 14137.0
946 14137.0
947 14137.0
948 14137.0
949 14137.0
950 14137.0
951 14137.0
952 14137.0
953 14137.0
954 14137.0
955 14137.0
956 14137.0
957 14137.0
958 14137.0
959 14137.0
960 14137.0
961 14137.0
962 14137.0
963 14137.0
964 14137.0
965 14137.0
966 14137.0
967 14137.0
968 14137.0
969 14137.0
970 14137.0
971 14137.0
972 14137.0
973 14137.0
974 14137.0
975 14137.0
976 14137.0
977 14137.0
978 14137.0
979 14137.0
980 14137.0
981 14137.0
982 14137.0
983 14137.0
984 14137.0
985 14137.0
986 14137.0
987 14137.0
988 14137.0
989 14137.0
990 14137.0
991 14137.0
992 14137.0
993 14137.0
994 14137.0
995 14137.0
996 14137.0
997 14137.0
998 14137.0
999 14137.0
1000 14137.0
