0	7544.0	2824.0
1	7663.0	3521.0
2	7663.0	3943.0
3	7718.0	4071.0
4	7718.0	4115.0
5	7718.0	4309.0
6	7718.0	4535.0
7	7718.0	4535.0
8	8005.0	4535.0
9	8005.0	4704.0
10	8005.0	4792.0
11	8005.0	4911.0
12	8005.0	4942.0
13	8005.0	4942.0
14	8005.0	5131.0
15	8005.0	5136.0
16	8005.0	5136.0
17	8005.0	5136.0
18	8005.0	5143.0
19	8005.0	5143.0
20	8005.0	5349.0
21	8540.0	5159.0
22	8540.0	5159.0
23	8540.0	5234.0
24	8540.0	5234.0
25	8540.0	5335.0
26	8540.0	5335.0
27	8540.0	5335.0
28	8540.0	5337.0
29	8540.0	5399.0
30	8540.0	5453.0
31	8540.0	5453.0
32	8540.0	5453.0
33	8540.0	5453.0
34	8540.0	5453.0
35	8540.0	5453.0
36	8540.0	5453.0
37	8540.0	5544.0
38	8540.0	5544.0
39	8540.0	5609.0
40	8540.0	5638.0
41	8540.0	5609.0
42	8540.0	5609.0
43	8540.0	5609.0
44	8932.0	5609.0
45	8932.0	5609.0
46	8932.0	5609.0
47	8932.0	5609.0
48	8932.0	5609.0
49	8932.0	5609.0
50	8932.0	5609.0
51	8932.0	5609.0
52	8932.0	5609.0
53	8932.0	5609.0
54	8932.0	5609.0
55	8932.0	5609.0
56	8932.0	5609.0
57	8932.0	5609.0
58	8932.0	5609.0
59	8932.0	5609.0
60	8932.0	5820.0
61	8932.0	5609.0
62	8932.0	5754.0
63	8932.0	5754.0
64	8932.0	5754.0
65	8932.0	5754.0
66	8932.0	5754.0
67	8932.0	5754.0
68	8932.0	5754.0
69	8932.0	5754.0
70	8932.0	5754.0
71	8932.0	5754.0
72	8932.0	5754.0
73	8932.0	5754.0
74	8932.0	5820.0
75	8932.0	5820.0
76	8932.0	5820.0
77	8932.0	5820.0
78	8932.0	5864.0
79	8932.0	5864.0
80	8932.0	6180.0
81	8932.0	5864.0
82	8932.0	5888.0
83	8932.0	5888.0
84	8932.0	5888.0
85	8932.0	5888.0
86	8932.0	5982.0
87	8932.0	5982.0
88	8932.0	5982.0
89	8932.0	5982.0
90	8932.0	5982.0
91	8932.0	6040.0
92	8932.0	6040.0
93	8932.0	6040.0
94	8932.0	6040.0
95	8932.0	6040.0
96	8932.0	6040.0
97	8932.0	6040.0
98	8932.0	6040.0
99	8932.0	6040.0
100	8932.0	6218.0
101	8932.0	6040.0
102	8932.0	6040.0
103	8932.0	6040.0
104	8932.0	6040.0
105	8932.0	6040.0
106	8932.0	6040.0
107	8932.0	6040.0
108	8932.0	6040.0
109	8932.0	6040.0
110	8932.0	6040.0
111	8932.0	6040.0
112	8932.0	6040.0
113	8932.0	6058.0
114	8932.0	6058.0
115	8932.0	6058.0
116	8932.0	6094.0
117	8932.0	6094.0
118	8932.0	6094.0
119	8932.0	6094.0
120	8932.0	6218.0
121	8932.0	6094.0
122	8932.0	6094.0
123	8932.0	6094.0
124	8932.0	6094.0
125	8932.0	6094.0
126	8932.0	6154.0
127	8932.0	6154.0
128	8932.0	6154.0
129	8932.0	6154.0
130	8932.0	6154.0
131	8932.0	6154.0
132	8932.0	6154.0
133	8932.0	6154.0
134	8932.0	6154.0
135	8932.0	6154.0
136	8932.0	6154.0
137	8932.0	6154.0
138	8932.0	6154.0
139	8932.0	6154.0
140	8932.0	6218.0
141	8932.0	6154.0
142	8932.0	6154.0
143	8932.0	6154.0
144	8932.0	6154.0
145	8932.0	6154.0
146	8932.0	6154.0
147	8932.0	6154.0
148	8932.0	6154.0
149	8932.0	6154.0
150	8932.0	6154.0
151	8932.0	6154.0
152	8932.0	6154.0
153	8932.0	6154.0
154	8932.0	6154.0
155	8932.0	6154.0
156	8932.0	6154.0
157	8932.0	6154.0
158	8932.0	6154.0
159	8932.0	6154.0
160	8932.0	6346.0
161	8932.0	6154.0
162	8932.0	6154.0
163	8932.0	6154.0
164	8932.0	6154.0
165	8932.0	6154.0
166	8932.0	6154.0
167	8932.0	6154.0
168	8932.0	6154.0
169	8932.0	6154.0
170	8932.0	6154.0
171	8932.0	6154.0
172	8932.0	6154.0
173	8932.0	6154.0
174	8932.0	6154.0
175	8932.0	6154.0
176	8932.0	6154.0
177	8932.0	6154.0
178	8932.0	6154.0
179	8932.0	6154.0
180	8932.0	6422.0
181	8932.0	6154.0
182	8932.0	6154.0
183	8932.0	6154.0
184	8932.0	6154.0
185	8932.0	6154.0
186	8932.0	6154.0
187	8932.0	6154.0
188	8932.0	6255.0
189	8932.0	6255.0
190	8932.0	6255.0
191	8932.0	6255.0
192	8932.0	6255.0
193	8932.0	6255.0
194	8932.0	6255.0
195	8932.0	6255.0
196	8932.0	6255.0
197	8932.0	6255.0
198	8932.0	6255.0
199	8932.0	6322.0
200	8932.0	6383.0
201	8932.0	6322.0
202	8932.0	6322.0
203	8932.0	6322.0
204	8932.0	6322.0
205	8932.0	6322.0
206	8932.0	6322.0
207	8932.0	6322.0
208	8932.0	6322.0
209	8932.0	6322.0
210	8932.0	6322.0
211	8932.0	6322.0
212	8932.0	6322.0
213	8932.0	6322.0
214	8932.0	6322.0
215	8932.0	6322.0
216	8932.0	6322.0
217	8932.0	6322.0
218	8932.0	6322.0
219	8932.0	6322.0
220	8932.0	6422.0
221	8932.0	6339.0
222	8932.0	6339.0
223	8932.0	6339.0
224	8932.0	6339.0
225	8932.0	6339.0
226	8932.0	6339.0
227	8932.0	6339.0
228	8932.0	6339.0
229	8932.0	6339.0
230	8932.0	6339.0
231	8932.0	6339.0
232	8932.0	6339.0
233	8932.0	6339.0
234	8932.0	6339.0
235	8932.0	6339.0
236	8932.0	6339.0
237	8932.0	6339.0
238	8932.0	6339.0
239	8932.0	6339.0
240	8932.0	6339.0
241	8932.0	6339.0
242	8932.0	6339.0
243	8932.0	6339.0
244	8932.0	6339.0
245	8932.0	6339.0
246	8932.0	6339.0
247	8932.0	6339.0
248	8932.0	6339.0
249	8932.0	6339.0
250	8932.0	6339.0
251	8932.0	6339.0
252	8932.0	6339.0
253	8932.0	6339.0
254	8932.0	6339.0
255	8932.0	6339.0
256	8932.0	6339.0
257	8932.0	6339.0
258	8932.0	6339.0
259	8932.0	6339.0
260	8932.0	6431.0
261	8932.0	6339.0
262	8932.0	6339.0
263	8932.0	6339.0
264	8932.0	6339.0
265	8932.0	6339.0
266	8932.0	6339.0
267	8932.0	6339.0
268	8932.0	6339.0
269	8932.0	6339.0
270	8932.0	6339.0
271	8932.0	6339.0
272	8932.0	6339.0
273	8932.0	6339.0
274	8932.0	6339.0
275	8932.0	6339.0
276	8932.0	6339.0
277	8932.0	6339.0
278	8932.0	6339.0
279	8932.0	6339.0
280	8932.0	6531.0
281	8932.0	6339.0
282	8932.0	6339.0
283	8932.0	6339.0
284	8932.0	6339.0
285	8932.0	6339.0
286	8932.0	6339.0
287	8932.0	6339.0
288	8932.0	6339.0
289	8932.0	6419.0
290	8932.0	6419.0
291	8932.0	6419.0
292	8932.0	6419.0
293	8932.0	6419.0
294	8932.0	6419.0
295	8932.0	6419.0
296	8932.0	6419.0
297	8932.0	6419.0
298	8932.0	6419.0
299	8932.0	6419.0
300	8932.0	6419.0
301	8932.0	6419.0
302	8932.0	6419.0
303	8932.0	6419.0
304	8932.0	6419.0
305	8932.0	6419.0
306	8932.0	6419.0
307	8932.0	6419.0
308	8932.0	6419.0
309	8932.0	6419.0
310	8932.0	6419.0
311	8932.0	6419.0
312	8932.0	6419.0
313	8932.0	6419.0
314	8932.0	6419.0
315	8932.0	6419.0
316	8932.0	6458.0
317	8932.0	6458.0
318	8932.0	6458.0
319	8932.0	6458.0
320	8932.0	6525.0
321	8932.0	6458.0
322	8932.0	6458.0
323	8932.0	6458.0
324	8932.0	6458.0
325	8932.0	6458.0
326	8932.0	6458.0
327	8932.0	6458.0
328	8932.0	6458.0
329	8932.0	6458.0
330	8932.0	6458.0
331	8932.0	6458.0
332	8932.0	6458.0
333	8932.0	6458.0
334	8932.0	6458.0
335	8932.0	6458.0
336	8932.0	6458.0
337	8932.0	6458.0
338	8932.0	6458.0
339	8932.0	6458.0
340	8932.0	6653.0
341	8932.0	6458.0
342	8932.0	6458.0
343	8932.0	6458.0
344	8932.0	6458.0
345	8932.0	6458.0
346	8932.0	6458.0
347	8932.0	6458.0
348	8932.0	6458.0
349	8932.0	6458.0
350	8932.0	6458.0
351	8932.0	6458.0
352	8932.0	6458.0
353	8932.0	6458.0
354	8932.0	6458.0
355	8932.0	6458.0
356	8932.0	6458.0
357	8932.0	6458.0
358	8932.0	6458.0
359	8932.0	6458.0
360	8932.0	6529.0
361	8932.0	6525.0
362	8932.0	6525.0
363	8932.0	6525.0
364	8932.0	6525.0
365	8932.0	6525.0
366	8932.0	6525.0
367	8932.0	6525.0
368	8932.0	6525.0
369	8932.0	6525.0
370	8932.0	6525.0
371	8932.0	6525.0
372	8932.0	6525.0
373	8932.0	6525.0
374	8932.0	6525.0
375	8932.0	6525.0
376	8932.0	6525.0
377	8932.0	6525.0
378	8932.0	6525.0
379	8932.0	6525.0
380	8932.0	6653.0
381	8932.0	6525.0
382	8932.0	6525.0
383	8932.0	6543.0
384	8932.0	6543.0
385	8932.0	6543.0
386	8932.0	6543.0
387	8932.0	6543.0
388	8932.0	6543.0
389	8932.0	6543.0
390	8932.0	6543.0
391	8932.0	6543.0
392	8932.0	6543.0
393	8932.0	6543.0
394	8932.0	6543.0
395	8932.0	6543.0
396	8932.0	6543.0
397	8932.0	6543.0
398	8932.0	6543.0
399	8932.0	6543.0
400	8932.0	6653.0
401	8932.0	6543.0
402	8932.0	6543.0
403	8932.0	6543.0
404	8932.0	6543.0
405	8932.0	6543.0
406	8932.0	6543.0
407	8932.0	6543.0
408	8932.0	6543.0
409	8932.0	6543.0
410	8932.0	6543.0
411	8932.0	6543.0
412	8932.0	6543.0
413	8932.0	6543.0
414	8932.0	6543.0
415	8932.0	6543.0
416	8932.0	6543.0
417	8932.0	6543.0
418	8932.0	6543.0
419	8932.0	6543.0
420	8932.0	6567.0
421	8932.0	6543.0
422	8932.0	6543.0
423	8932.0	6543.0
424	8932.0	6543.0
425	8932.0	6543.0
426	8932.0	6543.0
427	8932.0	6543.0
428	8932.0	6543.0
429	8932.0	6543.0
430	8932.0	6543.0
431	8932.0	6543.0
432	8932.0	6543.0
433	8932.0	6543.0
434	8932.0	6543.0
435	8932.0	6543.0
436	8932.0	6543.0
437	8932.0	6543.0
438	8932.0	6543.0
439	8932.0	6543.0
440	8932.0	6705.0
441	8932.0	6543.0
442	8932.0	6543.0
443	8932.0	6543.0
444	8932.0	6543.0
445	8932.0	6543.0
446	8932.0	6543.0
447	8932.0	6543.0
448	8932.0	6543.0
449	8932.0	6543.0
450	8932.0	6543.0
451	8932.0	6543.0
452	8932.0	6543.0
453	8932.0	6543.0
454	8932.0	6543.0
455	8932.0	6543.0
456	8932.0	6543.0
457	8932.0	6543.0
458	8932.0	6543.0
459	8932.0	6543.0
460	8932.0	6543.0
461	8932.0	6543.0
462	8932.0	6543.0
463	8932.0	6543.0
464	8932.0	6543.0
465	8932.0	6543.0
466	8932.0	6543.0
467	8932.0	6567.0
468	8932.0	6567.0
469	8932.0	6610.0
470	8932.0	6610.0
471	8932.0	6610.0
472	8932.0	6610.0
473	8932.0	6610.0
474	8932.0	6610.0
475	8932.0	6610.0
476	9341.0	6610.0
477	9341.0	6610.0
478	9341.0	6610.0
479	9341.0	6610.0
480	9341.0	6700.0
481	9341.0	6610.0
482	9341.0	6610.0
483	9341.0	6610.0
484	9341.0	6610.0
485	9341.0	6610.0
486	9341.0	6610.0
487	9341.0	6610.0
488	9341.0	6610.0
489	9341.0	6610.0
490	9341.0	6610.0
491	9341.0	6610.0
492	9341.0	6610.0
493	9341.0	6610.0
494	9341.0	6610.0
495	9341.0	6610.0
496	9341.0	6610.0
497	9341.0	6610.0
498	9341.0	6610.0
499	9341.0	6610.0
500	9341.0	6610.0
501	9341.0	6610.0
502	9341.0	6610.0
503	9341.0	6610.0
504	9341.0	6610.0
505	9341.0	6610.0
506	9341.0	6610.0
507	9341.0	6610.0
508	9341.0	6610.0
509	9341.0	6610.0
510	9341.0	6610.0
511	9341.0	6610.0
512	9341.0	6610.0
513	9341.0	6610.0
514	9341.0	6610.0
515	9341.0	6610.0
516	9341.0	6610.0
517	9341.0	6610.0
518	9341.0	6610.0
519	9341.0	6610.0
520	9341.0	6610.0
521	9341.0	6667.0
522	9341.0	6667.0
523	9341.0	6667.0
524	9341.0	6667.0
525	9341.0	6667.0
526	9341.0	6667.0
527	9341.0	6667.0
528	9341.0	6667.0
529	9341.0	6667.0
530	9341.0	6667.0
531	9341.0	6667.0
532	9341.0	6667.0
533	9341.0	6667.0
534	9341.0	6667.0
535	9341.0	6667.0
536	9341.0	6667.0
537	9341.0	6667.0
538	9341.0	6667.0
539	9341.0	6667.0
540	9341.0	6700.0
541	9341.0	6667.0
542	9341.0	6667.0
543	9341.0	6667.0
544	9341.0	6667.0
545	9341.0	6667.0
546	9341.0	6667.0
547	9341.0	6667.0
548	9341.0	6667.0
549	9341.0	6667.0
550	9341.0	6667.0
551	9341.0	6667.0
552	9341.0	6667.0
553	9341.0	6667.0
554	9341.0	6667.0
555	9341.0	6667.0
556	9341.0	6667.0
557	9341.0	6667.0
558	9341.0	6667.0
559	9341.0	6667.0
560	9341.0	6694.0
561	9341.0	6667.0
562	9341.0	6667.0
563	9341.0	6667.0
564	9341.0	6667.0
565	9341.0	6667.0
566	9341.0	6667.0
567	9341.0	6694.0
568	9341.0	6694.0
569	9341.0	6694.0
570	9341.0	6694.0
571	9341.0	6694.0
572	9341.0	6694.0
573	9341.0	6694.0
574	9341.0	6694.0
575	9341.0	6694.0
576	9341.0	6694.0
577	9341.0	6694.0
578	9341.0	6694.0
579	9341.0	6694.0
580	9341.0	6713.0
581	9341.0	6694.0
582	9341.0	6694.0
583	9341.0	6694.0
584	9341.0	6694.0
585	9341.0	6694.0
586	9341.0	6694.0
587	9341.0	6694.0
588	9341.0	6694.0
589	9341.0	6694.0
590	9341.0	6694.0
591	9341.0	6694.0
592	9341.0	6694.0
593	9341.0	6694.0
594	9341.0	6694.0
595	9341.0	6694.0
596	9341.0	6694.0
597	9341.0	6694.0
598	9341.0	6694.0
599	9341.0	6694.0
600	9341.0	6784.0
601	9341.0	6694.0
602	9341.0	6694.0
603	9341.0	6694.0
604	9341.0	6694.0
605	9341.0	6694.0
606	9341.0	6694.0
607	9341.0	6694.0
608	9341.0	6694.0
609	9341.0	6694.0
610	9341.0	6694.0
611	9341.0	6694.0
612	9341.0	6694.0
613	9341.0	6694.0
614	9341.0	6694.0
615	9341.0	6694.0
616	9341.0	6694.0
617	9341.0	6694.0
618	9341.0	6694.0
619	9341.0	6694.0
620	9341.0	6820.0
621	9341.0	6694.0
622	9341.0	6694.0
623	9341.0	6694.0
624	9341.0	6694.0
625	9341.0	6694.0
626	9341.0	6694.0
627	9341.0	6694.0
628	9341.0	6694.0
629	9341.0	6694.0
630	9341.0	6694.0
631	9341.0	6694.0
632	9341.0	6694.0
633	9341.0	6694.0
634	9341.0	6694.0
635	9341.0	6694.0
636	9341.0	6694.0
637	9341.0	6694.0
638	9341.0	6694.0
639	9341.0	6694.0
640	9341.0	6753.0
641	9341.0	6694.0
642	9341.0	6694.0
643	9341.0	6694.0
644	9341.0	6694.0
645	9341.0	6694.0
646	9341.0	6694.0
647	9341.0	6694.0
648	9341.0	6694.0
649	9341.0	6694.0
650	9341.0	6694.0
651	9341.0	6694.0
652	9341.0	6694.0
653	9341.0	6694.0
654	9341.0	6694.0
655	9341.0	6694.0
656	9341.0	6694.0
657	9341.0	6694.0
658	9341.0	6694.0
659	9341.0	6694.0
660	9341.0	6820.0
661	9341.0	6694.0
662	9341.0	6694.0
663	9341.0	6694.0
664	9341.0	6694.0
665	9341.0	6694.0
666	9341.0	6694.0
667	9341.0	6694.0
668	9341.0	6694.0
669	9341.0	6694.0
670	9341.0	6694.0
671	9341.0	6694.0
672	9341.0	6694.0
673	9341.0	6694.0
674	9341.0	6694.0
675	9341.0	6694.0
676	9341.0	6694.0
677	9341.0	6694.0
678	9341.0	6694.0
679	9341.0	6694.0
680	9341.0	6694.0
681	9341.0	6694.0
682	9341.0	6694.0
683	9341.0	6694.0
684	9341.0	6694.0
685	9341.0	6694.0
686	9341.0	6694.0
687	9341.0	6694.0
688	9341.0	6694.0
689	9341.0	6694.0
690	9341.0	6694.0
691	9341.0	6694.0
692	9341.0	6694.0
693	9341.0	6694.0
694	9341.0	6694.0
695	9341.0	6694.0
696	9341.0	6694.0
697	9341.0	6694.0
698	9341.0	6694.0
699	9341.0	6694.0
700	9341.0	6847.0
701	9341.0	6694.0
702	9341.0	6694.0
703	9341.0	6694.0
704	9341.0	6694.0
705	9341.0	6694.0
706	9341.0	6694.0
707	9341.0	6694.0
708	9341.0	6694.0
709	9341.0	6694.0
710	9341.0	6694.0
711	9341.0	6694.0
712	9341.0	6694.0
713	9341.0	6694.0
714	9341.0	6694.0
715	9341.0	6694.0
716	9341.0	6694.0
717	9341.0	6694.0
718	9341.0	6694.0
719	9341.0	6694.0
720	9341.0	6694.0
721	9341.0	6694.0
722	9341.0	6694.0
723	9341.0	6694.0
724	9341.0	6694.0
725	9341.0	6694.0
726	9341.0	6694.0
727	9341.0	6694.0
728	9341.0	6694.0
729	9341.0	6694.0
730	9341.0	6694.0
731	9341.0	6694.0
732	9341.0	6694.0
733	9341.0	6694.0
734	9341.0	6694.0
735	9341.0	6694.0
736	9341.0	6694.0
737	9341.0	6694.0
738	9341.0	6694.0
739	9341.0	6694.0
740	9341.0	6694.0
741	9341.0	6694.0
742	9341.0	6694.0
743	9341.0	6694.0
744	9341.0	6694.0
745	9341.0	6694.0
746	9341.0	6694.0
747	9341.0	6694.0
748	9341.0	6694.0
749	9341.0	6694.0
750	9341.0	6694.0
751	9341.0	6694.0
752	9341.0	6694.0
753	9341.0	6694.0
754	9341.0	6694.0
755	9341.0	6694.0
756	9341.0	6694.0
757	9341.0	6694.0
758	9341.0	6694.0
759	9341.0	6694.0
760	9341.0	6694.0
761	9341.0	6694.0
762	9341.0	6694.0
763	9341.0	6694.0
764	9341.0	6694.0
765	9341.0	6694.0
766	9341.0	6694.0
767	9341.0	6694.0
768	9341.0	6694.0
769	9341.0	6694.0
770	9341.0	6694.0
771	9341.0	6694.0
772	9341.0	6694.0
773	9341.0	6694.0
774	9341.0	6694.0
775	9341.0	6694.0
776	9341.0	6694.0
777	9341.0	6694.0
778	9341.0	6694.0
779	9341.0	6694.0
780	9341.0	6794.0
781	9341.0	6694.0
782	9341.0	6694.0
783	9341.0	6694.0
784	9341.0	6694.0
785	9341.0	6694.0
786	9341.0	6694.0
787	9341.0	6694.0
788	9341.0	6694.0
789	9341.0	6694.0
790	9341.0	6694.0
791	9341.0	6694.0
792	9341.0	6694.0
793	9341.0	6694.0
794	9341.0	6694.0
795	9341.0	6694.0
796	9341.0	6694.0
797	9341.0	6694.0
798	9341.0	6694.0
799	9341.0	6694.0
800	9341.0	6838.0
801	9341.0	6694.0
802	9341.0	6694.0
803	9341.0	6694.0
804	9341.0	6694.0
805	9341.0	6694.0
806	9341.0	6694.0
807	9341.0	6694.0
808	9341.0	6694.0
809	9341.0	6694.0
810	9341.0	6694.0
811	9341.0	6694.0
812	9341.0	6694.0
813	9341.0	6694.0
814	9341.0	6694.0
815	9341.0	6694.0
816	9341.0	6694.0
817	9341.0	6694.0
818	9341.0	6694.0
819	9341.0	6694.0
820	9341.0	6922.0
821	9341.0	6694.0
822	9341.0	6694.0
823	9341.0	6694.0
824	9341.0	6694.0
825	9341.0	6694.0
826	9341.0	6694.0
827	9341.0	6694.0
828	9341.0	6694.0
829	9341.0	6694.0
830	9341.0	6694.0
831	9341.0	6694.0
832	9341.0	6694.0
833	9341.0	6694.0
834	9341.0	6694.0
835	9341.0	6694.0
836	9341.0	6694.0
837	9341.0	6694.0
838	9341.0	6694.0
839	9341.0	6694.0
840	9341.0	6903.0
841	9341.0	6694.0
842	9341.0	6694.0
843	9341.0	6694.0
844	9341.0	6694.0
845	9341.0	6694.0
846	9341.0	6694.0
847	9341.0	6701.0
848	9341.0	6701.0
849	9341.0	6701.0
850	9341.0	6701.0
851	9341.0	6701.0
852	9341.0	6701.0
853	9341.0	6701.0
854	9341.0	6701.0
855	9341.0	6701.0
856	9341.0	6701.0
857	9341.0	6701.0
858	9341.0	6701.0
859	9341.0	6701.0
860	9341.0	6885.0
861	9341.0	6701.0
862	9341.0	6701.0
863	9341.0	6701.0
864	9341.0	6701.0
865	9341.0	6701.0
866	9341.0	6701.0
867	9341.0	6701.0
868	9341.0	6701.0
869	9341.0	6701.0
870	9341.0	6701.0
871	9341.0	6749.0
872	9341.0	6749.0
873	9341.0	6749.0
874	9341.0	6749.0
875	9341.0	6749.0
876	9341.0	6749.0
877	9341.0	6749.0
878	9341.0	6749.0
879	9341.0	6749.0
880	9341.0	6847.0
881	9341.0	6749.0
882	9341.0	6749.0
883	9341.0	6749.0
884	9341.0	6749.0
885	9341.0	6749.0
886	9341.0	6749.0
887	9341.0	6749.0
888	9341.0	6749.0
889	9341.0	6749.0
890	9341.0	6749.0
891	9341.0	6749.0
892	9341.0	6749.0
893	9341.0	6749.0
894	9341.0	6749.0
895	9341.0	6749.0
896	9341.0	6749.0
897	9341.0	6749.0
898	9341.0	6749.0
899	9341.0	6749.0
900	9341.0	6903.0
901	9341.0	6749.0
902	9341.0	6749.0
903	9341.0	6749.0
904	9341.0	6749.0
905	9341.0	6749.0
906	9341.0	6749.0
907	9341.0	6749.0
908	9341.0	6749.0
909	9341.0	6749.0
910	9341.0	6749.0
911	9341.0	6749.0
912	9341.0	6749.0
913	9341.0	6749.0
914	9341.0	6749.0
915	9341.0	6749.0
916	9341.0	6749.0
917	9341.0	6749.0
918	9341.0	6749.0
919	9341.0	6749.0
920	9341.0	6749.0
921	9341.0	6749.0
922	9341.0	6749.0
923	9341.0	6749.0
924	9341.0	6749.0
925	9341.0	6749.0
926	9341.0	6749.0
927	9341.0	6749.0
928	9341.0	6749.0
929	9341.0	6749.0
930	9341.0	6749.0
931	9341.0	6749.0
932	9341.0	6749.0
933	9341.0	6749.0
934	9341.0	6749.0
935	9341.0	6749.0
936	9341.0	6749.0
937	9341.0	6749.0
938	9341.0	6749.0
939	9341.0	6749.0
940	9341.0	6820.0
941	9341.0	6749.0
942	9341.0	6749.0
943	9341.0	6749.0
944	9341.0	6749.0
945	9341.0	6749.0
946	9341.0	6749.0
947	9341.0	6749.0
948	9341.0	6749.0
949	9341.0	6749.0
950	9341.0	6749.0
951	9341.0	6749.0
952	9341.0	6749.0
953	9341.0	6749.0
954	9341.0	6749.0
955	9341.0	6749.0
956	9341.0	6749.0
957	9341.0	6749.0
958	9341.0	6749.0
959	9341.0	6749.0
960	9341.0	6847.0
961	9341.0	6749.0
962	9341.0	6749.0
963	9341.0	6749.0
964	9341.0	6749.0
965	9341.0	6749.0
966	9341.0	6749.0
967	9341.0	6749.0
968	9341.0	6749.0
969	9341.0	6749.0
970	9341.0	6749.0
971	9341.0	6749.0
972	9341.0	6749.0
973	9341.0	6749.0
974	9341.0	6749.0
975	9341.0	6749.0
976	9341.0	6749.0
977	9341.0	6749.0
978	9341.0	6749.0
979	9341.0	6749.0
980	9341.0	6861.0
981	9341.0	6749.0
982	9341.0	6749.0
983	9341.0	6749.0
984	9341.0	6749.0
985	9341.0	6749.0
986	9341.0	6749.0
987	9341.0	6749.0
988	9341.0	6749.0
989	9341.0	6749.0
990	9341.0	6749.0
991	9341.0	6749.0
992	9341.0	6749.0
993	9341.0	6749.0
994	9341.0	6749.0
995	9341.0	6749.0
996	9341.0	6749.0
997	9341.0	6749.0
998	9341.0	6749.0
999	9341.0	6749.0
1000	9341.0	6922.0
