0	7484.0	2803.0
1	7742.0	3156.0
2	7742.0	3582.0
3	7742.0	4048.0
4	7742.0	4327.0
5	8348.0	4485.0
6	8348.0	4485.0
7	8348.0	4485.0
8	8348.0	4613.0
9	8348.0	4662.0
10	8348.0	4662.0
11	8348.0	4706.0
12	8348.0	4706.0
13	8348.0	4772.0
14	8348.0	5166.0
15	8348.0	5166.0
16	8348.0	5166.0
17	8348.0	5166.0
18	8677.0	5222.0
19	8677.0	5268.0
20	8677.0	5486.0
21	8677.0	5330.0
22	8677.0	5334.0
23	8677.0	5334.0
24	8677.0	5334.0
25	8677.0	5334.0
26	8677.0	5351.0
27	8677.0	5351.0
28	8677.0	5351.0
29	8677.0	5351.0
30	8800.0	5403.0
31	8800.0	5403.0
32	8800.0	5403.0
33	8984.0	5403.0
34	8984.0	5451.0
35	8984.0	5451.0
36	8984.0	5451.0
37	8984.0	5451.0
38	8984.0	5451.0
39	8984.0	5451.0
40	8984.0	5629.0
41	8984.0	5451.0
42	8984.0	5451.0
43	8984.0	5484.0
44	8984.0	5484.0
45	8984.0	5484.0
46	8984.0	5484.0
47	8984.0	5484.0
48	8984.0	5484.0
49	8984.0	5616.0
50	8984.0	5616.0
51	8984.0	5616.0
52	8984.0	5616.0
53	8984.0	5616.0
54	8984.0	5616.0
55	8984.0	5616.0
56	8984.0	5616.0
57	8984.0	5616.0
58	8984.0	5616.0
59	8984.0	5738.0
60	8984.0	5738.0
61	8984.0	5738.0
62	8984.0	5738.0
63	8984.0	5913.0
64	8984.0	5916.0
65	8984.0	5916.0
66	8984.0	5916.0
67	8984.0	5916.0
68	8984.0	5916.0
69	8984.0	5916.0
70	8984.0	5916.0
71	8984.0	5916.0
72	8984.0	5946.0
73	8984.0	5946.0
74	8984.0	5946.0
75	8984.0	5946.0
76	8984.0	5946.0
77	8984.0	5946.0
78	8984.0	5946.0
79	8984.0	5946.0
80	8984.0	5972.0
81	8984.0	5972.0
82	8984.0	5980.0
83	8984.0	5980.0
84	8984.0	5980.0
85	8984.0	5980.0
86	8984.0	5980.0
87	8984.0	5980.0
88	8984.0	5980.0
89	8984.0	5980.0
90	8984.0	5980.0
91	8984.0	5980.0
92	8984.0	6029.0
93	8984.0	6029.0
94	8984.0	6029.0
95	8984.0	6029.0
96	8984.0	6029.0
97	8984.0	6029.0
98	8984.0	6029.0
99	8984.0	6029.0
100	8984.0	6151.0
101	8984.0	6029.0
102	8984.0	6029.0
103	8984.0	6029.0
104	8984.0	6029.0
105	8984.0	6029.0
106	8984.0	6029.0
107	8984.0	6029.0
108	8984.0	6029.0
109	8984.0	6029.0
110	8984.0	6029.0
111	8984.0	6029.0
112	8984.0	6029.0
113	8984.0	6029.0
114	8984.0	6029.0
115	8984.0	6029.0
116	8984.0	6146.0
117	8984.0	6146.0
118	8984.0	6146.0
119	8984.0	6146.0
120	8984.0	6163.0
121	8984.0	6146.0
122	8984.0	6146.0
123	8984.0	6146.0
124	8984.0	6146.0
125	8984.0	6146.0
126	8984.0	6146.0
127	8984.0	6146.0
128	8984.0	6146.0
129	8984.0	6146.0
130	8984.0	6146.0
131	8984.0	6146.0
132	8984.0	6146.0
133	8984.0	6146.0
134	8984.0	6146.0
135	8984.0	6146.0
136	8984.0	6146.0
137	8984.0	6146.0
138	8984.0	6146.0
139	8984.0	6146.0
140	8984.0	6249.0
141	8984.0	6146.0
142	8984.0	6146.0
143	8984.0	6146.0
144	8984.0	6146.0
145	8984.0	6146.0
146	8984.0	6146.0
147	8984.0	6146.0
148	8984.0	6146.0
149	8984.0	6146.0
150	8984.0	6146.0
151	8984.0	6146.0
152	8984.0	6146.0
153	8984.0	6146.0
154	8984.0	6146.0
155	8984.0	6146.0
156	8984.0	6146.0
157	8984.0	6146.0
158	8984.0	6146.0
159	8984.0	6146.0
160	8984.0	6146.0
161	8984.0	6146.0
162	8984.0	6146.0
163	8984.0	6146.0
164	8984.0	6146.0
165	8984.0	6146.0
166	8984.0	6146.0
167	8984.0	6146.0
168	8984.0	6146.0
169	8984.0	6146.0
170	8984.0	6146.0
171	8984.0	6146.0
172	8984.0	6146.0
173	8984.0	6146.0
174	8984.0	6146.0
175	8984.0	6146.0
176	8984.0	6146.0
177	8984.0	6291.0
178	8984.0	6291.0
179	8984.0	6291.0
180	8984.0	6291.0
181	8984.0	6291.0
182	8984.0	6291.0
183	8984.0	6291.0
184	8984.0	6291.0
185	8984.0	6291.0
186	8984.0	6291.0
187	8984.0	6291.0
188	8984.0	6291.0
189	8984.0	6291.0
190	8984.0	6291.0
191	8984.0	6291.0
192	8984.0	6291.0
193	8984.0	6291.0
194	8984.0	6291.0
195	8984.0	6291.0
196	8984.0	6291.0
197	8984.0	6291.0
198	8984.0	6291.0
199	8984.0	6291.0
200	8984.0	6291.0
201	8984.0	6291.0
202	8984.0	6291.0
203	8984.0	6291.0
204	8984.0	6291.0
205	8984.0	6291.0
206	8984.0	6291.0
207	8984.0	6291.0
208	8984.0	6291.0
209	8984.0	6291.0
210	8984.0	6291.0
211	8984.0	6291.0
212	8984.0	6291.0
213	8984.0	6291.0
214	8984.0	6291.0
215	8984.0	6328.0
216	8984.0	6328.0
217	8984.0	6328.0
218	8984.0	6328.0
219	8984.0	6328.0
220	8984.0	6386.0
221	8984.0	6328.0
222	8984.0	6328.0
223	8984.0	6328.0
224	8984.0	6328.0
225	8984.0	6328.0
226	8984.0	6328.0
227	8984.0	6328.0
228	8984.0	6328.0
229	8984.0	6328.0
230	8984.0	6328.0
231	8984.0	6328.0
232	8984.0	6328.0
233	8984.0	6328.0
234	8984.0	6328.0
235	8984.0	6328.0
236	8984.0	6328.0
237	8984.0	6328.0
238	8984.0	6328.0
239	8984.0	6328.0
240	8984.0	6410.0
241	8984.0	6328.0
242	8984.0	6328.0
243	8984.0	6328.0
244	8984.0	6328.0
245	8984.0	6328.0
246	8984.0	6328.0
247	8984.0	6328.0
248	8984.0	6328.0
249	8984.0	6328.0
250	8984.0	6328.0
251	8984.0	6328.0
252	8984.0	6328.0
253	8984.0	6328.0
254	8984.0	6328.0
255	8984.0	6328.0
256	8984.0	6328.0
257	8984.0	6328.0
258	8984.0	6328.0
259	8984.0	6328.0
260	8984.0	6328.0
261	8984.0	6328.0
262	8984.0	6328.0
263	8984.0	6328.0
264	8984.0	6328.0
265	8984.0	6328.0
266	8984.0	6364.0
267	8984.0	6364.0
268	8984.0	6364.0
269	8984.0	6364.0
270	8984.0	6364.0
271	8984.0	6364.0
272	8984.0	6364.0
273	8984.0	6364.0
274	8984.0	6364.0
275	8984.0	6364.0
276	8984.0	6364.0
277	8984.0	6364.0
278	8984.0	6364.0
279	8984.0	6364.0
280	8984.0	6597.0
281	8984.0	6364.0
282	8984.0	6364.0
283	8984.0	6364.0
284	8984.0	6364.0
285	8984.0	6364.0
286	8984.0	6364.0
287	8984.0	6364.0
288	8984.0	6364.0
289	8984.0	6364.0
290	8984.0	6364.0
291	8984.0	6364.0
292	8984.0	6364.0
293	8984.0	6364.0
294	8984.0	6364.0
295	8984.0	6364.0
296	8984.0	6364.0
297	8984.0	6364.0
298	8984.0	6364.0
299	8984.0	6364.0
300	8984.0	6473.0
301	8984.0	6382.0
302	8984.0	6382.0
303	8984.0	6382.0
304	8984.0	6382.0
305	8984.0	6382.0
306	8984.0	6382.0
307	8984.0	6382.0
308	8984.0	6382.0
309	8984.0	6382.0
310	8984.0	6382.0
311	8984.0	6382.0
312	8984.0	6382.0
313	8984.0	6382.0
314	8984.0	6382.0
315	8984.0	6382.0
316	8984.0	6382.0
317	8984.0	6382.0
318	8984.0	6382.0
319	8984.0	6382.0
320	8984.0	6382.0
321	8984.0	6382.0
322	8984.0	6382.0
323	8984.0	6382.0
324	8984.0	6382.0
325	8984.0	6382.0
326	8984.0	6382.0
327	8984.0	6382.0
328	8984.0	6382.0
329	8984.0	6382.0
330	8984.0	6382.0
331	8984.0	6382.0
332	8984.0	6382.0
333	8984.0	6382.0
334	8984.0	6382.0
335	8984.0	6382.0
336	8984.0	6382.0
337	8984.0	6382.0
338	8984.0	6382.0
339	8984.0	6382.0
340	8984.0	6480.0
341	8984.0	6382.0
342	8984.0	6382.0
343	8984.0	6382.0
344	8984.0	6382.0
345	8984.0	6382.0
346	8984.0	6382.0
347	8984.0	6382.0
348	8984.0	6382.0
349	8984.0	6382.0
350	8984.0	6382.0
351	8984.0	6382.0
352	8984.0	6382.0
353	8984.0	6382.0
354	8984.0	6382.0
355	8984.0	6382.0
356	8984.0	6382.0
357	8984.0	6382.0
358	8984.0	6382.0
359	8984.0	6382.0
360	8984.0	6480.0
361	8984.0	6382.0
362	8984.0	6382.0
363	8984.0	6382.0
364	8984.0	6382.0
365	8984.0	6382.0
366	8984.0	6382.0
367	8984.0	6382.0
368	8984.0	6382.0
369	8984.0	6382.0
370	8984.0	6382.0
371	8984.0	6382.0
372	8984.0	6382.0
373	8984.0	6382.0
374	8984.0	6382.0
375	8984.0	6382.0
376	8984.0	6382.0
377	8984.0	6382.0
378	8984.0	6382.0
379	8984.0	6382.0
380	8984.0	6473.0
381	8984.0	6382.0
382	8984.0	6382.0
383	8984.0	6382.0
384	8984.0	6382.0
385	8984.0	6382.0
386	8984.0	6382.0
387	8984.0	6382.0
388	8984.0	6382.0
389	8984.0	6382.0
390	8984.0	6382.0
391	8984.0	6382.0
392	8984.0	6382.0
393	8984.0	6382.0
394	8984.0	6382.0
395	8984.0	6382.0
396	8984.0	6382.0
397	8984.0	6382.0
398	8984.0	6382.0
399	8984.0	6382.0
400	8984.0	6533.0
401	8984.0	6382.0
402	8984.0	6382.0
403	8984.0	6382.0
404	8984.0	6382.0
405	8984.0	6382.0
406	8984.0	6382.0
407	8984.0	6382.0
408	8984.0	6382.0
409	8984.0	6382.0
410	8984.0	6382.0
411	8984.0	6382.0
412	8984.0	6382.0
413	8984.0	6382.0
414	8984.0	6382.0
415	8984.0	6382.0
416	8984.0	6382.0
417	8984.0	6382.0
418	8984.0	6382.0
419	8984.0	6382.0
420	8984.0	6572.0
421	8984.0	6382.0
422	8984.0	6382.0
423	8984.0	6382.0
424	8984.0	6382.0
425	8984.0	6382.0
426	8984.0	6382.0
427	8984.0	6382.0
428	8984.0	6382.0
429	8984.0	6382.0
430	8984.0	6382.0
431	8984.0	6382.0
432	8984.0	6382.0
433	8984.0	6382.0
434	8984.0	6382.0
435	8984.0	6382.0
436	8984.0	6382.0
437	8984.0	6533.0
438	8984.0	6533.0
439	8984.0	6533.0
440	8984.0	6596.0
441	8984.0	6533.0
442	8984.0	6533.0
443	8984.0	6533.0
444	8984.0	6533.0
445	8984.0	6533.0
446	8984.0	6533.0
447	8984.0	6533.0
448	8984.0	6533.0
449	8984.0	6533.0
450	8984.0	6533.0
451	8984.0	6533.0
452	8984.0	6533.0
453	8984.0	6533.0
454	8984.0	6533.0
455	8984.0	6533.0
456	8984.0	6533.0
457	8984.0	6533.0
458	8984.0	6533.0
459	8984.0	6533.0
460	8984.0	6533.0
461	8984.0	6533.0
462	8984.0	6533.0
463	8984.0	6533.0
464	8984.0	6533.0
465	8984.0	6533.0
466	8984.0	6533.0
467	8984.0	6533.0
468	8984.0	6533.0
469	8984.0	6533.0
470	8984.0	6533.0
471	8984.0	6533.0
472	8984.0	6533.0
473	8984.0	6533.0
474	8984.0	6533.0
475	8984.0	6533.0
476	8984.0	6533.0
477	8984.0	6533.0
478	8984.0	6533.0
479	8984.0	6533.0
480	8984.0	6533.0
481	8984.0	6533.0
482	8984.0	6533.0
483	8984.0	6533.0
484	8984.0	6533.0
485	8984.0	6533.0
486	8984.0	6533.0
487	8984.0	6533.0
488	8984.0	6533.0
489	8984.0	6533.0
490	8984.0	6533.0
491	8984.0	6533.0
492	8984.0	6533.0
493	8984.0	6533.0
494	8984.0	6533.0
495	8984.0	6533.0
496	8984.0	6533.0
497	8984.0	6533.0
498	8984.0	6533.0
499	8984.0	6533.0
500	8984.0	6823.0
501	8984.0	6533.0
502	8984.0	6533.0
503	8984.0	6533.0
504	8984.0	6533.0
505	8984.0	6533.0
506	8984.0	6533.0
507	8984.0	6533.0
508	8984.0	6533.0
509	8984.0	6533.0
510	8984.0	6533.0
511	8984.0	6533.0
512	8984.0	6533.0
513	8984.0	6533.0
514	8984.0	6533.0
515	8984.0	6533.0
516	8984.0	6533.0
517	8984.0	6533.0
518	8984.0	6533.0
519	8984.0	6533.0
520	8984.0	6689.0
521	8984.0	6533.0
522	8984.0	6533.0
523	8984.0	6533.0
524	8984.0	6533.0
525	8984.0	6533.0
526	8984.0	6533.0
527	8984.0	6533.0
528	8984.0	6533.0
529	8984.0	6533.0
530	8984.0	6533.0
531	8984.0	6533.0
532	8984.0	6596.0
533	8984.0	6596.0
534	8984.0	6596.0
535	8984.0	6596.0
536	8984.0	6596.0
537	8984.0	6596.0
538	8984.0	6596.0
539	8984.0	6596.0
540	8984.0	6750.0
541	8984.0	6596.0
542	8984.0	6596.0
543	8984.0	6596.0
544	8984.0	6596.0
545	8984.0	6596.0
546	8984.0	6596.0
547	8984.0	6596.0
548	8984.0	6596.0
549	8984.0	6596.0
550	8984.0	6596.0
551	8984.0	6596.0
552	8984.0	6596.0
553	8984.0	6596.0
554	8984.0	6596.0
555	8984.0	6596.0
556	8984.0	6596.0
557	8984.0	6596.0
558	8984.0	6596.0
559	8984.0	6596.0
560	8984.0	6740.0
561	8984.0	6596.0
562	8984.0	6596.0
563	8984.0	6596.0
564	8984.0	6596.0
565	8984.0	6596.0
566	8984.0	6596.0
567	8984.0	6596.0
568	8984.0	6596.0
569	8984.0	6596.0
570	8984.0	6596.0
571	8984.0	6596.0
572	8984.0	6596.0
573	8984.0	6596.0
574	8984.0	6596.0
575	8984.0	6596.0
576	8984.0	6596.0
577	8984.0	6596.0
578	8984.0	6596.0
579	8984.0	6596.0
580	8984.0	6764.0
581	8984.0	6596.0
582	8984.0	6596.0
583	8984.0	6596.0
584	8984.0	6596.0
585	8984.0	6596.0
586	8984.0	6596.0
587	8984.0	6596.0
588	8984.0	6596.0
589	8984.0	6596.0
590	8984.0	6596.0
591	8984.0	6596.0
592	8984.0	6596.0
593	8984.0	6596.0
594	8984.0	6596.0
595	8984.0	6596.0
596	8984.0	6596.0
597	8984.0	6596.0
598	8984.0	6596.0
599	8984.0	6596.0
600	8984.0	6750.0
601	8984.0	6596.0
602	8984.0	6596.0
603	8984.0	6596.0
604	8984.0	6596.0
605	8984.0	6596.0
606	8984.0	6596.0
607	8984.0	6596.0
608	8984.0	6596.0
609	8984.0	6596.0
610	8984.0	6596.0
611	8984.0	6596.0
612	8984.0	6596.0
613	8984.0	6596.0
614	8984.0	6596.0
615	8984.0	6596.0
616	8984.0	6596.0
617	8984.0	6596.0
618	8984.0	6596.0
619	8984.0	6596.0
620	8984.0	6694.0
621	8984.0	6596.0
622	8984.0	6596.0
623	8984.0	6596.0
624	8984.0	6596.0
625	8984.0	6596.0
626	8984.0	6596.0
627	8984.0	6596.0
628	8984.0	6596.0
629	8984.0	6596.0
630	8984.0	6596.0
631	8984.0	6596.0
632	8984.0	6596.0
633	8984.0	6596.0
634	8984.0	6596.0
635	8984.0	6596.0
636	8984.0	6596.0
637	8984.0	6596.0
638	8984.0	6596.0
639	8984.0	6596.0
640	8984.0	6783.0
641	8984.0	6596.0
642	8984.0	6596.0
643	8984.0	6694.0
644	8984.0	6694.0
645	8984.0	6694.0
646	8984.0	6694.0
647	8984.0	6694.0
648	8984.0	6694.0
649	8984.0	6694.0
650	8984.0	6694.0
651	8984.0	6694.0
652	8984.0	6694.0
653	8984.0	6694.0
654	8984.0	6694.0
655	8984.0	6694.0
656	8984.0	6694.0
657	8984.0	6694.0
658	8984.0	6694.0
659	8984.0	6694.0
660	8984.0	6694.0
661	8984.0	6694.0
662	8984.0	6694.0
663	8984.0	6694.0
664	8984.0	6694.0
665	8984.0	6694.0
666	8984.0	6694.0
667	8984.0	6694.0
668	8984.0	6694.0
669	8984.0	6694.0
670	8984.0	6694.0
671	8984.0	6694.0
672	8984.0	6694.0
673	8984.0	6694.0
674	8984.0	6694.0
675	8984.0	6694.0
676	8984.0	6694.0
677	8984.0	6694.0
678	8984.0	6694.0
679	8984.0	6694.0
680	8984.0	6719.0
681	8984.0	6694.0
682	8984.0	6694.0
683	8984.0	6694.0
684	8984.0	6694.0
685	8984.0	6694.0
686	8984.0	6694.0
687	8984.0	6694.0
688	8984.0	6694.0
689	8984.0	6694.0
690	8984.0	6694.0
691	8984.0	6694.0
692	8984.0	6694.0
693	8984.0	6694.0
694	8984.0	6694.0
695	8984.0	6694.0
696	8984.0	6694.0
697	8984.0	6694.0
698	8984.0	6694.0
699	8984.0	6694.0
700	8984.0	6860.0
701	8984.0	6694.0
702	8984.0	6694.0
703	8984.0	6694.0
704	8984.0	6694.0
705	8984.0	6694.0
706	8984.0	6719.0
707	8984.0	6719.0
708	8984.0	6719.0
709	8984.0	6719.0
710	8984.0	6719.0
711	8984.0	6719.0
712	8984.0	6719.0
713	8984.0	6719.0
714	8984.0	6719.0
715	8984.0	6719.0
716	8984.0	6719.0
717	8984.0	6719.0
718	8984.0	6719.0
719	8984.0	6719.0
720	8984.0	6810.0
721	8984.0	6719.0
722	8984.0	6719.0
723	8984.0	6719.0
724	8984.0	6719.0
725	8984.0	6719.0
726	8984.0	6719.0
727	8984.0	6719.0
728	8984.0	6719.0
729	8984.0	6719.0
730	8984.0	6719.0
731	8984.0	6719.0
732	8984.0	6719.0
733	8984.0	6719.0
734	8984.0	6719.0
735	8984.0	6719.0
736	8984.0	6719.0
737	8984.0	6719.0
738	8984.0	6719.0
739	8984.0	6719.0
740	8984.0	6810.0
741	8984.0	6719.0
742	8984.0	6719.0
743	8984.0	6719.0
744	8984.0	6719.0
745	8984.0	6719.0
746	8984.0	6719.0
747	8984.0	6719.0
748	8984.0	6719.0
749	8984.0	6719.0
750	8984.0	6719.0
751	8984.0	6719.0
752	8984.0	6719.0
753	8984.0	6810.0
754	8984.0	6810.0
755	8984.0	6810.0
756	8984.0	6810.0
757	8984.0	6810.0
758	8984.0	6810.0
759	8984.0	6810.0
760	8984.0	6929.0
761	8984.0	6810.0
762	8984.0	6810.0
763	8984.0	6810.0
764	8984.0	6810.0
765	8984.0	6810.0
766	8984.0	6810.0
767	8984.0	6810.0
768	8984.0	6810.0
769	8984.0	6810.0
770	8984.0	6810.0
771	8984.0	6810.0
772	8984.0	6815.0
773	8984.0	6815.0
774	8984.0	6815.0
775	8984.0	6815.0
776	8984.0	6815.0
777	8984.0	6815.0
778	8984.0	6815.0
779	8984.0	6815.0
780	8984.0	6920.0
781	8984.0	6815.0
782	8984.0	6815.0
783	8984.0	6815.0
784	8984.0	6815.0
785	8984.0	6815.0
786	8984.0	6815.0
787	8984.0	6815.0
788	8984.0	6815.0
789	8984.0	6815.0
790	8984.0	6815.0
791	8984.0	6815.0
792	8984.0	6815.0
793	8984.0	6815.0
794	8984.0	6815.0
795	8984.0	6815.0
796	8984.0	6815.0
797	8984.0	6815.0
798	8984.0	6815.0
799	8984.0	6815.0
800	8984.0	6920.0
801	8984.0	6815.0
802	8984.0	6815.0
803	8984.0	6815.0
804	8984.0	6815.0
805	8984.0	6815.0
806	8984.0	6815.0
807	8984.0	6815.0
808	8984.0	6815.0
809	8984.0	6815.0
810	8984.0	6815.0
811	8984.0	6815.0
812	8984.0	6815.0
813	8984.0	6815.0
814	8984.0	6815.0
815	8984.0	6815.0
816	8984.0	6815.0
817	8984.0	6815.0
818	8984.0	6815.0
819	8984.0	6815.0
820	8984.0	6880.0
821	8984.0	6815.0
822	8984.0	6815.0
823	8984.0	6815.0
824	8984.0	6815.0
825	8984.0	6815.0
826	8984.0	6815.0
827	8984.0	6815.0
828	8984.0	6815.0
829	8984.0	6815.0
830	8984.0	6815.0
831	8984.0	6815.0
832	8984.0	6815.0
833	8984.0	6815.0
834	8984.0	6815.0
835	8984.0	6815.0
836	8984.0	6815.0
837	8984.0	6815.0
838	8984.0	6815.0
839	8984.0	6815.0
840	8984.0	6815.0
841	8984.0	6815.0
842	8984.0	6815.0
843	8984.0	6815.0
844	8984.0	6815.0
845	8984.0	6815.0
846	8984.0	6815.0
847	8984.0	6815.0
848	8984.0	6815.0
849	8984.0	6815.0
850	8984.0	6815.0
851	8984.0	6815.0
852	8984.0	6815.0
853	8984.0	6815.0
854	8984.0	6815.0
855	8984.0	6815.0
856	8984.0	6815.0
857	8984.0	6815.0
858	8984.0	6815.0
859	8984.0	6815.0
860	8984.0	6885.0
861	8984.0	6815.0
862	8984.0	6815.0
863	8984.0	6815.0
864	8984.0	6815.0
865	8984.0	6815.0
866	8984.0	6815.0
867	8984.0	6815.0
868	8984.0	6815.0
869	8984.0	6815.0
870	8984.0	6815.0
871	8984.0	6815.0
872	8984.0	6815.0
873	8984.0	6815.0
874	8984.0	6815.0
875	8984.0	6815.0
876	8984.0	6815.0
877	8984.0	6815.0
878	8984.0	6815.0
879	8984.0	6815.0
880	8984.0	6885.0
881	8984.0	6880.0
882	8984.0	6880.0
883	8984.0	6880.0
884	8984.0	6880.0
885	8984.0	6880.0
886	8984.0	6880.0
887	8984.0	6880.0
888	8984.0	6880.0
889	8984.0	6880.0
890	8984.0	6880.0
891	8984.0	6880.0
892	8984.0	6880.0
893	8984.0	6880.0
894	8984.0	6880.0
895	8984.0	6880.0
896	8984.0	6880.0
897	8984.0	6880.0
898	8984.0	6880.0
899	8984.0	6880.0
900	8984.0	6885.0
901	8984.0	6880.0
902	8984.0	6880.0
903	8984.0	6880.0
904	8984.0	6880.0
905	8984.0	6880.0
906	8984.0	6880.0
907	8984.0	6880.0
908	8984.0	6880.0
909	8984.0	6880.0
910	8984.0	6880.0
911	8984.0	6880.0
912	8984.0	6880.0
913	8984.0	6880.0
914	8984.0	6880.0
915	8984.0	6880.0
916	8984.0	6880.0
917	8984.0	6880.0
918	8984.0	6880.0
919	8984.0	6880.0
920	8984.0	6958.0
921	8984.0	6880.0
922	8984.0	6880.0
923	8984.0	6880.0
924	8984.0	6880.0
925	8984.0	6880.0
926	8984.0	6880.0
927	8984.0	6880.0
928	8984.0	6880.0
929	8984.0	6880.0
930	8984.0	6880.0
931	8984.0	6880.0
932	8984.0	6880.0
933	8984.0	6880.0
934	8984.0	6880.0
935	8984.0	6880.0
936	8984.0	6880.0
937	8984.0	6880.0
938	8984.0	6880.0
939	8984.0	6880.0
940	8984.0	7047.0
941	8984.0	6880.0
942	8984.0	6880.0
943	8984.0	6880.0
944	8984.0	6880.0
945	8984.0	6880.0
946	8984.0	6880.0
947	8984.0	6880.0
948	8984.0	6880.0
949	8984.0	6880.0
950	8984.0	6880.0
951	8984.0	6880.0
952	8984.0	6880.0
953	8984.0	6880.0
954	8984.0	6880.0
955	8984.0	6880.0
956	8984.0	6880.0
957	8984.0	6880.0
958	8984.0	6880.0
959	8984.0	6880.0
960	8984.0	6880.0
961	8984.0	6880.0
962	8984.0	6880.0
963	8984.0	6880.0
964	8984.0	6880.0
965	8984.0	6880.0
966	8984.0	6880.0
967	8984.0	6880.0
968	8984.0	6880.0
969	8984.0	6880.0
970	8984.0	6880.0
971	8984.0	6880.0
972	8984.0	6880.0
973	8984.0	6880.0
974	8984.0	6880.0
975	8984.0	6880.0
976	8984.0	6880.0
977	8984.0	6880.0
978	8984.0	6880.0
979	8984.0	6880.0
980	8984.0	7000.0
981	8984.0	6880.0
982	8984.0	6880.0
983	8984.0	6880.0
984	8984.0	6880.0
985	8984.0	6880.0
986	8984.0	6880.0
987	8984.0	6880.0
988	8984.0	6880.0
989	8984.0	6880.0
990	8984.0	6880.0
991	8984.0	6880.0
992	8984.0	6880.0
993	8984.0	6880.0
994	8984.0	6880.0
995	8984.0	6880.0
996	8984.0	6880.0
997	8984.0	6880.0
998	8984.0	6880.0
999	8984.0	6880.0
1000	8984.0	6880.0
