0	7801.0	3018.0
1	7801.0	3325.0
2	7801.0	3655.0
3	7966.0	3997.0
4	7966.0	4359.0
5	7966.0	4359.0
6	7966.0	4359.0
7	7966.0	4409.0
8	7966.0	4594.0
9	7966.0	4594.0
10	7966.0	4594.0
11	7966.0	4594.0
12	7966.0	4917.0
13	7978.0	5084.0
14	7978.0	5200.0
15	7978.0	5200.0
16	7978.0	5243.0
17	7978.0	5243.0
18	7978.0	5243.0
19	7978.0	5243.0
20	7978.0	5354.0
21	7978.0	5288.0
22	7978.0	5288.0
23	7978.0	5288.0
24	7978.0	5288.0
25	7978.0	5288.0
26	7978.0	5288.0
27	7978.0	5288.0
28	8279.0	5288.0
29	8279.0	5288.0
30	8279.0	5309.0
31	8279.0	5309.0
32	8279.0	5457.0
33	8279.0	5457.0
34	8279.0	5478.0
35	8279.0	5478.0
36	8279.0	5478.0
37	8279.0	5478.0
38	8279.0	5567.0
39	8279.0	5567.0
40	8279.0	5748.0
41	8279.0	5567.0
42	8279.0	5567.0
43	8279.0	5567.0
44	8279.0	5567.0
45	8279.0	5567.0
46	8279.0	5567.0
47	8279.0	5567.0
48	8279.0	5725.0
49	8279.0	5796.0
50	8279.0	5796.0
51	8279.0	5796.0
52	8279.0	5830.0
53	8279.0	5830.0
54	8279.0	5830.0
55	8279.0	5830.0
56	8279.0	5830.0
57	8279.0	5830.0
58	8444.0	5830.0
59	8444.0	5830.0
60	8444.0	5830.0
61	8444.0	5830.0
62	8444.0	5843.0
63	8444.0	5843.0
64	8444.0	5843.0
65	8444.0	5843.0
66	8444.0	5843.0
67	8444.0	5843.0
68	8444.0	5843.0
69	8444.0	5843.0
70	8444.0	5843.0
71	8724.0	5843.0
72	8724.0	5843.0
73	8724.0	5843.0
74	9056.0	5843.0
75	9056.0	5843.0
76	9056.0	5843.0
77	9056.0	5843.0
78	9056.0	5868.0
79	9056.0	5868.0
80	9056.0	6025.0
81	9056.0	5868.0
82	9056.0	5868.0
83	9056.0	5868.0
84	9056.0	5868.0
85	9056.0	5868.0
86	9056.0	5868.0
87	9056.0	5868.0
88	9056.0	5868.0
89	9056.0	5868.0
90	9056.0	5868.0
91	9056.0	5868.0
92	9056.0	5907.0
93	9056.0	5907.0
94	9056.0	5907.0
95	9056.0	5907.0
96	9056.0	5907.0
97	9056.0	5907.0
98	9056.0	6065.0
99	9056.0	6065.0
100	9056.0	6154.0
101	9056.0	6065.0
102	9056.0	6065.0
103	9056.0	6065.0
104	9056.0	6065.0
105	9056.0	6065.0
106	9056.0	6065.0
107	9056.0	6065.0
108	9056.0	6065.0
109	9056.0	6065.0
110	9056.0	6065.0
111	9056.0	6065.0
112	9056.0	6065.0
113	9056.0	6065.0
114	9056.0	6065.0
115	9056.0	6065.0
116	9056.0	6101.0
117	9056.0	6101.0
118	9056.0	6101.0
119	9056.0	6101.0
120	9056.0	6154.0
121	9056.0	6101.0
122	9056.0	6101.0
123	9056.0	6101.0
124	9056.0	6101.0
125	9056.0	6101.0
126	9056.0	6101.0
127	9056.0	6101.0
128	9056.0	6101.0
129	9056.0	6101.0
130	9056.0	6101.0
131	9056.0	6101.0
132	9056.0	6101.0
133	9056.0	6101.0
134	9056.0	6101.0
135	9056.0	6101.0
136	9056.0	6101.0
137	9056.0	6101.0
138	9056.0	6101.0
139	9056.0	6101.0
140	9056.0	6386.0
141	9056.0	6101.0
142	9056.0	6101.0
143	9056.0	6101.0
144	9056.0	6101.0
145	9056.0	6101.0
146	9056.0	6101.0
147	9056.0	6101.0
148	9056.0	6101.0
149	9056.0	6101.0
150	9056.0	6101.0
151	9056.0	6101.0
152	9056.0	6101.0
153	9056.0	6101.0
154	9056.0	6101.0
155	9056.0	6101.0
156	9056.0	6101.0
157	9056.0	6101.0
158	9056.0	6101.0
159	9056.0	6101.0
160	9056.0	6101.0
161	9056.0	6101.0
162	9056.0	6101.0
163	9056.0	6101.0
164	9056.0	6101.0
165	9056.0	6101.0
166	9056.0	6101.0
167	9056.0	6101.0
168	9056.0	6101.0
169	9056.0	6101.0
170	9056.0	6101.0
171	9056.0	6101.0
172	9056.0	6101.0
173	9056.0	6101.0
174	9056.0	6101.0
175	9056.0	6101.0
176	9056.0	6101.0
177	9056.0	6101.0
178	9056.0	6101.0
179	9056.0	6101.0
180	9056.0	6311.0
181	9056.0	6101.0
182	9056.0	6101.0
183	9056.0	6101.0
184	9056.0	6101.0
185	9056.0	6101.0
186	9056.0	6101.0
187	9056.0	6101.0
188	9056.0	6101.0
189	9056.0	6101.0
190	9056.0	6101.0
191	9056.0	6101.0
192	9056.0	6101.0
193	9056.0	6101.0
194	9056.0	6101.0
195	9056.0	6316.0
196	9056.0	6316.0
197	9056.0	6316.0
198	9056.0	6316.0
199	9056.0	6316.0
200	9056.0	6347.0
201	9056.0	6316.0
202	9056.0	6316.0
203	9056.0	6316.0
204	9056.0	6316.0
205	9056.0	6316.0
206	9056.0	6316.0
207	9056.0	6316.0
208	9056.0	6316.0
209	9056.0	6316.0
210	9056.0	6316.0
211	9056.0	6316.0
212	9056.0	6316.0
213	9056.0	6316.0
214	9056.0	6316.0
215	9056.0	6316.0
216	9056.0	6316.0
217	9056.0	6316.0
218	9056.0	6316.0
219	9056.0	6316.0
220	9056.0	6316.0
221	9056.0	6316.0
222	9056.0	6316.0
223	9056.0	6316.0
224	9056.0	6391.0
225	9056.0	6410.0
226	9056.0	6410.0
227	9056.0	6410.0
228	9056.0	6410.0
229	9056.0	6410.0
230	9056.0	6410.0
231	9056.0	6410.0
232	9056.0	6410.0
233	9056.0	6410.0
234	9056.0	6410.0
235	9056.0	6410.0
236	9056.0	6410.0
237	9056.0	6410.0
238	9056.0	6410.0
239	9056.0	6410.0
240	9056.0	6515.0
241	9056.0	6410.0
242	9056.0	6410.0
243	9056.0	6410.0
244	9056.0	6410.0
245	9056.0	6410.0
246	9056.0	6410.0
247	9056.0	6410.0
248	9056.0	6410.0
249	9056.0	6410.0
250	9056.0	6410.0
251	9056.0	6410.0
252	9056.0	6410.0
253	9056.0	6410.0
254	9056.0	6410.0
255	9056.0	6410.0
256	9056.0	6410.0
257	9056.0	6410.0
258	9056.0	6410.0
259	9056.0	6410.0
260	9056.0	6479.0
261	9056.0	6461.0
262	9056.0	6461.0
263	9056.0	6461.0
264	9056.0	6461.0
265	9056.0	6461.0
266	9056.0	6461.0
267	9056.0	6461.0
268	9056.0	6461.0
269	9056.0	6461.0
270	9056.0	6461.0
271	9056.0	6461.0
272	9056.0	6461.0
273	9056.0	6461.0
274	9056.0	6461.0
275	9056.0	6461.0
276	9056.0	6461.0
277	9056.0	6461.0
278	9056.0	6461.0
279	9056.0	6461.0
280	9056.0	6564.0
281	9056.0	6461.0
282	9056.0	6461.0
283	9056.0	6461.0
284	9056.0	6461.0
285	9056.0	6461.0
286	9056.0	6461.0
287	9056.0	6461.0
288	9056.0	6461.0
289	9056.0	6461.0
290	9056.0	6461.0
291	9056.0	6461.0
292	9056.0	6461.0
293	9056.0	6461.0
294	9056.0	6461.0
295	9056.0	6461.0
296	9056.0	6461.0
297	9056.0	6461.0
298	9056.0	6461.0
299	9056.0	6461.0
300	9056.0	6555.0
301	9056.0	6548.0
302	9056.0	6548.0
303	9056.0	6548.0
304	9056.0	6548.0
305	9056.0	6548.0
306	9056.0	6548.0
307	9056.0	6548.0
308	9056.0	6548.0
309	9056.0	6548.0
310	9056.0	6548.0
311	9056.0	6555.0
312	9056.0	6555.0
313	9056.0	6555.0
314	9056.0	6555.0
315	9056.0	6555.0
316	9056.0	6555.0
317	9056.0	6555.0
318	9056.0	6555.0
319	9056.0	6555.0
320	9056.0	6666.0
321	9056.0	6555.0
322	9056.0	6555.0
323	9056.0	6555.0
324	9056.0	6555.0
325	9056.0	6555.0
326	9056.0	6555.0
327	9056.0	6560.0
328	9056.0	6560.0
329	9056.0	6560.0
330	9056.0	6560.0
331	9056.0	6560.0
332	9056.0	6560.0
333	9056.0	6560.0
334	9056.0	6560.0
335	9056.0	6560.0
336	9056.0	6566.0
337	9056.0	6566.0
338	9056.0	6566.0
339	9056.0	6566.0
340	9056.0	6663.0
341	9056.0	6573.0
342	9056.0	6573.0
343	9056.0	6573.0
344	9056.0	6573.0
345	9056.0	6573.0
346	9056.0	6573.0
347	9056.0	6573.0
348	9056.0	6573.0
349	9056.0	6573.0
350	9056.0	6573.0
351	9056.0	6573.0
352	9056.0	6573.0
353	9056.0	6573.0
354	9056.0	6573.0
355	9056.0	6573.0
356	9056.0	6573.0
357	9056.0	6573.0
358	9056.0	6573.0
359	9056.0	6573.0
360	9056.0	6631.0
361	9056.0	6573.0
362	9056.0	6573.0
363	9056.0	6573.0
364	9056.0	6573.0
365	9056.0	6573.0
366	9056.0	6592.0
367	9056.0	6592.0
368	9056.0	6592.0
369	9056.0	6592.0
370	9056.0	6592.0
371	9056.0	6592.0
372	9056.0	6592.0
373	9056.0	6592.0
374	9056.0	6592.0
375	9056.0	6592.0
376	9056.0	6592.0
377	9056.0	6592.0
378	9056.0	6592.0
379	9056.0	6592.0
380	9056.0	6631.0
381	9056.0	6592.0
382	9056.0	6592.0
383	9056.0	6592.0
384	9056.0	6592.0
385	9056.0	6592.0
386	9056.0	6592.0
387	9056.0	6592.0
388	9056.0	6592.0
389	9056.0	6592.0
390	9056.0	6592.0
391	9056.0	6592.0
392	9056.0	6592.0
393	9056.0	6592.0
394	9056.0	6592.0
395	9056.0	6592.0
396	9056.0	6592.0
397	9056.0	6592.0
398	9056.0	6592.0
399	9056.0	6592.0
400	9056.0	6611.0
401	9056.0	6592.0
402	9056.0	6592.0
403	9056.0	6592.0
404	9056.0	6592.0
405	9056.0	6592.0
406	9056.0	6592.0
407	9056.0	6592.0
408	9056.0	6592.0
409	9056.0	6592.0
410	9056.0	6592.0
411	9056.0	6592.0
412	9056.0	6592.0
413	9056.0	6592.0
414	9056.0	6592.0
415	9056.0	6592.0
416	9056.0	6592.0
417	9056.0	6592.0
418	9056.0	6592.0
419	9056.0	6592.0
420	9056.0	6592.0
421	9056.0	6592.0
422	9056.0	6592.0
423	9056.0	6592.0
424	9056.0	6592.0
425	9056.0	6592.0
426	9056.0	6592.0
427	9056.0	6592.0
428	9149.0	6592.0
429	9149.0	6592.0
430	9149.0	6592.0
431	9149.0	6592.0
432	9149.0	6592.0
433	9149.0	6592.0
434	9149.0	6592.0
435	9149.0	6592.0
436	9149.0	6592.0
437	9149.0	6592.0
438	9149.0	6592.0
439	9149.0	6592.0
440	9149.0	6631.0
441	9149.0	6592.0
442	9149.0	6592.0
443	9149.0	6592.0
444	9149.0	6592.0
445	9149.0	6592.0
446	9149.0	6592.0
447	9149.0	6592.0
448	9149.0	6592.0
449	9149.0	6592.0
450	9149.0	6592.0
451	9149.0	6592.0
452	9149.0	6592.0
453	9149.0	6592.0
454	9149.0	6592.0
455	9149.0	6592.0
456	9149.0	6592.0
457	9149.0	6592.0
458	9149.0	6592.0
459	9149.0	6592.0
460	9149.0	6592.0
461	9149.0	6592.0
462	9149.0	6592.0
463	9149.0	6592.0
464	9149.0	6592.0
465	9149.0	6592.0
466	9149.0	6592.0
467	9149.0	6592.0
468	9149.0	6592.0
469	9149.0	6592.0
470	9149.0	6592.0
471	9149.0	6592.0
472	9149.0	6592.0
473	9149.0	6592.0
474	9149.0	6592.0
475	9149.0	6592.0
476	9149.0	6592.0
477	9149.0	6592.0
478	9149.0	6631.0
479	9149.0	6631.0
480	9149.0	6881.0
481	9149.0	6631.0
482	9149.0	6631.0
483	9149.0	6631.0
484	9149.0	6631.0
485	9149.0	6631.0
486	9149.0	6631.0
487	9149.0	6631.0
488	9149.0	6631.0
489	9149.0	6631.0
490	9149.0	6631.0
491	9149.0	6631.0
492	9149.0	6631.0
493	9149.0	6631.0
494	9149.0	6631.0
495	9149.0	6631.0
496	9149.0	6631.0
497	9149.0	6631.0
498	9149.0	6631.0
499	9149.0	6631.0
500	9149.0	6755.0
501	9149.0	6631.0
502	9149.0	6631.0
503	9149.0	6631.0
504	9149.0	6631.0
505	9149.0	6631.0
506	9149.0	6631.0
507	9149.0	6631.0
508	9149.0	6631.0
509	9149.0	6631.0
510	9149.0	6631.0
511	9149.0	6631.0
512	9149.0	6631.0
513	9149.0	6631.0
514	9149.0	6631.0
515	9149.0	6631.0
516	9149.0	6631.0
517	9149.0	6631.0
518	9149.0	6631.0
519	9149.0	6631.0
520	9149.0	6631.0
521	9149.0	6631.0
522	9149.0	6631.0
523	9149.0	6631.0
524	9149.0	6631.0
525	9149.0	6631.0
526	9149.0	6631.0
527	9149.0	6631.0
528	9149.0	6631.0
529	9149.0	6631.0
530	9149.0	6631.0
531	9149.0	6631.0
532	9149.0	6631.0
533	9149.0	6631.0
534	9149.0	6631.0
535	9149.0	6631.0
536	9149.0	6631.0
537	9149.0	6631.0
538	9149.0	6631.0
539	9149.0	6631.0
540	9149.0	6823.0
541	9149.0	6631.0
542	9149.0	6631.0
543	9149.0	6631.0
544	9149.0	6631.0
545	9149.0	6631.0
546	9149.0	6631.0
547	9149.0	6631.0
548	9149.0	6631.0
549	9149.0	6631.0
550	9149.0	6631.0
551	9149.0	6631.0
552	9149.0	6631.0
553	9149.0	6631.0
554	9149.0	6631.0
555	9149.0	6631.0
556	9149.0	6631.0
557	9149.0	6631.0
558	9149.0	6631.0
559	9149.0	6631.0
560	9149.0	6755.0
561	9149.0	6631.0
562	9149.0	6631.0
563	9149.0	6631.0
564	9149.0	6631.0
565	9149.0	6631.0
566	9149.0	6631.0
567	9149.0	6631.0
568	9149.0	6631.0
569	9149.0	6631.0
570	9149.0	6631.0
571	9149.0	6631.0
572	9149.0	6631.0
573	9149.0	6631.0
574	9149.0	6631.0
575	9149.0	6631.0
576	9149.0	6631.0
577	9149.0	6631.0
578	9149.0	6631.0
579	9149.0	6631.0
580	9149.0	6755.0
581	9149.0	6631.0
582	9149.0	6631.0
583	9149.0	6631.0
584	9149.0	6631.0
585	9149.0	6631.0
586	9149.0	6631.0
587	9149.0	6631.0
588	9149.0	6631.0
589	9149.0	6631.0
590	9149.0	6631.0
591	9149.0	6631.0
592	9149.0	6631.0
593	9149.0	6631.0
594	9149.0	6631.0
595	9149.0	6631.0
596	9149.0	6631.0
597	9149.0	6631.0
598	9149.0	6631.0
599	9149.0	6755.0
600	9149.0	6840.0
601	9149.0	6755.0
602	9149.0	6755.0
603	9149.0	6755.0
604	9149.0	6755.0
605	9149.0	6755.0
606	9149.0	6755.0
607	9149.0	6755.0
608	9149.0	6755.0
609	9149.0	6755.0
610	9149.0	6755.0
611	9149.0	6755.0
612	9149.0	6755.0
613	9149.0	6755.0
614	9149.0	6755.0
615	9149.0	6755.0
616	9149.0	6755.0
617	9149.0	6755.0
618	9149.0	6755.0
619	9149.0	6755.0
620	9149.0	6823.0
621	9149.0	6755.0
622	9149.0	6755.0
623	9149.0	6755.0
624	9149.0	6755.0
625	9149.0	6755.0
626	9149.0	6755.0
627	9149.0	6755.0
628	9149.0	6755.0
629	9149.0	6755.0
630	9149.0	6755.0
631	9149.0	6755.0
632	9149.0	6755.0
633	9149.0	6755.0
634	9149.0	6755.0
635	9149.0	6755.0
636	9149.0	6755.0
637	9149.0	6755.0
638	9149.0	6755.0
639	9149.0	6755.0
640	9149.0	6823.0
641	9149.0	6755.0
642	9149.0	6755.0
643	9149.0	6755.0
644	9149.0	6755.0
645	9149.0	6755.0
646	9149.0	6755.0
647	9149.0	6755.0
648	9149.0	6755.0
649	9149.0	6755.0
650	9149.0	6755.0
651	9149.0	6755.0
652	9149.0	6755.0
653	9149.0	6755.0
654	9149.0	6755.0
655	9149.0	6755.0
656	9149.0	6755.0
657	9149.0	6755.0
658	9149.0	6755.0
659	9149.0	6755.0
660	9149.0	6827.0
661	9149.0	6755.0
662	9149.0	6755.0
663	9149.0	6755.0
664	9149.0	6755.0
665	9149.0	6755.0
666	9149.0	6755.0
667	9149.0	6755.0
668	9149.0	6755.0
669	9149.0	6755.0
670	9149.0	6755.0
671	9149.0	6755.0
672	9149.0	6755.0
673	9149.0	6755.0
674	9149.0	6755.0
675	9149.0	6755.0
676	9149.0	6755.0
677	9149.0	6755.0
678	9149.0	6755.0
679	9149.0	6755.0
680	9149.0	6840.0
681	9149.0	6755.0
682	9149.0	6755.0
683	9149.0	6755.0
684	9149.0	6755.0
685	9149.0	6755.0
686	9149.0	6755.0
687	9149.0	6755.0
688	9149.0	6755.0
689	9149.0	6755.0
690	9149.0	6755.0
691	9149.0	6755.0
692	9149.0	6755.0
693	9149.0	6755.0
694	9149.0	6755.0
695	9149.0	6755.0
696	9149.0	6755.0
697	9149.0	6755.0
698	9149.0	6755.0
699	9149.0	6755.0
700	9149.0	6755.0
701	9149.0	6755.0
702	9149.0	6755.0
703	9149.0	6755.0
704	9149.0	6755.0
705	9149.0	6755.0
706	9149.0	6755.0
707	9149.0	6755.0
708	9149.0	6755.0
709	9149.0	6755.0
710	9149.0	6755.0
711	9149.0	6755.0
712	9149.0	6755.0
713	9149.0	6755.0
714	9149.0	6755.0
715	9149.0	6755.0
716	9149.0	6794.0
717	9149.0	6794.0
718	9149.0	6794.0
719	9149.0	6794.0
720	9149.0	6912.0
721	9149.0	6794.0
722	9149.0	6794.0
723	9149.0	6794.0
724	9149.0	6794.0
725	9149.0	6794.0
726	9149.0	6794.0
727	9149.0	6794.0
728	9149.0	6794.0
729	9149.0	6794.0
730	9149.0	6794.0
731	9149.0	6794.0
732	9149.0	6794.0
733	9149.0	6823.0
734	9149.0	6823.0
735	9149.0	6823.0
736	9149.0	6823.0
737	9149.0	6823.0
738	9149.0	6823.0
739	9149.0	6823.0
740	9149.0	6950.0
741	9149.0	6823.0
742	9149.0	6823.0
743	9149.0	6823.0
744	9149.0	6823.0
745	9149.0	6823.0
746	9149.0	6823.0
747	9149.0	6823.0
748	9149.0	6823.0
749	9149.0	6823.0
750	9149.0	6823.0
751	9149.0	6823.0
752	9149.0	6823.0
753	9149.0	6823.0
754	9149.0	6823.0
755	9149.0	6823.0
756	9149.0	6823.0
757	9149.0	6823.0
758	9149.0	6823.0
759	9149.0	6823.0
760	9149.0	6912.0
761	9149.0	6823.0
762	9149.0	6823.0
763	9149.0	6823.0
764	9149.0	6823.0
765	9149.0	6823.0
766	9149.0	6823.0
767	9149.0	6823.0
768	9149.0	6823.0
769	9149.0	6823.0
770	9149.0	6823.0
771	9149.0	6823.0
772	9149.0	6823.0
773	9149.0	6823.0
774	9149.0	6823.0
775	9149.0	6823.0
776	9149.0	6823.0
777	9149.0	6823.0
778	9149.0	6823.0
779	9149.0	6823.0
780	9149.0	6823.0
781	9149.0	6823.0
782	9149.0	6823.0
783	9149.0	6823.0
784	9149.0	6823.0
785	9149.0	6823.0
786	9149.0	6823.0
787	9149.0	6823.0
788	9149.0	6823.0
789	9149.0	6823.0
790	9149.0	6823.0
791	9149.0	6823.0
792	9149.0	6823.0
793	9149.0	6823.0
794	9149.0	6823.0
795	9149.0	6823.0
796	9149.0	6823.0
797	9149.0	6823.0
798	9149.0	6823.0
799	9149.0	6823.0
800	9149.0	6942.0
801	9149.0	6823.0
802	9149.0	6823.0
803	9149.0	6823.0
804	9149.0	6823.0
805	9149.0	6823.0
806	9149.0	6823.0
807	9149.0	6823.0
808	9149.0	6823.0
809	9149.0	6823.0
810	9149.0	6823.0
811	9149.0	6823.0
812	9149.0	6823.0
813	9149.0	6823.0
814	9149.0	6823.0
815	9149.0	6823.0
816	9149.0	6823.0
817	9149.0	6823.0
818	9149.0	6823.0
819	9149.0	6823.0
820	9149.0	6964.0
821	9149.0	6823.0
822	9149.0	6823.0
823	9149.0	6823.0
824	9149.0	6823.0
825	9149.0	6823.0
826	9149.0	6823.0
827	9149.0	6823.0
828	9149.0	6823.0
829	9149.0	6823.0
830	9149.0	6823.0
831	9149.0	6823.0
832	9149.0	6823.0
833	9149.0	6823.0
834	9149.0	6823.0
835	9149.0	6823.0
836	9149.0	6823.0
837	9149.0	6823.0
838	9149.0	6823.0
839	9149.0	6823.0
840	9149.0	6937.0
841	9149.0	6823.0
842	9149.0	6823.0
843	9149.0	6823.0
844	9149.0	6823.0
845	9149.0	6823.0
846	9149.0	6823.0
847	9149.0	6823.0
848	9149.0	6823.0
849	9149.0	6823.0
850	9149.0	6823.0
851	9149.0	6823.0
852	9149.0	6823.0
853	9149.0	6823.0
854	9149.0	6823.0
855	9149.0	6823.0
856	9149.0	6823.0
857	9149.0	6823.0
858	9149.0	6823.0
859	9149.0	6823.0
860	9149.0	6937.0
861	9149.0	6823.0
862	9149.0	6823.0
863	9149.0	6823.0
864	9149.0	6823.0
865	9149.0	6823.0
866	9149.0	6823.0
867	9149.0	6823.0
868	9149.0	6823.0
869	9149.0	6823.0
870	9149.0	6886.0
871	9149.0	6886.0
872	9149.0	6886.0
873	9149.0	6886.0
874	9149.0	6886.0
875	9149.0	6886.0
876	9149.0	6886.0
877	9149.0	6886.0
878	9149.0	6886.0
879	9149.0	6886.0
880	9149.0	6912.0
881	9149.0	6886.0
882	9149.0	6886.0
883	9149.0	6886.0
884	9149.0	6886.0
885	9149.0	6886.0
886	9149.0	6886.0
887	9149.0	6886.0
888	9149.0	6886.0
889	9149.0	6886.0
890	9149.0	6886.0
891	9149.0	6886.0
892	9149.0	6886.0
893	9149.0	6886.0
894	9149.0	6886.0
895	9149.0	6886.0
896	9149.0	6886.0
897	9149.0	6886.0
898	9149.0	6886.0
899	9149.0	6886.0
900	9149.0	6912.0
901	9149.0	6886.0
902	9149.0	6886.0
903	9149.0	6886.0
904	9149.0	6886.0
905	9149.0	6886.0
906	9149.0	6886.0
907	9149.0	6886.0
908	9149.0	6886.0
909	9149.0	6886.0
910	9149.0	6886.0
911	9149.0	6886.0
912	9149.0	6886.0
913	9149.0	6886.0
914	9149.0	6886.0
915	9149.0	6886.0
916	9149.0	6886.0
917	9149.0	6886.0
918	9149.0	6886.0
919	9149.0	6886.0
920	9149.0	6942.0
921	9149.0	6886.0
922	9149.0	6886.0
923	9149.0	6886.0
924	9149.0	6886.0
925	9149.0	6886.0
926	9149.0	6886.0
927	9149.0	6886.0
928	9149.0	6886.0
929	9149.0	6886.0
930	9149.0	6886.0
931	9149.0	6886.0
932	9149.0	6886.0
933	9149.0	6886.0
934	9149.0	6886.0
935	9149.0	6886.0
936	9149.0	6886.0
937	9149.0	6886.0
938	9149.0	6886.0
939	9149.0	6886.0
940	9149.0	6886.0
941	9149.0	6886.0
942	9149.0	6886.0
943	9149.0	6886.0
944	9149.0	6886.0
945	9149.0	6886.0
946	9149.0	6886.0
947	9149.0	6886.0
948	9149.0	6886.0
949	9149.0	6886.0
950	9149.0	6886.0
951	9149.0	6886.0
952	9149.0	6886.0
953	9149.0	6886.0
954	9149.0	6886.0
955	9149.0	6886.0
956	9149.0	6886.0
957	9149.0	6886.0
958	9149.0	6886.0
959	9149.0	6886.0
960	9149.0	6968.0
961	9149.0	6886.0
962	9149.0	6886.0
963	9149.0	6886.0
964	9149.0	6886.0
965	9149.0	6886.0
966	9149.0	6886.0
967	9149.0	6886.0
968	9149.0	6886.0
969	9149.0	6886.0
970	9149.0	6886.0
971	9149.0	6886.0
972	9149.0	6886.0
973	9149.0	6886.0
974	9149.0	6886.0
975	9149.0	6886.0
976	9149.0	6886.0
977	9149.0	6886.0
978	9149.0	6886.0
979	9149.0	6886.0
980	9149.0	6942.0
981	9149.0	6886.0
982	9149.0	6886.0
983	9149.0	6886.0
984	9149.0	6886.0
985	9149.0	6886.0
986	9149.0	6886.0
987	9149.0	6886.0
988	9149.0	6886.0
989	9149.0	6886.0
990	9149.0	6886.0
991	9149.0	6886.0
992	9149.0	6886.0
993	9149.0	6886.0
994	9149.0	6886.0
995	9149.0	6886.0
996	9149.0	6886.0
997	9149.0	6886.0
998	9149.0	6886.0
999	9149.0	6886.0
1000	9149.0	6886.0
