0	7291.0	2442.0
1	7304.0	3423.0
2	7731.0	3726.0
3	7859.0	3889.0
4	8000.0	4416.0
5	8010.0	4416.0
6	8010.0	4574.0
7	8455.0	4574.0
8	8455.0	4672.0
9	8455.0	4672.0
10	8455.0	4672.0
11	8455.0	4877.0
12	8455.0	4877.0
13	8455.0	4877.0
14	8455.0	4941.0
15	8658.0	4941.0
16	8658.0	5047.0
17	8658.0	5047.0
18	8658.0	5047.0
19	8658.0	5047.0
20	8658.0	5314.0
21	8658.0	5211.0
22	8658.0	5211.0
23	8658.0	5211.0
24	8658.0	5211.0
25	8658.0	5211.0
26	8658.0	5244.0
27	8658.0	5452.0
28	8658.0	5452.0
29	8658.0	5519.0
30	8658.0	5519.0
31	8658.0	5519.0
32	8658.0	5561.0
33	8658.0	5561.0
34	8658.0	5561.0
35	8658.0	5561.0
36	8658.0	5636.0
37	8658.0	5636.0
38	8658.0	5636.0
39	8658.0	5703.0
40	8658.0	5837.0
41	8658.0	5703.0
42	8658.0	5703.0
43	8658.0	5703.0
44	8658.0	5703.0
45	9931.0	5703.0
46	9931.0	5703.0
47	9931.0	5703.0
48	9931.0	5711.0
49	9931.0	5711.0
50	9931.0	5711.0
51	9931.0	5711.0
52	9931.0	5711.0
53	9931.0	5711.0
54	9931.0	5711.0
55	9931.0	5711.0
56	9931.0	5711.0
57	9931.0	5711.0
58	9931.0	5711.0
59	9931.0	5711.0
60	9931.0	5711.0
61	9931.0	5711.0
62	9931.0	5810.0
63	9931.0	5810.0
64	9931.0	5810.0
65	9931.0	5810.0
66	9931.0	5810.0
67	9931.0	5810.0
68	9931.0	5810.0
69	9931.0	5810.0
70	9931.0	5810.0
71	9931.0	5810.0
72	9931.0	5810.0
73	9931.0	5810.0
74	9931.0	5810.0
75	9931.0	5819.0
76	9931.0	5819.0
77	9931.0	5819.0
78	9931.0	5819.0
79	9931.0	5819.0
80	9931.0	6086.0
81	9931.0	5819.0
82	9931.0	5819.0
83	9931.0	5819.0
84	9931.0	5819.0
85	9931.0	5819.0
86	9931.0	5819.0
87	9931.0	5917.0
88	9931.0	5917.0
89	9931.0	5917.0
90	9931.0	5917.0
91	9931.0	5917.0
92	9931.0	5917.0
93	9931.0	5917.0
94	9931.0	5917.0
95	9931.0	5917.0
96	9931.0	5917.0
97	9931.0	5917.0
98	9931.0	5917.0
99	9931.0	5917.0
100	9931.0	5917.0
101	9931.0	5917.0
102	9931.0	5917.0
103	9931.0	5917.0
104	9931.0	6139.0
105	9931.0	6139.0
106	9931.0	6139.0
107	9931.0	6139.0
108	9931.0	6139.0
109	9931.0	6139.0
110	9931.0	6139.0
111	9931.0	6139.0
112	9931.0	6139.0
113	9931.0	6139.0
114	9931.0	6139.0
115	9931.0	6139.0
116	9931.0	6139.0
117	9931.0	6139.0
118	9931.0	6176.0
119	9931.0	6176.0
120	9931.0	6260.0
121	9931.0	6176.0
122	9931.0	6176.0
123	9931.0	6176.0
124	9931.0	6176.0
125	9931.0	6176.0
126	9931.0	6176.0
127	9931.0	6176.0
128	9931.0	6176.0
129	9931.0	6176.0
130	9931.0	6176.0
131	9931.0	6176.0
132	9931.0	6176.0
133	9931.0	6176.0
134	9931.0	6176.0
135	9931.0	6176.0
136	9931.0	6176.0
137	9931.0	6176.0
138	9931.0	6176.0
139	9931.0	6176.0
140	9931.0	6254.0
141	9931.0	6176.0
142	9931.0	6176.0
143	9931.0	6176.0
144	9931.0	6176.0
145	9931.0	6176.0
146	9931.0	6176.0
147	9931.0	6176.0
148	9931.0	6176.0
149	9931.0	6176.0
150	9931.0	6176.0
151	9931.0	6176.0
152	9931.0	6176.0
153	9931.0	6176.0
154	9931.0	6176.0
155	9931.0	6176.0
156	9931.0	6176.0
157	9931.0	6245.0
158	9931.0	6245.0
159	9931.0	6245.0
160	9931.0	6246.0
161	9931.0	6245.0
162	9931.0	6245.0
163	9931.0	6245.0
164	9931.0	6245.0
165	9931.0	6245.0
166	9931.0	6245.0
167	9931.0	6245.0
168	9931.0	6245.0
169	9931.0	6245.0
170	9931.0	6245.0
171	9931.0	6245.0
172	9931.0	6245.0
173	9931.0	6245.0
174	9931.0	6245.0
175	9931.0	6245.0
176	9931.0	6245.0
177	9931.0	6246.0
178	9931.0	6246.0
179	9931.0	6246.0
180	9931.0	6246.0
181	9931.0	6246.0
182	9931.0	6246.0
183	9931.0	6246.0
184	9931.0	6246.0
185	9931.0	6246.0
186	9931.0	6246.0
187	9931.0	6246.0
188	9931.0	6246.0
189	9931.0	6246.0
190	9931.0	6246.0
191	9931.0	6246.0
192	9931.0	6246.0
193	9931.0	6246.0
194	9931.0	6246.0
195	9931.0	6246.0
196	9931.0	6246.0
197	9931.0	6246.0
198	9931.0	6246.0
199	9931.0	6246.0
200	9931.0	6407.0
201	9931.0	6246.0
202	9931.0	6246.0
203	9931.0	6246.0
204	9931.0	6246.0
205	9931.0	6246.0
206	9931.0	6246.0
207	9931.0	6246.0
208	9931.0	6246.0
209	9931.0	6246.0
210	9931.0	6246.0
211	9931.0	6352.0
212	9931.0	6352.0
213	9931.0	6352.0
214	9931.0	6352.0
215	9931.0	6352.0
216	9931.0	6364.0
217	9931.0	6364.0
218	9931.0	6364.0
219	9931.0	6364.0
220	9931.0	6454.0
221	9931.0	6364.0
222	9931.0	6364.0
223	9931.0	6364.0
224	9931.0	6364.0
225	9931.0	6364.0
226	9931.0	6364.0
227	9931.0	6364.0
228	9931.0	6364.0
229	9931.0	6364.0
230	9931.0	6364.0
231	9931.0	6364.0
232	9931.0	6364.0
233	9931.0	6364.0
234	9931.0	6364.0
235	9931.0	6364.0
236	9931.0	6364.0
237	9931.0	6364.0
238	9931.0	6364.0
239	9931.0	6364.0
240	9931.0	6448.0
241	9931.0	6364.0
242	9931.0	6364.0
243	9931.0	6364.0
244	9931.0	6364.0
245	9931.0	6364.0
246	9931.0	6364.0
247	9931.0	6364.0
248	9931.0	6364.0
249	9931.0	6364.0
250	9931.0	6364.0
251	9931.0	6364.0
252	9931.0	6364.0
253	9931.0	6364.0
254	9931.0	6364.0
255	9931.0	6364.0
256	9931.0	6364.0
257	9931.0	6364.0
258	9931.0	6364.0
259	9931.0	6364.0
260	9931.0	6584.0
261	9931.0	6364.0
262	9931.0	6364.0
263	9931.0	6364.0
264	9931.0	6364.0
265	9931.0	6364.0
266	9931.0	6364.0
267	9931.0	6364.0
268	9931.0	6364.0
269	9931.0	6364.0
270	9931.0	6364.0
271	9931.0	6364.0
272	9931.0	6364.0
273	9931.0	6364.0
274	9931.0	6364.0
275	9931.0	6364.0
276	9931.0	6364.0
277	9931.0	6364.0
278	9931.0	6364.0
279	9931.0	6364.0
280	9931.0	6526.0
281	9931.0	6364.0
282	9931.0	6364.0
283	9931.0	6364.0
284	9931.0	6364.0
285	9931.0	6364.0
286	9931.0	6364.0
287	9931.0	6364.0
288	9931.0	6364.0
289	9931.0	6364.0
290	9931.0	6364.0
291	9931.0	6364.0
292	9931.0	6364.0
293	9931.0	6364.0
294	9931.0	6364.0
295	9931.0	6364.0
296	9931.0	6364.0
297	9931.0	6364.0
298	9931.0	6364.0
299	9931.0	6364.0
300	9931.0	6364.0
301	9931.0	6364.0
302	9931.0	6364.0
303	9931.0	6364.0
304	9931.0	6364.0
305	9931.0	6364.0
306	9931.0	6364.0
307	9931.0	6364.0
308	9931.0	6364.0
309	9931.0	6364.0
310	9931.0	6364.0
311	9931.0	6364.0
312	9931.0	6364.0
313	9931.0	6364.0
314	9931.0	6364.0
315	9931.0	6364.0
316	9931.0	6364.0
317	9931.0	6364.0
318	9931.0	6364.0
319	9931.0	6364.0
320	9931.0	6471.0
321	9931.0	6364.0
322	9931.0	6364.0
323	9931.0	6364.0
324	9931.0	6364.0
325	9931.0	6364.0
326	9931.0	6364.0
327	9931.0	6364.0
328	9931.0	6471.0
329	9931.0	6471.0
330	9931.0	6471.0
331	9931.0	6471.0
332	9931.0	6471.0
333	9931.0	6471.0
334	9931.0	6471.0
335	9931.0	6471.0
336	9931.0	6471.0
337	9931.0	6471.0
338	9931.0	6471.0
339	9931.0	6471.0
340	9931.0	6522.0
341	9931.0	6471.0
342	9931.0	6471.0
343	9931.0	6471.0
344	9931.0	6471.0
345	9931.0	6471.0
346	9931.0	6471.0
347	9931.0	6471.0
348	9931.0	6471.0
349	9931.0	6471.0
350	9931.0	6471.0
351	9931.0	6471.0
352	9931.0	6471.0
353	9931.0	6471.0
354	9931.0	6471.0
355	9931.0	6471.0
356	9931.0	6471.0
357	9931.0	6471.0
358	9931.0	6471.0
359	9931.0	6471.0
360	9931.0	6522.0
361	9931.0	6471.0
362	9931.0	6471.0
363	9931.0	6471.0
364	9931.0	6471.0
365	9931.0	6471.0
366	9931.0	6471.0
367	9931.0	6471.0
368	9931.0	6471.0
369	9931.0	6471.0
370	9931.0	6471.0
371	9931.0	6471.0
372	9931.0	6471.0
373	9931.0	6471.0
374	9931.0	6471.0
375	9931.0	6471.0
376	9931.0	6471.0
377	9931.0	6471.0
378	9931.0	6471.0
379	9931.0	6471.0
380	9931.0	6601.0
381	9931.0	6471.0
382	9931.0	6471.0
383	9931.0	6471.0
384	9931.0	6471.0
385	9931.0	6471.0
386	9931.0	6471.0
387	9931.0	6471.0
388	9931.0	6471.0
389	9931.0	6471.0
390	9931.0	6471.0
391	9931.0	6471.0
392	9931.0	6471.0
393	9931.0	6471.0
394	9931.0	6471.0
395	9931.0	6471.0
396	9931.0	6471.0
397	9931.0	6471.0
398	9931.0	6471.0
399	9931.0	6471.0
400	9931.0	6655.0
401	9931.0	6471.0
402	9931.0	6471.0
403	9931.0	6471.0
404	9931.0	6471.0
405	9931.0	6471.0
406	9931.0	6471.0
407	9931.0	6471.0
408	9931.0	6471.0
409	9931.0	6471.0
410	9931.0	6471.0
411	9931.0	6471.0
412	9931.0	6471.0
413	9931.0	6471.0
414	9931.0	6471.0
415	9931.0	6471.0
416	9931.0	6471.0
417	9931.0	6471.0
418	9931.0	6638.0
419	9931.0	6638.0
420	9931.0	6655.0
421	9931.0	6638.0
422	9931.0	6638.0
423	9931.0	6638.0
424	9931.0	6638.0
425	9931.0	6638.0
426	9931.0	6638.0
427	9931.0	6638.0
428	9931.0	6638.0
429	9931.0	6638.0
430	9931.0	6638.0
431	9931.0	6638.0
432	9931.0	6638.0
433	9931.0	6638.0
434	9931.0	6638.0
435	9931.0	6638.0
436	9931.0	6638.0
437	9931.0	6638.0
438	9931.0	6638.0
439	9931.0	6638.0
440	9931.0	6706.0
441	9931.0	6638.0
442	9931.0	6638.0
443	9931.0	6638.0
444	9931.0	6638.0
445	9931.0	6638.0
446	9931.0	6638.0
447	9931.0	6638.0
448	9931.0	6638.0
449	9931.0	6638.0
450	9931.0	6638.0
451	9931.0	6638.0
452	9931.0	6638.0
453	9931.0	6638.0
454	9931.0	6638.0
455	9931.0	6638.0
456	9931.0	6638.0
457	9931.0	6638.0
458	9931.0	6638.0
459	9931.0	6638.0
460	9931.0	6655.0
461	9931.0	6638.0
462	9931.0	6638.0
463	9931.0	6638.0
464	9931.0	6638.0
465	9931.0	6638.0
466	9931.0	6638.0
467	9931.0	6638.0
468	9931.0	6638.0
469	9931.0	6638.0
470	9931.0	6638.0
471	9931.0	6638.0
472	9931.0	6638.0
473	9931.0	6638.0
474	9931.0	6638.0
475	9931.0	6638.0
476	9931.0	6638.0
477	9931.0	6638.0
478	9931.0	6638.0
479	9931.0	6638.0
480	9931.0	6655.0
481	9931.0	6638.0
482	9931.0	6638.0
483	9931.0	6638.0
484	9931.0	6638.0
485	9931.0	6638.0
486	9931.0	6638.0
487	9931.0	6638.0
488	9931.0	6638.0
489	9931.0	6638.0
490	9931.0	6638.0
491	9931.0	6638.0
492	9931.0	6638.0
493	9931.0	6638.0
494	9931.0	6638.0
495	9931.0	6638.0
496	9931.0	6638.0
497	9931.0	6638.0
498	9931.0	6638.0
499	9931.0	6638.0
500	9931.0	6700.0
501	9931.0	6638.0
502	9931.0	6638.0
503	9931.0	6638.0
504	9931.0	6638.0
505	9931.0	6638.0
506	9931.0	6638.0
507	9931.0	6638.0
508	9931.0	6638.0
509	9931.0	6638.0
510	9931.0	6638.0
511	9931.0	6638.0
512	9931.0	6638.0
513	9931.0	6638.0
514	9931.0	6638.0
515	9931.0	6638.0
516	9931.0	6638.0
517	9931.0	6638.0
518	9931.0	6638.0
519	9931.0	6638.0
520	9931.0	6784.0
521	9931.0	6638.0
522	9931.0	6638.0
523	9931.0	6638.0
524	9931.0	6638.0
525	9931.0	6638.0
526	9931.0	6638.0
527	9931.0	6638.0
528	9931.0	6638.0
529	9931.0	6638.0
530	9931.0	6638.0
531	9931.0	6638.0
532	9931.0	6638.0
533	9931.0	6638.0
534	9931.0	6638.0
535	9931.0	6638.0
536	9931.0	6638.0
537	9931.0	6638.0
538	9931.0	6638.0
539	9931.0	6638.0
540	9931.0	6701.0
541	9931.0	6638.0
542	9931.0	6638.0
543	9931.0	6638.0
544	9931.0	6638.0
545	9931.0	6638.0
546	9931.0	6638.0
547	9931.0	6638.0
548	9931.0	6638.0
549	9931.0	6638.0
550	9931.0	6638.0
551	9931.0	6638.0
552	9931.0	6638.0
553	9931.0	6638.0
554	9931.0	6638.0
555	9931.0	6638.0
556	9931.0	6638.0
557	9931.0	6638.0
558	9931.0	6638.0
559	9931.0	6638.0
560	9931.0	6701.0
561	9931.0	6638.0
562	9931.0	6638.0
563	9931.0	6638.0
564	9931.0	6638.0
565	9931.0	6638.0
566	9931.0	6638.0
567	9931.0	6638.0
568	9931.0	6638.0
569	9931.0	6638.0
570	9931.0	6638.0
571	9931.0	6638.0
572	9931.0	6638.0
573	9931.0	6638.0
574	9931.0	6638.0
575	9931.0	6638.0
576	9931.0	6638.0
577	9931.0	6638.0
578	9931.0	6638.0
579	9931.0	6638.0
580	9931.0	6655.0
581	9931.0	6638.0
582	9931.0	6638.0
583	9931.0	6638.0
584	9931.0	6638.0
585	9931.0	6638.0
586	9931.0	6638.0
587	9931.0	6638.0
588	9931.0	6638.0
589	9931.0	6638.0
590	9931.0	6638.0
591	9931.0	6638.0
592	9931.0	6638.0
593	9931.0	6638.0
594	9931.0	6638.0
595	9931.0	6638.0
596	9931.0	6638.0
597	9931.0	6638.0
598	9931.0	6638.0
599	9931.0	6638.0
600	9931.0	6726.0
601	9931.0	6638.0
602	9931.0	6638.0
603	9931.0	6638.0
604	9931.0	6638.0
605	9931.0	6638.0
606	9931.0	6638.0
607	9931.0	6638.0
608	9931.0	6638.0
609	9931.0	6638.0
610	9931.0	6638.0
611	9931.0	6638.0
612	9931.0	6638.0
613	9931.0	6638.0
614	9931.0	6638.0
615	9931.0	6638.0
616	9931.0	6638.0
617	9931.0	6638.0
618	9931.0	6638.0
619	9931.0	6638.0
620	9931.0	6638.0
621	9931.0	6638.0
622	9931.0	6638.0
623	9931.0	6655.0
624	9931.0	6655.0
625	9931.0	6655.0
626	9931.0	6655.0
627	9931.0	6655.0
628	9931.0	6655.0
629	9931.0	6655.0
630	9931.0	6655.0
631	9931.0	6655.0
632	9931.0	6655.0
633	9931.0	6655.0
634	9931.0	6655.0
635	9931.0	6655.0
636	9931.0	6655.0
637	9931.0	6655.0
638	9931.0	6655.0
639	9931.0	6662.0
640	9931.0	6836.0
641	9931.0	6662.0
642	9931.0	6662.0
643	9931.0	6662.0
644	9931.0	6662.0
645	9931.0	6662.0
646	9931.0	6662.0
647	9931.0	6662.0
648	9931.0	6662.0
649	9931.0	6662.0
650	9931.0	6662.0
651	9931.0	6662.0
652	9931.0	6662.0
653	9931.0	6662.0
654	9931.0	6662.0
655	9931.0	6662.0
656	9931.0	6662.0
657	9931.0	6662.0
658	9931.0	6662.0
659	9931.0	6662.0
660	9931.0	6700.0
661	9931.0	6662.0
662	9931.0	6662.0
663	9931.0	6662.0
664	9931.0	6662.0
665	9931.0	6662.0
666	9931.0	6662.0
667	9931.0	6662.0
668	9931.0	6662.0
669	9931.0	6662.0
670	9931.0	6662.0
671	9931.0	6662.0
672	9931.0	6662.0
673	9931.0	6662.0
674	9931.0	6662.0
675	9931.0	6662.0
676	9931.0	6662.0
677	9931.0	6662.0
678	9931.0	6662.0
679	9931.0	6662.0
680	9931.0	6662.0
681	9931.0	6662.0
682	9931.0	6662.0
683	9931.0	6662.0
684	9931.0	6662.0
685	9931.0	6662.0
686	9931.0	6662.0
687	9931.0	6662.0
688	9931.0	6662.0
689	9931.0	6662.0
690	9931.0	6662.0
691	9931.0	6662.0
692	9931.0	6662.0
693	9931.0	6662.0
694	9931.0	6662.0
695	9931.0	6662.0
696	9931.0	6662.0
697	9931.0	6662.0
698	9931.0	6662.0
699	9931.0	6662.0
700	9931.0	6726.0
701	9931.0	6662.0
702	9931.0	6662.0
703	9931.0	6662.0
704	9931.0	6662.0
705	9931.0	6662.0
706	9931.0	6662.0
707	9931.0	6662.0
708	9931.0	6662.0
709	9931.0	6662.0
710	9931.0	6662.0
711	9931.0	6662.0
712	9931.0	6662.0
713	9931.0	6662.0
714	9931.0	6662.0
715	9931.0	6662.0
716	9931.0	6662.0
717	9931.0	6662.0
718	9931.0	6662.0
719	9931.0	6662.0
720	9931.0	6733.0
721	9931.0	6662.0
722	9931.0	6662.0
723	9931.0	6662.0
724	9931.0	6662.0
725	9931.0	6662.0
726	9931.0	6662.0
727	9931.0	6662.0
728	9931.0	6662.0
729	9931.0	6662.0
730	9931.0	6662.0
731	9931.0	6662.0
732	9931.0	6662.0
733	9931.0	6662.0
734	9931.0	6662.0
735	9931.0	6662.0
736	9931.0	6662.0
737	9931.0	6662.0
738	9931.0	6662.0
739	9931.0	6662.0
740	9931.0	6662.0
741	9931.0	6662.0
742	9931.0	6662.0
743	9931.0	6662.0
744	9931.0	6662.0
745	9931.0	6662.0
746	9931.0	6662.0
747	9931.0	6662.0
748	9931.0	6662.0
749	9931.0	6662.0
750	9931.0	6662.0
751	9931.0	6662.0
752	9931.0	6662.0
753	9931.0	6662.0
754	9931.0	6662.0
755	9931.0	6662.0
756	9931.0	6662.0
757	9931.0	6662.0
758	9931.0	6662.0
759	9931.0	6662.0
760	9931.0	6700.0
761	9931.0	6662.0
762	9931.0	6662.0
763	9931.0	6662.0
764	9931.0	6662.0
765	9931.0	6662.0
766	9931.0	6662.0
767	9931.0	6662.0
768	9931.0	6662.0
769	9931.0	6662.0
770	9931.0	6662.0
771	9931.0	6662.0
772	9931.0	6662.0
773	9931.0	6662.0
774	9931.0	6662.0
775	9931.0	6662.0
776	9931.0	6662.0
777	9931.0	6662.0
778	9931.0	6662.0
779	9931.0	6662.0
780	9931.0	6700.0
781	9931.0	6662.0
782	9931.0	6662.0
783	9931.0	6662.0
784	9931.0	6662.0
785	9931.0	6662.0
786	9931.0	6662.0
787	9931.0	6662.0
788	9931.0	6662.0
789	9931.0	6662.0
790	9931.0	6662.0
791	9931.0	6662.0
792	9931.0	6662.0
793	9931.0	6662.0
794	9931.0	6662.0
795	9931.0	6662.0
796	9931.0	6662.0
797	9931.0	6662.0
798	9931.0	6662.0
799	9931.0	6662.0
800	9931.0	6733.0
801	9931.0	6662.0
802	9931.0	6662.0
803	9931.0	6662.0
804	9931.0	6662.0
805	9931.0	6662.0
806	9931.0	6662.0
807	9931.0	6662.0
808	9931.0	6662.0
809	9931.0	6662.0
810	9931.0	6662.0
811	9931.0	6662.0
812	9931.0	6662.0
813	9931.0	6662.0
814	9931.0	6662.0
815	9931.0	6662.0
816	9931.0	6662.0
817	9931.0	6662.0
818	9931.0	6662.0
819	9931.0	6662.0
820	9931.0	6662.0
821	9931.0	6662.0
822	9931.0	6662.0
823	9931.0	6662.0
824	9931.0	6662.0
825	9931.0	6662.0
826	9931.0	6662.0
827	9931.0	6662.0
828	9931.0	6662.0
829	9931.0	6662.0
830	9931.0	6662.0
831	9931.0	6662.0
832	9931.0	6662.0
833	9931.0	6662.0
834	9931.0	6662.0
835	9931.0	6662.0
836	9931.0	6662.0
837	9931.0	6662.0
838	9931.0	6662.0
839	9931.0	6662.0
840	9931.0	6836.0
841	9931.0	6700.0
842	9931.0	6700.0
843	9931.0	6700.0
844	9931.0	6700.0
845	9931.0	6700.0
846	9931.0	6700.0
847	9931.0	6700.0
848	9931.0	6700.0
849	9931.0	6700.0
850	9931.0	6700.0
851	9931.0	6700.0
852	9931.0	6700.0
853	9931.0	6700.0
854	9931.0	6700.0
855	9931.0	6700.0
856	9931.0	6700.0
857	9931.0	6700.0
858	9931.0	6700.0
859	9931.0	6700.0
860	9931.0	6836.0
861	9931.0	6700.0
862	9931.0	6700.0
863	9931.0	6700.0
864	9931.0	6700.0
865	9931.0	6700.0
866	9931.0	6700.0
867	9931.0	6700.0
868	9931.0	6700.0
869	9931.0	6700.0
870	9931.0	6700.0
871	9931.0	6700.0
872	9931.0	6700.0
873	9931.0	6700.0
874	9931.0	6700.0
875	9931.0	6700.0
876	9931.0	6700.0
877	9931.0	6700.0
878	9931.0	6700.0
879	9931.0	6700.0
880	9931.0	6700.0
881	9931.0	6700.0
882	9931.0	6700.0
883	9931.0	6700.0
884	9931.0	6700.0
885	9931.0	6700.0
886	9931.0	6700.0
887	9931.0	6700.0
888	9931.0	6700.0
889	9931.0	6700.0
890	9931.0	6700.0
891	9931.0	6700.0
892	9931.0	6700.0
893	9931.0	6700.0
894	9931.0	6700.0
895	9931.0	6700.0
896	9931.0	6700.0
897	9931.0	6700.0
898	9931.0	6700.0
899	9931.0	6700.0
900	9931.0	6799.0
901	9931.0	6700.0
902	9931.0	6700.0
903	9931.0	6700.0
904	9931.0	6700.0
905	9931.0	6700.0
906	9931.0	6700.0
907	9931.0	6700.0
908	9931.0	6700.0
909	9931.0	6700.0
910	9931.0	6700.0
911	9931.0	6700.0
912	9931.0	6700.0
913	9931.0	6700.0
914	9931.0	6700.0
915	9931.0	6700.0
916	9931.0	6747.0
917	9931.0	6747.0
918	9931.0	6747.0
919	9931.0	6747.0
920	9931.0	6841.0
921	9931.0	6747.0
922	9931.0	6747.0
923	9931.0	6747.0
924	9931.0	6747.0
925	9931.0	6747.0
926	9931.0	6747.0
927	9931.0	6747.0
928	9931.0	6747.0
929	9931.0	6747.0
930	9931.0	6747.0
931	9931.0	6747.0
932	9931.0	6747.0
933	9931.0	6747.0
934	9931.0	6747.0
935	9931.0	6747.0
936	9931.0	6747.0
937	9931.0	6747.0
938	9931.0	6747.0
939	9931.0	6747.0
940	9931.0	6747.0
941	9931.0	6747.0
942	9931.0	6747.0
943	9931.0	6747.0
944	9931.0	6747.0
945	9931.0	6747.0
946	9931.0	6747.0
947	9931.0	6747.0
948	9931.0	6747.0
949	9931.0	6747.0
950	9931.0	6747.0
951	9931.0	6747.0
952	9931.0	6747.0
953	9931.0	6747.0
954	9931.0	6747.0
955	9931.0	6747.0
956	9931.0	6747.0
957	9931.0	6747.0
958	9931.0	6747.0
959	9931.0	6747.0
960	9931.0	6841.0
961	9931.0	6747.0
962	9931.0	6747.0
963	9931.0	6747.0
964	9931.0	6747.0
965	9931.0	6747.0
966	9931.0	6747.0
967	9931.0	6747.0
968	9931.0	6747.0
969	9931.0	6747.0
970	9931.0	6747.0
971	9931.0	6747.0
972	9931.0	6747.0
973	9931.0	6747.0
974	9931.0	6799.0
975	9931.0	6799.0
976	9931.0	6799.0
977	9931.0	6799.0
978	9931.0	6799.0
979	9931.0	6799.0
980	9931.0	6851.0
981	9931.0	6799.0
982	9931.0	6799.0
983	9931.0	6799.0
984	9931.0	6799.0
985	9931.0	6799.0
986	9931.0	6799.0
987	9931.0	6799.0
988	9931.0	6799.0
989	9931.0	6799.0
990	9931.0	6799.0
991	9931.0	6799.0
992	9931.0	6799.0
993	9931.0	6799.0
994	9931.0	6799.0
995	9931.0	6799.0
996	9931.0	6799.0
997	9931.0	6799.0
998	9931.0	6799.0
999	9931.0	6799.0
1000	9931.0	6851.0
