0	7783.0	2578.0
1	7783.0	3431.0
2	7783.0	3908.0
3	7861.0	4128.0
4	7911.0	4128.0
5	7911.0	4254.0
6	7911.0	4509.0
7	7911.0	4637.0
8	7911.0	4658.0
9	7911.0	4793.0
10	7911.0	4857.0
11	7911.0	4857.0
12	7911.0	4857.0
13	7911.0	4857.0
14	7911.0	4941.0
15	7911.0	4941.0
16	7964.0	5107.0
17	7964.0	5107.0
18	7964.0	5107.0
19	7964.0	5107.0
20	7964.0	5401.0
21	7964.0	5179.0
22	7964.0	5179.0
23	7964.0	5179.0
24	7964.0	5317.0
25	7964.0	5317.0
26	7964.0	5317.0
27	8046.0	5317.0
28	8046.0	5317.0
29	8046.0	5317.0
30	8046.0	5317.0
31	8046.0	5317.0
32	8046.0	5317.0
33	8046.0	5317.0
34	8046.0	5432.0
35	8046.0	5432.0
36	8046.0	5442.0
37	8046.0	5442.0
38	8150.0	5616.0
39	8150.0	5616.0
40	8150.0	5616.0
41	8150.0	5616.0
42	8150.0	5616.0
43	8150.0	5616.0
44	8150.0	5616.0
45	8150.0	5616.0
46	8150.0	5616.0
47	8150.0	5616.0
48	8150.0	5637.0
49	8150.0	5637.0
50	8150.0	5637.0
51	8165.0	5688.0
52	8165.0	5688.0
53	8165.0	5688.0
54	8165.0	5688.0
55	8165.0	5688.0
56	8165.0	5688.0
57	8165.0	5688.0
58	8165.0	5688.0
59	8165.0	5688.0
60	8165.0	5851.0
61	8165.0	5688.0
62	8165.0	5829.0
63	8165.0	5829.0
64	8165.0	5829.0
65	8165.0	5829.0
66	8165.0	5829.0
67	8165.0	5851.0
68	8165.0	5851.0
69	8165.0	5851.0
70	8165.0	5851.0
71	8165.0	5851.0
72	8165.0	5851.0
73	8165.0	5851.0
74	8165.0	5851.0
75	8235.0	5923.0
76	8235.0	5923.0
77	8235.0	5923.0
78	8235.0	5923.0
79	8235.0	5923.0
80	8235.0	6090.0
81	8235.0	5923.0
82	8235.0	5923.0
83	9132.0	5923.0
84	9132.0	5923.0
85	9132.0	5923.0
86	9132.0	5953.0
87	9132.0	5953.0
88	9132.0	5953.0
89	9132.0	5953.0
90	9132.0	5953.0
91	9132.0	5953.0
92	9132.0	5953.0
93	9132.0	5953.0
94	9132.0	5953.0
95	9132.0	5953.0
96	9132.0	5953.0
97	9132.0	5953.0
98	9132.0	5953.0
99	9132.0	5953.0
100	9132.0	5963.0
101	9132.0	5953.0
102	9132.0	5953.0
103	9132.0	5953.0
104	9132.0	5953.0
105	9132.0	5953.0
106	9132.0	5953.0
107	9132.0	5953.0
108	9132.0	5953.0
109	9132.0	5953.0
110	9132.0	5953.0
111	9132.0	6046.0
112	9132.0	6046.0
113	9132.0	6046.0
114	9132.0	6046.0
115	9132.0	6046.0
116	9132.0	6046.0
117	9132.0	6046.0
118	9132.0	6046.0
119	9132.0	6094.0
120	9132.0	6191.0
121	9132.0	6094.0
122	9132.0	6094.0
123	9132.0	6094.0
124	9132.0	6094.0
125	9132.0	6094.0
126	9132.0	6094.0
127	9132.0	6094.0
128	9132.0	6094.0
129	9132.0	6094.0
130	9132.0	6094.0
131	9132.0	6094.0
132	9132.0	6094.0
133	9132.0	6094.0
134	9132.0	6094.0
135	9132.0	6094.0
136	9132.0	6094.0
137	9132.0	6094.0
138	9132.0	6094.0
139	9132.0	6094.0
140	9132.0	6191.0
141	9132.0	6094.0
142	9132.0	6094.0
143	9132.0	6094.0
144	9132.0	6094.0
145	9132.0	6094.0
146	9132.0	6094.0
147	9132.0	6094.0
148	9132.0	6094.0
149	9132.0	6094.0
150	9132.0	6094.0
151	9132.0	6094.0
152	9132.0	6094.0
153	9132.0	6094.0
154	9132.0	6094.0
155	9132.0	6094.0
156	9132.0	6094.0
157	9132.0	6094.0
158	9132.0	6094.0
159	9132.0	6094.0
160	9132.0	6222.0
161	9132.0	6094.0
162	9132.0	6094.0
163	9132.0	6094.0
164	9132.0	6094.0
165	9132.0	6094.0
166	9132.0	6094.0
167	9132.0	6094.0
168	9132.0	6094.0
169	9132.0	6094.0
170	9132.0	6094.0
171	9132.0	6094.0
172	9132.0	6094.0
173	9132.0	6094.0
174	9132.0	6094.0
175	9132.0	6094.0
176	9132.0	6094.0
177	9132.0	6094.0
178	9132.0	6094.0
179	9132.0	6094.0
180	9132.0	6299.0
181	9132.0	6094.0
182	9132.0	6094.0
183	9132.0	6094.0
184	9132.0	6094.0
185	9132.0	6094.0
186	9132.0	6094.0
187	9132.0	6094.0
188	9132.0	6094.0
189	9132.0	6094.0
190	9132.0	6094.0
191	9132.0	6094.0
192	9132.0	6094.0
193	9132.0	6094.0
194	9132.0	6094.0
195	9132.0	6094.0
196	9132.0	6094.0
197	9132.0	6094.0
198	9132.0	6094.0
199	9132.0	6094.0
200	9132.0	6431.0
201	9132.0	6094.0
202	9132.0	6094.0
203	9132.0	6094.0
204	9132.0	6094.0
205	9132.0	6299.0
206	9132.0	6299.0
207	9132.0	6299.0
208	9132.0	6299.0
209	9132.0	6299.0
210	9132.0	6299.0
211	9132.0	6299.0
212	9132.0	6299.0
213	9132.0	6299.0
214	9132.0	6299.0
215	9132.0	6299.0
216	9132.0	6299.0
217	9132.0	6299.0
218	9132.0	6299.0
219	9132.0	6299.0
220	9132.0	6299.0
221	9132.0	6331.0
222	9132.0	6336.0
223	9132.0	6336.0
224	9132.0	6336.0
225	9132.0	6336.0
226	9132.0	6336.0
227	9132.0	6336.0
228	9132.0	6336.0
229	9132.0	6336.0
230	9132.0	6336.0
231	9132.0	6336.0
232	9132.0	6336.0
233	9132.0	6336.0
234	9132.0	6336.0
235	9132.0	6336.0
236	9132.0	6336.0
237	9132.0	6336.0
238	9132.0	6336.0
239	9132.0	6336.0
240	9132.0	6460.0
241	9132.0	6336.0
242	9132.0	6336.0
243	9132.0	6393.0
244	9132.0	6393.0
245	9132.0	6393.0
246	9132.0	6393.0
247	9132.0	6393.0
248	9132.0	6393.0
249	9132.0	6393.0
250	9132.0	6393.0
251	9132.0	6393.0
252	9132.0	6393.0
253	9132.0	6393.0
254	9132.0	6393.0
255	9132.0	6393.0
256	9132.0	6393.0
257	9132.0	6393.0
258	9132.0	6393.0
259	9132.0	6393.0
260	9132.0	6461.0
261	9132.0	6393.0
262	9132.0	6393.0
263	9132.0	6393.0
264	9132.0	6393.0
265	9132.0	6393.0
266	9132.0	6393.0
267	9132.0	6393.0
268	9132.0	6393.0
269	9132.0	6393.0
270	9132.0	6393.0
271	9132.0	6393.0
272	9132.0	6393.0
273	9132.0	6393.0
274	9132.0	6393.0
275	9132.0	6393.0
276	9132.0	6393.0
277	9132.0	6393.0
278	9132.0	6393.0
279	9132.0	6393.0
280	9132.0	6460.0
281	9132.0	6393.0
282	9132.0	6393.0
283	9132.0	6393.0
284	9132.0	6393.0
285	9132.0	6393.0
286	9132.0	6393.0
287	9132.0	6418.0
288	9132.0	6418.0
289	9132.0	6418.0
290	9132.0	6418.0
291	9132.0	6418.0
292	9132.0	6418.0
293	9132.0	6418.0
294	9132.0	6418.0
295	9132.0	6418.0
296	9132.0	6418.0
297	9132.0	6418.0
298	9132.0	6418.0
299	9132.0	6418.0
300	9132.0	6418.0
301	9132.0	6418.0
302	9132.0	6478.0
303	9132.0	6478.0
304	9132.0	6478.0
305	9132.0	6478.0
306	9132.0	6478.0
307	9132.0	6478.0
308	9132.0	6478.0
309	9132.0	6478.0
310	9284.0	6478.0
311	9284.0	6478.0
312	9284.0	6478.0
313	9284.0	6478.0
314	9284.0	6478.0
315	9284.0	6478.0
316	9284.0	6478.0
317	9284.0	6478.0
318	9284.0	6478.0
319	9284.0	6478.0
320	9284.0	6621.0
321	9284.0	6478.0
322	9284.0	6478.0
323	9284.0	6478.0
324	9284.0	6478.0
325	9284.0	6478.0
326	9284.0	6478.0
327	9284.0	6478.0
328	9284.0	6478.0
329	9284.0	6478.0
330	9284.0	6478.0
331	9284.0	6478.0
332	9284.0	6478.0
333	9284.0	6478.0
334	9284.0	6478.0
335	9284.0	6478.0
336	9284.0	6478.0
337	9284.0	6478.0
338	9284.0	6478.0
339	9284.0	6478.0
340	9284.0	6506.0
341	9284.0	6478.0
342	9284.0	6478.0
343	9284.0	6478.0
344	9284.0	6478.0
345	9284.0	6478.0
346	9284.0	6478.0
347	9284.0	6478.0
348	9284.0	6478.0
349	9284.0	6478.0
350	9284.0	6478.0
351	9284.0	6478.0
352	9284.0	6478.0
353	9284.0	6478.0
354	9284.0	6478.0
355	9284.0	6478.0
356	9284.0	6478.0
357	9284.0	6478.0
358	9284.0	6478.0
359	9284.0	6478.0
360	9284.0	6478.0
361	9284.0	6478.0
362	9284.0	6478.0
363	9284.0	6478.0
364	9284.0	6478.0
365	9284.0	6478.0
366	9284.0	6478.0
367	9284.0	6478.0
368	9284.0	6478.0
369	9284.0	6478.0
370	9284.0	6478.0
371	9284.0	6478.0
372	9284.0	6478.0
373	9284.0	6478.0
374	9284.0	6478.0
375	9284.0	6478.0
376	9284.0	6478.0
377	9284.0	6478.0
378	9284.0	6478.0
379	9284.0	6478.0
380	9284.0	6478.0
381	9284.0	6478.0
382	9284.0	6478.0
383	9284.0	6478.0
384	9284.0	6478.0
385	9284.0	6478.0
386	9284.0	6478.0
387	9284.0	6478.0
388	9284.0	6478.0
389	9284.0	6478.0
390	9284.0	6478.0
391	9284.0	6478.0
392	9284.0	6478.0
393	9284.0	6478.0
394	9284.0	6478.0
395	9284.0	6478.0
396	9284.0	6478.0
397	9284.0	6478.0
398	9284.0	6478.0
399	9284.0	6478.0
400	9284.0	6680.0
401	9284.0	6478.0
402	9284.0	6478.0
403	9284.0	6478.0
404	9284.0	6478.0
405	9284.0	6478.0
406	9284.0	6478.0
407	9284.0	6478.0
408	9284.0	6478.0
409	9284.0	6478.0
410	9284.0	6478.0
411	9284.0	6478.0
412	9284.0	6478.0
413	9284.0	6478.0
414	9284.0	6478.0
415	9284.0	6478.0
416	9284.0	6478.0
417	9284.0	6478.0
418	9284.0	6478.0
419	9284.0	6478.0
420	9284.0	6478.0
421	9284.0	6478.0
422	9284.0	6478.0
423	9284.0	6478.0
424	9284.0	6478.0
425	9284.0	6478.0
426	9284.0	6478.0
427	9284.0	6478.0
428	9284.0	6478.0
429	9284.0	6478.0
430	9284.0	6478.0
431	9284.0	6478.0
432	9284.0	6478.0
433	9284.0	6478.0
434	9284.0	6478.0
435	9284.0	6478.0
436	9284.0	6478.0
437	9284.0	6478.0
438	9284.0	6478.0
439	9284.0	6478.0
440	9284.0	6478.0
441	9284.0	6478.0
442	9284.0	6478.0
443	9284.0	6478.0
444	9284.0	6478.0
445	9284.0	6478.0
446	9284.0	6478.0
447	9284.0	6478.0
448	9284.0	6478.0
449	9284.0	6478.0
450	9284.0	6478.0
451	9284.0	6478.0
452	9284.0	6478.0
453	9284.0	6478.0
454	9284.0	6478.0
455	9284.0	6478.0
456	9284.0	6478.0
457	9284.0	6478.0
458	9284.0	6478.0
459	9284.0	6478.0
460	9284.0	6710.0
461	9284.0	6478.0
462	9284.0	6478.0
463	9284.0	6478.0
464	9284.0	6478.0
465	9284.0	6478.0
466	9284.0	6478.0
467	9284.0	6478.0
468	9284.0	6478.0
469	9284.0	6478.0
470	9284.0	6478.0
471	9284.0	6478.0
472	9284.0	6478.0
473	9284.0	6478.0
474	9284.0	6478.0
475	9284.0	6478.0
476	9284.0	6478.0
477	9284.0	6478.0
478	9284.0	6478.0
479	9284.0	6478.0
480	9284.0	6478.0
481	9284.0	6478.0
482	9284.0	6478.0
483	9284.0	6478.0
484	9284.0	6478.0
485	9284.0	6478.0
486	9284.0	6478.0
487	9284.0	6478.0
488	9284.0	6478.0
489	9284.0	6478.0
490	9284.0	6478.0
491	9284.0	6478.0
492	9284.0	6478.0
493	9284.0	6478.0
494	9284.0	6478.0
495	9284.0	6478.0
496	9284.0	6478.0
497	9284.0	6478.0
498	9284.0	6478.0
499	9284.0	6478.0
500	9284.0	6712.0
501	9284.0	6478.0
502	9284.0	6478.0
503	9284.0	6478.0
504	9284.0	6478.0
505	9284.0	6478.0
506	9284.0	6478.0
507	9284.0	6478.0
508	9284.0	6478.0
509	9284.0	6478.0
510	9284.0	6478.0
511	9284.0	6478.0
512	9284.0	6478.0
513	9284.0	6478.0
514	9284.0	6478.0
515	9284.0	6690.0
516	9284.0	6690.0
517	9284.0	6690.0
518	9284.0	6690.0
519	9284.0	6690.0
520	9284.0	6725.0
521	9284.0	6690.0
522	9284.0	6690.0
523	9284.0	6690.0
524	9284.0	6690.0
525	9284.0	6690.0
526	9284.0	6690.0
527	9284.0	6690.0
528	9284.0	6690.0
529	9284.0	6690.0
530	9284.0	6690.0
531	9284.0	6690.0
532	9284.0	6690.0
533	9284.0	6690.0
534	9284.0	6690.0
535	9284.0	6690.0
536	9284.0	6690.0
537	9284.0	6690.0
538	9284.0	6690.0
539	9284.0	6690.0
540	9284.0	6690.0
541	9284.0	6690.0
542	9284.0	6690.0
543	9284.0	6690.0
544	9284.0	6690.0
545	9284.0	6690.0
546	9284.0	6690.0
547	9284.0	6690.0
548	9284.0	6690.0
549	9284.0	6690.0
550	9284.0	6690.0
551	9284.0	6690.0
552	9284.0	6690.0
553	9284.0	6690.0
554	9284.0	6690.0
555	9284.0	6690.0
556	9284.0	6690.0
557	9284.0	6690.0
558	9284.0	6690.0
559	9284.0	6690.0
560	9284.0	6833.0
561	9284.0	6690.0
562	9284.0	6690.0
563	9284.0	6690.0
564	9284.0	6690.0
565	9284.0	6690.0
566	9284.0	6690.0
567	9284.0	6690.0
568	9284.0	6710.0
569	9284.0	6710.0
570	9284.0	6710.0
571	9284.0	6710.0
572	9284.0	6710.0
573	9284.0	6710.0
574	9284.0	6710.0
575	9284.0	6710.0
576	9284.0	6710.0
577	9284.0	6710.0
578	9284.0	6710.0
579	9284.0	6710.0
580	9284.0	6817.0
581	9284.0	6710.0
582	9284.0	6710.0
583	9284.0	6710.0
584	9284.0	6710.0
585	9284.0	6710.0
586	9284.0	6710.0
587	9284.0	6710.0
588	9284.0	6710.0
589	9284.0	6710.0
590	9284.0	6710.0
591	9284.0	6710.0
592	9284.0	6710.0
593	9284.0	6710.0
594	9284.0	6710.0
595	9284.0	6710.0
596	9284.0	6710.0
597	9284.0	6710.0
598	9284.0	6710.0
599	9284.0	6710.0
600	9284.0	6786.0
601	9284.0	6710.0
602	9284.0	6710.0
603	9284.0	6710.0
604	9284.0	6710.0
605	9284.0	6710.0
606	9284.0	6710.0
607	9284.0	6710.0
608	9284.0	6710.0
609	9284.0	6710.0
610	9284.0	6710.0
611	9284.0	6710.0
612	9284.0	6710.0
613	9284.0	6710.0
614	9284.0	6710.0
615	9284.0	6710.0
616	9284.0	6710.0
617	9284.0	6710.0
618	9284.0	6783.0
619	9284.0	6783.0
620	9284.0	6799.0
621	9284.0	6783.0
622	9284.0	6783.0
623	9284.0	6783.0
624	9284.0	6783.0
625	9284.0	6783.0
626	9284.0	6783.0
627	9284.0	6783.0
628	9284.0	6783.0
629	9284.0	6783.0
630	9284.0	6783.0
631	9284.0	6783.0
632	9284.0	6783.0
633	9284.0	6783.0
634	9284.0	6783.0
635	9284.0	6783.0
636	9284.0	6783.0
637	9284.0	6783.0
638	9284.0	6783.0
639	9284.0	6783.0
640	9284.0	6799.0
641	9284.0	6783.0
642	9284.0	6783.0
643	9284.0	6783.0
644	9284.0	6783.0
645	9284.0	6783.0
646	9284.0	6783.0
647	9284.0	6783.0
648	9284.0	6783.0
649	9284.0	6783.0
650	9284.0	6783.0
651	9284.0	6783.0
652	9284.0	6783.0
653	9284.0	6783.0
654	9284.0	6783.0
655	9284.0	6783.0
656	9284.0	6783.0
657	9284.0	6783.0
658	9284.0	6783.0
659	9284.0	6783.0
660	9284.0	6799.0
661	9284.0	6786.0
662	9284.0	6786.0
663	9284.0	6786.0
664	9284.0	6786.0
665	9284.0	6786.0
666	9284.0	6786.0
667	9284.0	6786.0
668	9284.0	6786.0
669	9284.0	6786.0
670	9284.0	6786.0
671	9284.0	6786.0
672	9284.0	6786.0
673	9284.0	6786.0
674	9284.0	6786.0
675	9284.0	6786.0
676	9284.0	6786.0
677	9284.0	6786.0
678	9284.0	6786.0
679	9284.0	6786.0
680	9284.0	6799.0
681	9284.0	6786.0
682	9284.0	6786.0
683	9284.0	6786.0
684	9284.0	6786.0
685	9284.0	6786.0
686	9284.0	6786.0
687	9284.0	6786.0
688	9284.0	6786.0
689	9284.0	6786.0
690	9284.0	6786.0
691	9284.0	6786.0
692	9284.0	6786.0
693	9284.0	6786.0
694	9284.0	6786.0
695	9284.0	6786.0
696	9284.0	6786.0
697	9284.0	6786.0
698	9284.0	6786.0
699	9284.0	6786.0
700	9284.0	6786.0
701	9284.0	6786.0
702	9284.0	6786.0
703	9284.0	6786.0
704	9284.0	6786.0
705	9284.0	6786.0
706	9284.0	6786.0
707	9284.0	6786.0
708	9284.0	6786.0
709	9284.0	6786.0
710	9284.0	6786.0
711	9284.0	6786.0
712	9284.0	6786.0
713	9284.0	6786.0
714	9284.0	6786.0
715	9284.0	6786.0
716	9284.0	6786.0
717	9284.0	6786.0
718	9284.0	6786.0
719	9284.0	6786.0
720	9284.0	6825.0
721	9284.0	6786.0
722	9284.0	6786.0
723	9284.0	6786.0
724	9284.0	6786.0
725	9284.0	6786.0
726	9284.0	6786.0
727	9284.0	6786.0
728	9284.0	6786.0
729	9284.0	6786.0
730	9284.0	6786.0
731	9284.0	6786.0
732	9284.0	6786.0
733	9284.0	6786.0
734	9284.0	6786.0
735	9284.0	6786.0
736	9284.0	6786.0
737	9284.0	6786.0
738	9284.0	6786.0
739	9284.0	6786.0
740	9284.0	7001.0
741	9284.0	6786.0
742	9284.0	6786.0
743	9284.0	6786.0
744	9284.0	6786.0
745	9284.0	6786.0
746	9284.0	6786.0
747	9284.0	6786.0
748	9284.0	6786.0
749	9284.0	6786.0
750	9284.0	6786.0
751	9284.0	6786.0
752	9284.0	6786.0
753	9284.0	6786.0
754	9284.0	6786.0
755	9284.0	6786.0
756	9284.0	6786.0
757	9284.0	6786.0
758	9284.0	6786.0
759	9284.0	6786.0
760	9284.0	6786.0
761	9284.0	6786.0
762	9284.0	6786.0
763	9284.0	6786.0
764	9284.0	6786.0
765	9284.0	6786.0
766	9284.0	6786.0
767	9284.0	6786.0
768	9284.0	6786.0
769	9284.0	6786.0
770	9284.0	6786.0
771	9284.0	6786.0
772	9284.0	6786.0
773	9284.0	6786.0
774	9284.0	6786.0
775	9284.0	6786.0
776	9284.0	6786.0
777	9284.0	6786.0
778	9284.0	6786.0
779	9284.0	6786.0
780	9284.0	6830.0
781	9284.0	6786.0
782	9284.0	6786.0
783	9284.0	6786.0
784	9284.0	6786.0
785	9284.0	6786.0
786	9284.0	6786.0
787	9284.0	6786.0
788	9284.0	6786.0
789	9284.0	6786.0
790	9284.0	6786.0
791	9284.0	6786.0
792	9284.0	6786.0
793	9284.0	6786.0
794	9284.0	6786.0
795	9284.0	6786.0
796	9284.0	6786.0
797	9284.0	6786.0
798	9284.0	6786.0
799	9284.0	6786.0
800	9284.0	6786.0
801	9284.0	6786.0
802	9284.0	6786.0
803	9284.0	6786.0
804	9284.0	6786.0
805	9284.0	6786.0
806	9284.0	6786.0
807	9284.0	6786.0
808	9284.0	6786.0
809	9284.0	6786.0
810	9284.0	6786.0
811	9284.0	6786.0
812	9284.0	6786.0
813	9284.0	6786.0
814	9284.0	6786.0
815	9284.0	6786.0
816	9284.0	6786.0
817	9284.0	6786.0
818	9284.0	6786.0
819	9284.0	6786.0
820	9284.0	6825.0
821	9284.0	6786.0
822	9284.0	6786.0
823	9284.0	6786.0
824	9284.0	6786.0
825	9284.0	6786.0
826	9284.0	6786.0
827	9284.0	6786.0
828	9284.0	6786.0
829	9284.0	6786.0
830	9284.0	6786.0
831	9284.0	6786.0
832	9284.0	6825.0
833	9284.0	6825.0
834	9284.0	6825.0
835	9284.0	6825.0
836	9284.0	6825.0
837	9284.0	6825.0
838	9284.0	6825.0
839	9284.0	6825.0
840	9284.0	6881.0
841	9284.0	6825.0
842	9284.0	6825.0
843	9284.0	6825.0
844	9284.0	6825.0
845	9284.0	6825.0
846	9284.0	6825.0
847	9284.0	6825.0
848	9284.0	6825.0
849	9284.0	6825.0
850	9284.0	6825.0
851	9284.0	6825.0
852	9284.0	6825.0
853	9284.0	6825.0
854	9284.0	6825.0
855	9284.0	6825.0
856	9284.0	6825.0
857	9284.0	6825.0
858	9284.0	6825.0
859	9284.0	6825.0
860	9284.0	6902.0
861	9284.0	6825.0
862	9284.0	6825.0
863	9284.0	6825.0
864	9284.0	6825.0
865	9284.0	6825.0
866	9284.0	6825.0
867	9284.0	6825.0
868	9284.0	6825.0
869	9284.0	6825.0
870	9284.0	6825.0
871	9284.0	6825.0
872	9284.0	6825.0
873	9284.0	6825.0
874	9284.0	6825.0
875	9284.0	6825.0
876	9284.0	6825.0
877	9284.0	6825.0
878	9284.0	6825.0
879	9284.0	6825.0
880	9284.0	6838.0
881	9284.0	6825.0
882	9284.0	6825.0
883	9284.0	6825.0
884	9284.0	6825.0
885	9284.0	6825.0
886	9284.0	6825.0
887	9284.0	6825.0
888	9284.0	6825.0
889	9284.0	6825.0
890	9284.0	6825.0
891	9284.0	6825.0
892	9284.0	6825.0
893	9284.0	6825.0
894	9284.0	6825.0
895	9284.0	6825.0
896	9284.0	6825.0
897	9284.0	6825.0
898	9284.0	6825.0
899	9284.0	6825.0
900	9284.0	6825.0
901	9284.0	6825.0
902	9284.0	6838.0
903	9284.0	6838.0
904	9284.0	6838.0
905	9284.0	6838.0
906	9284.0	6838.0
907	9284.0	6838.0
908	9284.0	6838.0
909	9284.0	6838.0
910	9284.0	6838.0
911	9284.0	6838.0
912	9284.0	6838.0
913	9284.0	6838.0
914	9284.0	6838.0
915	9284.0	6838.0
916	9284.0	6838.0
917	9284.0	6838.0
918	9284.0	6838.0
919	9284.0	6838.0
920	9284.0	6871.0
921	9284.0	6838.0
922	9284.0	6838.0
923	9284.0	6838.0
924	9284.0	6838.0
925	9284.0	6838.0
926	9284.0	6838.0
927	9284.0	6838.0
928	9284.0	6838.0
929	9284.0	6838.0
930	9284.0	6838.0
931	9284.0	6838.0
932	9284.0	6838.0
933	9284.0	6838.0
934	9284.0	6838.0
935	9284.0	6838.0
936	9284.0	6838.0
937	9284.0	6838.0
938	9284.0	6838.0
939	9284.0	6838.0
940	9284.0	7012.0
941	9284.0	6838.0
942	9284.0	6838.0
943	9284.0	6838.0
944	9284.0	6838.0
945	9284.0	6838.0
946	9284.0	6838.0
947	9284.0	6838.0
948	9284.0	6838.0
949	9284.0	6838.0
950	9284.0	6838.0
951	9284.0	6838.0
952	9284.0	6838.0
953	9284.0	6838.0
954	9284.0	6838.0
955	9284.0	6838.0
956	9284.0	6838.0
957	9284.0	6838.0
958	9284.0	6838.0
959	9284.0	6838.0
960	9284.0	6966.0
961	9284.0	6838.0
962	9284.0	6838.0
963	9284.0	6838.0
964	9284.0	6838.0
965	9284.0	6838.0
966	9284.0	6838.0
967	9284.0	6838.0
968	9284.0	6838.0
969	9284.0	6838.0
970	9284.0	6838.0
971	9284.0	6838.0
972	9284.0	6838.0
973	9284.0	6838.0
974	9284.0	6838.0
975	9284.0	6838.0
976	9284.0	6838.0
977	9284.0	6838.0
978	9284.0	6838.0
979	9284.0	6838.0
980	9284.0	6838.0
981	9284.0	6838.0
982	9284.0	6838.0
983	9284.0	6838.0
984	9284.0	6838.0
985	9284.0	6838.0
986	9284.0	6838.0
987	9284.0	6838.0
988	9284.0	6838.0
989	9284.0	6838.0
990	9284.0	6838.0
991	9284.0	6838.0
992	9284.0	6838.0
993	9284.0	6838.0
994	9284.0	6838.0
995	9284.0	6838.0
996	9284.0	6838.0
997	9284.0	6838.0
998	9284.0	6838.0
999	9284.0	6838.0
1000	9284.0	6992.0
