0	7401.0	2741.0
1	7401.0	3526.0
2	8088.0	3763.0
3	8088.0	4084.0
4	8088.0	4363.0
5	8088.0	4376.0
6	8088.0	4472.0
7	8088.0	4472.0
8	8088.0	4472.0
9	8088.0	4472.0
10	8088.0	4755.0
11	8088.0	4755.0
12	8088.0	4755.0
13	8088.0	4755.0
14	8088.0	4755.0
15	8088.0	4755.0
16	8088.0	5138.0
17	8653.0	5138.0
18	8653.0	5138.0
19	8653.0	5247.0
20	8653.0	5387.0
21	8653.0	5247.0
22	8653.0	5247.0
23	8653.0	5361.0
24	8653.0	5361.0
25	8653.0	5361.0
26	8653.0	5361.0
27	8653.0	5361.0
28	8653.0	5361.0
29	8653.0	5361.0
30	8653.0	5374.0
31	8653.0	5374.0
32	8653.0	5374.0
33	8653.0	5453.0
34	8653.0	5565.0
35	8653.0	5565.0
36	8653.0	5565.0
37	8653.0	5565.0
38	8653.0	5565.0
39	8653.0	5565.0
40	8653.0	5786.0
41	8653.0	5565.0
42	8653.0	5620.0
43	8653.0	5620.0
44	8653.0	5620.0
45	8653.0	5620.0
46	8653.0	5620.0
47	8653.0	5620.0
48	8653.0	5620.0
49	8653.0	5650.0
50	8653.0	5650.0
51	8653.0	5650.0
52	8653.0	5653.0
53	8653.0	5653.0
54	8653.0	5653.0
55	8653.0	5653.0
56	8653.0	5653.0
57	8653.0	5653.0
58	8653.0	5653.0
59	8653.0	5653.0
60	8653.0	5653.0
61	8653.0	5653.0
62	8653.0	5653.0
63	8653.0	5653.0
64	8653.0	5653.0
65	8653.0	5653.0
66	8653.0	5653.0
67	8653.0	5755.0
68	8653.0	5755.0
69	8653.0	5755.0
70	8653.0	5755.0
71	8653.0	5755.0
72	8653.0	5765.0
73	8653.0	5765.0
74	8653.0	5765.0
75	8653.0	5765.0
76	8653.0	5765.0
77	8653.0	5765.0
78	8839.0	5765.0
79	8839.0	5765.0
80	8839.0	6050.0
81	8839.0	5765.0
82	8839.0	5765.0
83	8839.0	5765.0
84	8839.0	5765.0
85	8839.0	5765.0
86	8839.0	5765.0
87	8839.0	5765.0
88	8839.0	5765.0
89	8839.0	5765.0
90	8839.0	5765.0
91	8839.0	6016.0
92	8839.0	6016.0
93	8839.0	6016.0
94	8839.0	6016.0
95	8839.0	6016.0
96	8839.0	6016.0
97	8839.0	6016.0
98	8839.0	6016.0
99	8839.0	6016.0
100	8839.0	6170.0
101	8839.0	6016.0
102	8839.0	6016.0
103	8839.0	6047.0
104	8839.0	6047.0
105	8839.0	6047.0
106	8839.0	6050.0
107	8839.0	6050.0
108	8839.0	6050.0
109	8839.0	6050.0
110	8839.0	6050.0
111	8839.0	6050.0
112	8839.0	6050.0
113	8839.0	6050.0
114	8839.0	6050.0
115	8839.0	6050.0
116	8839.0	6050.0
117	8839.0	6050.0
118	8839.0	6050.0
119	8839.0	6050.0
120	8839.0	6192.0
121	8839.0	6118.0
122	8839.0	6118.0
123	8839.0	6118.0
124	8839.0	6118.0
125	8839.0	6118.0
126	8839.0	6118.0
127	8839.0	6118.0
128	8839.0	6118.0
129	8839.0	6118.0
130	8839.0	6118.0
131	8839.0	6118.0
132	8839.0	6118.0
133	8839.0	6118.0
134	8839.0	6118.0
135	8839.0	6118.0
136	8839.0	6118.0
137	8839.0	6118.0
138	8839.0	6192.0
139	8839.0	6192.0
140	8839.0	6284.0
141	8839.0	6192.0
142	8839.0	6192.0
143	8839.0	6192.0
144	8839.0	6192.0
145	8839.0	6192.0
146	8839.0	6192.0
147	8839.0	6192.0
148	8839.0	6192.0
149	8839.0	6192.0
150	8839.0	6192.0
151	8839.0	6192.0
152	8839.0	6192.0
153	8839.0	6192.0
154	8839.0	6192.0
155	8839.0	6192.0
156	8839.0	6192.0
157	8839.0	6192.0
158	8839.0	6236.0
159	8839.0	6236.0
160	8839.0	6298.0
161	8839.0	6236.0
162	8839.0	6236.0
163	8839.0	6236.0
164	8839.0	6236.0
165	8839.0	6236.0
166	8839.0	6236.0
167	8839.0	6236.0
168	8839.0	6294.0
169	8839.0	6294.0
170	8839.0	6294.0
171	8839.0	6294.0
172	8839.0	6294.0
173	8839.0	6294.0
174	8839.0	6294.0
175	8839.0	6294.0
176	8839.0	6294.0
177	8839.0	6294.0
178	8839.0	6294.0
179	8839.0	6294.0
180	9110.0	6384.0
181	9110.0	6294.0
182	9110.0	6294.0
183	9110.0	6294.0
184	9110.0	6294.0
185	9110.0	6294.0
186	9110.0	6294.0
187	9110.0	6315.0
188	9110.0	6315.0
189	9110.0	6315.0
190	9110.0	6315.0
191	9110.0	6315.0
192	9110.0	6315.0
193	9110.0	6315.0
194	9110.0	6315.0
195	9110.0	6315.0
196	9110.0	6315.0
197	9110.0	6315.0
198	9110.0	6324.0
199	9110.0	6324.0
200	9110.0	6394.0
201	9110.0	6324.0
202	9110.0	6324.0
203	9110.0	6324.0
204	9110.0	6324.0
205	9110.0	6324.0
206	9110.0	6324.0
207	9110.0	6324.0
208	9110.0	6324.0
209	9110.0	6324.0
210	9110.0	6324.0
211	9110.0	6324.0
212	9110.0	6324.0
213	9110.0	6355.0
214	9110.0	6355.0
215	9110.0	6355.0
216	9110.0	6355.0
217	9110.0	6355.0
218	9110.0	6355.0
219	9110.0	6355.0
220	9110.0	6376.0
221	9110.0	6355.0
222	9110.0	6355.0
223	9110.0	6355.0
224	9110.0	6355.0
225	9110.0	6355.0
226	9110.0	6355.0
227	9110.0	6355.0
228	9110.0	6355.0
229	9110.0	6355.0
230	9110.0	6355.0
231	9110.0	6355.0
232	9110.0	6355.0
233	9110.0	6355.0
234	9110.0	6372.0
235	9110.0	6372.0
236	9110.0	6372.0
237	9110.0	6372.0
238	9110.0	6372.0
239	9110.0	6372.0
240	9110.0	6393.0
241	9110.0	6372.0
242	9110.0	6372.0
243	9110.0	6372.0
244	9110.0	6372.0
245	9110.0	6372.0
246	9110.0	6372.0
247	9110.0	6372.0
248	9110.0	6372.0
249	9110.0	6372.0
250	9110.0	6372.0
251	9110.0	6372.0
252	9110.0	6372.0
253	9110.0	6372.0
254	9110.0	6372.0
255	9110.0	6372.0
256	9110.0	6372.0
257	9110.0	6372.0
258	9110.0	6372.0
259	9110.0	6372.0
260	9110.0	6376.0
261	9110.0	6372.0
262	9110.0	6372.0
263	9110.0	6372.0
264	9110.0	6372.0
265	9110.0	6372.0
266	9110.0	6372.0
267	9110.0	6372.0
268	9110.0	6372.0
269	9110.0	6372.0
270	9110.0	6372.0
271	9110.0	6372.0
272	9110.0	6372.0
273	9110.0	6372.0
274	9110.0	6372.0
275	9110.0	6372.0
276	9110.0	6372.0
277	9110.0	6372.0
278	9110.0	6372.0
279	9110.0	6372.0
280	9110.0	6372.0
281	9110.0	6372.0
282	9110.0	6372.0
283	9110.0	6372.0
284	9110.0	6372.0
285	9110.0	6372.0
286	9110.0	6372.0
287	9110.0	6372.0
288	9110.0	6372.0
289	9110.0	6372.0
290	9110.0	6372.0
291	9110.0	6372.0
292	9110.0	6372.0
293	9110.0	6372.0
294	9110.0	6372.0
295	9110.0	6372.0
296	9110.0	6372.0
297	9110.0	6372.0
298	9110.0	6372.0
299	9110.0	6372.0
300	9110.0	6376.0
301	9110.0	6372.0
302	9110.0	6372.0
303	9110.0	6372.0
304	9110.0	6372.0
305	9110.0	6372.0
306	9110.0	6372.0
307	9110.0	6372.0
308	9110.0	6372.0
309	9110.0	6372.0
310	9110.0	6372.0
311	9110.0	6372.0
312	9110.0	6372.0
313	9110.0	6372.0
314	9110.0	6372.0
315	9110.0	6372.0
316	9110.0	6372.0
317	9110.0	6372.0
318	9110.0	6372.0
319	9110.0	6372.0
320	9110.0	6563.0
321	9110.0	6372.0
322	9110.0	6372.0
323	9110.0	6372.0
324	9110.0	6372.0
325	9110.0	6372.0
326	9110.0	6372.0
327	9110.0	6372.0
328	9110.0	6372.0
329	9110.0	6372.0
330	9110.0	6372.0
331	9110.0	6372.0
332	9110.0	6372.0
333	9110.0	6372.0
334	9110.0	6372.0
335	9110.0	6372.0
336	9110.0	6372.0
337	9110.0	6372.0
338	9110.0	6372.0
339	9110.0	6372.0
340	9110.0	6570.0
341	9110.0	6372.0
342	9110.0	6372.0
343	9110.0	6372.0
344	9110.0	6372.0
345	9110.0	6372.0
346	9110.0	6372.0
347	9110.0	6372.0
348	9110.0	6372.0
349	9110.0	6372.0
350	9110.0	6372.0
351	9110.0	6372.0
352	9110.0	6372.0
353	9110.0	6372.0
354	9110.0	6372.0
355	9110.0	6372.0
356	9110.0	6372.0
357	9110.0	6376.0
358	9110.0	6376.0
359	9110.0	6376.0
360	9110.0	6544.0
361	9110.0	6376.0
362	9110.0	6376.0
363	9110.0	6376.0
364	9110.0	6376.0
365	9110.0	6376.0
366	9110.0	6376.0
367	9110.0	6376.0
368	9110.0	6376.0
369	9110.0	6376.0
370	9110.0	6376.0
371	9110.0	6376.0
372	9110.0	6376.0
373	9110.0	6376.0
374	9110.0	6376.0
375	9110.0	6376.0
376	9110.0	6376.0
377	9110.0	6376.0
378	9110.0	6376.0
379	9110.0	6376.0
380	9110.0	6376.0
381	9110.0	6376.0
382	9110.0	6376.0
383	9110.0	6376.0
384	9110.0	6376.0
385	9110.0	6376.0
386	9110.0	6376.0
387	9110.0	6376.0
388	9110.0	6376.0
389	9110.0	6376.0
390	9110.0	6376.0
391	9110.0	6376.0
392	9110.0	6376.0
393	9110.0	6376.0
394	9110.0	6376.0
395	9110.0	6376.0
396	9110.0	6376.0
397	9110.0	6376.0
398	9110.0	6376.0
399	9110.0	6376.0
400	9110.0	6376.0
401	9110.0	6376.0
402	9110.0	6376.0
403	9110.0	6376.0
404	9110.0	6376.0
405	9110.0	6376.0
406	9110.0	6376.0
407	9110.0	6376.0
408	9110.0	6376.0
409	9110.0	6376.0
410	9110.0	6376.0
411	9110.0	6376.0
412	9110.0	6376.0
413	9110.0	6376.0
414	9110.0	6376.0
415	9110.0	6376.0
416	9110.0	6376.0
417	9110.0	6376.0
418	9110.0	6376.0
419	9110.0	6376.0
420	9110.0	6376.0
421	9110.0	6376.0
422	9110.0	6376.0
423	9110.0	6493.0
424	9110.0	6493.0
425	9110.0	6493.0
426	9110.0	6493.0
427	9110.0	6493.0
428	9110.0	6493.0
429	9110.0	6493.0
430	9110.0	6493.0
431	9110.0	6493.0
432	9110.0	6493.0
433	9110.0	6493.0
434	9110.0	6493.0
435	9110.0	6493.0
436	9110.0	6493.0
437	9110.0	6493.0
438	9110.0	6493.0
439	9110.0	6493.0
440	9110.0	6665.0
441	9110.0	6493.0
442	9110.0	6493.0
443	9110.0	6493.0
444	9110.0	6493.0
445	9110.0	6493.0
446	9110.0	6493.0
447	9110.0	6493.0
448	9110.0	6493.0
449	9110.0	6493.0
450	9110.0	6493.0
451	9110.0	6493.0
452	9110.0	6493.0
453	9110.0	6493.0
454	9110.0	6493.0
455	9110.0	6493.0
456	9110.0	6493.0
457	9110.0	6493.0
458	9110.0	6493.0
459	9110.0	6493.0
460	9110.0	6644.0
461	9110.0	6493.0
462	9110.0	6493.0
463	9110.0	6493.0
464	9110.0	6493.0
465	9110.0	6493.0
466	9110.0	6493.0
467	9110.0	6493.0
468	9110.0	6493.0
469	9110.0	6493.0
470	9110.0	6493.0
471	9110.0	6493.0
472	9110.0	6493.0
473	9110.0	6493.0
474	9110.0	6493.0
475	9110.0	6493.0
476	9110.0	6493.0
477	9110.0	6493.0
478	9110.0	6493.0
479	9110.0	6493.0
480	9110.0	6493.0
481	9110.0	6493.0
482	9110.0	6493.0
483	9110.0	6493.0
484	9110.0	6493.0
485	9110.0	6493.0
486	9110.0	6493.0
487	9110.0	6493.0
488	9110.0	6493.0
489	9110.0	6493.0
490	9110.0	6493.0
491	9110.0	6493.0
492	9110.0	6493.0
493	9110.0	6493.0
494	9110.0	6493.0
495	9110.0	6493.0
496	9110.0	6493.0
497	9110.0	6493.0
498	9110.0	6493.0
499	9110.0	6493.0
500	9110.0	6561.0
501	9110.0	6493.0
502	9110.0	6493.0
503	9110.0	6493.0
504	9110.0	6493.0
505	9110.0	6493.0
506	9110.0	6493.0
507	9110.0	6493.0
508	9110.0	6493.0
509	9110.0	6493.0
510	9110.0	6493.0
511	9110.0	6493.0
512	9110.0	6493.0
513	9110.0	6493.0
514	9110.0	6493.0
515	9110.0	6493.0
516	9110.0	6493.0
517	9110.0	6493.0
518	9110.0	6493.0
519	9110.0	6493.0
520	9110.0	6777.0
521	9110.0	6493.0
522	9110.0	6493.0
523	9110.0	6493.0
524	9110.0	6493.0
525	9110.0	6493.0
526	9110.0	6493.0
527	9110.0	6493.0
528	9110.0	6493.0
529	9110.0	6493.0
530	9110.0	6493.0
531	9110.0	6493.0
532	9110.0	6493.0
533	9110.0	6493.0
534	9110.0	6493.0
535	9110.0	6493.0
536	9110.0	6493.0
537	9110.0	6493.0
538	9110.0	6493.0
539	9110.0	6493.0
540	9110.0	6895.0
541	9110.0	6493.0
542	9110.0	6702.0
543	9110.0	6734.0
544	9110.0	6734.0
545	9110.0	6734.0
546	9110.0	6734.0
547	9110.0	6734.0
548	9110.0	6734.0
549	9110.0	6734.0
550	9110.0	6734.0
551	9110.0	6734.0
552	9110.0	6753.0
553	9110.0	6753.0
554	9110.0	6753.0
555	9110.0	6753.0
556	9110.0	6753.0
557	9110.0	6753.0
558	9110.0	6753.0
559	9110.0	6753.0
560	9110.0	6795.0
561	9110.0	6753.0
562	9110.0	6753.0
563	9110.0	6753.0
564	9110.0	6753.0
565	9110.0	6753.0
566	9110.0	6753.0
567	9110.0	6753.0
568	9110.0	6753.0
569	9110.0	6753.0
570	9110.0	6777.0
571	9110.0	6777.0
572	9110.0	6777.0
573	9110.0	6777.0
574	9110.0	6777.0
575	9110.0	6777.0
576	9110.0	6777.0
577	9110.0	6777.0
578	9110.0	6777.0
579	9110.0	6777.0
580	9110.0	6890.0
581	9110.0	6777.0
582	9110.0	6777.0
583	9110.0	6777.0
584	9110.0	6777.0
585	9110.0	6777.0
586	9110.0	6777.0
587	9110.0	6777.0
588	9110.0	6777.0
589	9110.0	6777.0
590	9110.0	6777.0
591	9110.0	6777.0
592	9110.0	6777.0
593	9110.0	6777.0
594	9110.0	6777.0
595	9110.0	6777.0
596	9110.0	6777.0
597	9110.0	6777.0
598	9110.0	6777.0
599	9110.0	6777.0
600	9110.0	6810.0
601	9110.0	6777.0
602	9110.0	6777.0
603	9110.0	6777.0
604	9110.0	6777.0
605	9110.0	6777.0
606	9110.0	6777.0
607	9110.0	6777.0
608	9110.0	6777.0
609	9110.0	6777.0
610	9110.0	6777.0
611	9110.0	6777.0
612	9110.0	6777.0
613	9110.0	6777.0
614	9110.0	6777.0
615	9110.0	6777.0
616	9110.0	6777.0
617	9110.0	6777.0
618	9110.0	6777.0
619	9110.0	6777.0
620	9110.0	6881.0
621	9110.0	6777.0
622	9110.0	6777.0
623	9110.0	6777.0
624	9110.0	6777.0
625	9110.0	6777.0
626	9110.0	6777.0
627	9110.0	6777.0
628	9110.0	6777.0
629	9110.0	6777.0
630	9110.0	6777.0
631	9110.0	6777.0
632	9110.0	6777.0
633	9110.0	6777.0
634	9110.0	6777.0
635	9110.0	6777.0
636	9110.0	6777.0
637	9110.0	6777.0
638	9110.0	6777.0
639	9110.0	6777.0
640	9110.0	6906.0
641	9110.0	6777.0
642	9110.0	6777.0
643	9110.0	6777.0
644	9110.0	6777.0
645	9110.0	6777.0
646	9110.0	6777.0
647	9110.0	6777.0
648	9110.0	6777.0
649	9110.0	6777.0
650	9110.0	6777.0
651	9110.0	6777.0
652	9110.0	6777.0
653	9110.0	6777.0
654	9110.0	6777.0
655	9110.0	6777.0
656	9110.0	6777.0
657	9110.0	6777.0
658	9110.0	6777.0
659	9110.0	6777.0
660	9110.0	6906.0
661	9110.0	6777.0
662	9110.0	6777.0
663	9110.0	6777.0
664	9110.0	6777.0
665	9110.0	6777.0
666	9110.0	6777.0
667	9110.0	6777.0
668	9110.0	6777.0
669	9110.0	6777.0
670	9110.0	6777.0
671	9110.0	6777.0
672	9110.0	6777.0
673	9110.0	6777.0
674	9110.0	6777.0
675	9110.0	6810.0
676	9110.0	6810.0
677	9110.0	6810.0
678	9110.0	6810.0
679	9110.0	6810.0
680	9110.0	6922.0
681	9110.0	6810.0
682	9110.0	6810.0
683	9110.0	6810.0
684	9110.0	6810.0
685	9110.0	6810.0
686	9110.0	6810.0
687	9110.0	6810.0
688	9110.0	6810.0
689	9110.0	6810.0
690	9110.0	6810.0
691	9110.0	6810.0
692	9110.0	6810.0
693	9110.0	6810.0
694	9110.0	6810.0
695	9110.0	6810.0
696	9110.0	6810.0
697	9110.0	6810.0
698	9110.0	6810.0
699	9110.0	6810.0
700	9110.0	6930.0
701	9110.0	6810.0
702	9110.0	6810.0
703	9110.0	6881.0
704	9110.0	6881.0
705	9110.0	6881.0
706	9110.0	6881.0
707	9110.0	6881.0
708	9110.0	6881.0
709	9110.0	6881.0
710	9110.0	6881.0
711	9110.0	6881.0
712	9110.0	6881.0
713	9110.0	6881.0
714	9110.0	6881.0
715	9110.0	6881.0
716	9110.0	6881.0
717	9110.0	6881.0
718	9110.0	6881.0
719	9110.0	6881.0
720	9110.0	6881.0
721	9110.0	6881.0
722	9110.0	6881.0
723	9110.0	6881.0
724	9110.0	6881.0
725	9110.0	6881.0
726	9110.0	6881.0
727	9110.0	6881.0
728	9110.0	6881.0
729	9110.0	6881.0
730	9110.0	6881.0
731	9110.0	6881.0
732	9110.0	6881.0
733	9110.0	6881.0
734	9110.0	6881.0
735	9110.0	6881.0
736	9110.0	6881.0
737	9110.0	6881.0
738	9110.0	6881.0
739	9110.0	6881.0
740	9110.0	6881.0
741	9110.0	6881.0
742	9110.0	6881.0
743	9110.0	6881.0
744	9110.0	6881.0
745	9110.0	6881.0
746	9110.0	6881.0
747	9110.0	6881.0
748	9110.0	6881.0
749	9110.0	6881.0
750	9110.0	6881.0
751	9110.0	6881.0
752	9110.0	6881.0
753	9110.0	6881.0
754	9110.0	6881.0
755	9110.0	6881.0
756	9110.0	6881.0
757	9110.0	6881.0
758	9110.0	6881.0
759	9110.0	6881.0
760	9110.0	6881.0
761	9110.0	6881.0
762	9110.0	6881.0
763	9110.0	6881.0
764	9110.0	6881.0
765	9110.0	6881.0
766	9110.0	6881.0
767	9110.0	6881.0
768	9110.0	6881.0
769	9110.0	6881.0
770	9110.0	6881.0
771	9110.0	6881.0
772	9110.0	6881.0
773	9110.0	6881.0
774	9110.0	6881.0
775	9110.0	6881.0
776	9110.0	6881.0
777	9110.0	6881.0
778	9110.0	6881.0
779	9110.0	6881.0
780	9110.0	6961.0
781	9110.0	6881.0
782	9110.0	6881.0
783	9110.0	6881.0
784	9110.0	6881.0
785	9110.0	6881.0
786	9110.0	6881.0
787	9110.0	6881.0
788	9110.0	6881.0
789	9110.0	6881.0
790	9110.0	6881.0
791	9110.0	6881.0
792	9110.0	6881.0
793	9110.0	6881.0
794	9110.0	6881.0
795	9110.0	6881.0
796	9110.0	6881.0
797	9110.0	6881.0
798	9110.0	6881.0
799	9110.0	6881.0
800	9110.0	6956.0
801	9110.0	6881.0
802	9110.0	6881.0
803	9110.0	6881.0
804	9110.0	6881.0
805	9110.0	6881.0
806	9110.0	6881.0
807	9110.0	6881.0
808	9110.0	6881.0
809	9110.0	6881.0
810	9110.0	6881.0
811	9110.0	6881.0
812	9110.0	6881.0
813	9110.0	6881.0
814	9110.0	6881.0
815	9110.0	6881.0
816	9110.0	6881.0
817	9110.0	6881.0
818	9110.0	6881.0
819	9110.0	6881.0
820	9110.0	6985.0
821	9110.0	6881.0
822	9110.0	6881.0
823	9110.0	6881.0
824	9110.0	6881.0
825	9110.0	6881.0
826	9110.0	6881.0
827	9110.0	6881.0
828	9110.0	6881.0
829	9110.0	6881.0
830	9110.0	6881.0
831	9449.0	6881.0
832	9449.0	6881.0
833	9449.0	6881.0
834	9449.0	6881.0
835	9449.0	6881.0
836	9449.0	6881.0
837	9449.0	6881.0
838	9449.0	6881.0
839	9449.0	6881.0
840	9449.0	7009.0
841	9449.0	6881.0
842	9449.0	6881.0
843	9449.0	6881.0
844	9449.0	6881.0
845	9449.0	6881.0
846	9449.0	6881.0
847	9449.0	6881.0
848	9449.0	6881.0
849	9449.0	6881.0
850	9449.0	6881.0
851	9449.0	6881.0
852	9449.0	6881.0
853	9449.0	6881.0
854	9449.0	6881.0
855	9449.0	6881.0
856	9449.0	6881.0
857	9449.0	6881.0
858	9449.0	6881.0
859	9449.0	6881.0
860	9449.0	6881.0
861	9449.0	6881.0
862	9449.0	6881.0
863	9449.0	6881.0
864	9449.0	6881.0
865	9449.0	6881.0
866	9449.0	6881.0
867	9449.0	6881.0
868	9449.0	6881.0
869	9449.0	6881.0
870	9449.0	6881.0
871	9449.0	6881.0
872	9449.0	6881.0
873	9449.0	6881.0
874	9449.0	6881.0
875	9449.0	6881.0
876	9449.0	6881.0
877	9449.0	6881.0
878	9449.0	6881.0
879	9449.0	6881.0
880	9449.0	6956.0
881	9449.0	6881.0
882	9449.0	6881.0
883	9449.0	6881.0
884	9449.0	6881.0
885	9449.0	6881.0
886	9449.0	6881.0
887	9449.0	6881.0
888	9449.0	6881.0
889	9449.0	6881.0
890	9449.0	6881.0
891	9449.0	6881.0
892	9449.0	6881.0
893	9449.0	6881.0
894	9449.0	6881.0
895	9449.0	6881.0
896	9449.0	6881.0
897	9449.0	6881.0
898	9449.0	6881.0
899	9449.0	6881.0
900	9449.0	6881.0
901	9449.0	6881.0
902	9449.0	6881.0
903	9449.0	6881.0
904	9449.0	6881.0
905	9449.0	6881.0
906	9449.0	6881.0
907	9449.0	6881.0
908	9449.0	6881.0
909	9449.0	6881.0
910	9449.0	6881.0
911	9449.0	6881.0
912	9449.0	6881.0
913	9449.0	6881.0
914	9449.0	6881.0
915	9449.0	6881.0
916	9449.0	6881.0
917	9449.0	6881.0
918	9449.0	6881.0
919	9449.0	6881.0
920	9449.0	7060.0
921	9449.0	6881.0
922	9449.0	6881.0
923	9449.0	6881.0
924	9449.0	6881.0
925	9449.0	6881.0
926	9449.0	6881.0
927	9449.0	6881.0
928	9449.0	6881.0
929	9449.0	6881.0
930	9449.0	6881.0
931	9449.0	6881.0
932	9449.0	6881.0
933	9449.0	6881.0
934	9449.0	6881.0
935	9449.0	6881.0
936	9449.0	6881.0
937	9449.0	6881.0
938	9449.0	6881.0
939	9449.0	6881.0
940	9449.0	6954.0
941	9449.0	6881.0
942	9449.0	6881.0
943	9449.0	6881.0
944	9449.0	6881.0
945	9449.0	6881.0
946	9449.0	6881.0
947	9449.0	6881.0
948	9449.0	6881.0
949	9449.0	6881.0
950	9449.0	6881.0
951	9449.0	6881.0
952	9449.0	6881.0
953	9449.0	6881.0
954	9449.0	6881.0
955	9449.0	6881.0
956	9449.0	6881.0
957	9449.0	6881.0
958	9449.0	6881.0
959	9449.0	6881.0
960	9449.0	7084.0
961	9449.0	6881.0
962	9449.0	6881.0
963	9449.0	6881.0
964	9449.0	6881.0
965	9449.0	6881.0
966	9449.0	6881.0
967	9449.0	6954.0
968	9449.0	6954.0
969	9449.0	6954.0
970	9449.0	6954.0
971	9449.0	6954.0
972	9449.0	6954.0
973	9449.0	6954.0
974	9449.0	6954.0
975	9449.0	6954.0
976	9449.0	6954.0
977	9449.0	6954.0
978	9449.0	6954.0
979	9449.0	6954.0
980	9449.0	6954.0
981	9801.0	6954.0
982	9801.0	6954.0
983	9801.0	6954.0
984	9801.0	6954.0
985	9801.0	6954.0
986	9801.0	6954.0
987	9801.0	6954.0
988	9801.0	6954.0
989	9801.0	6954.0
990	9801.0	6954.0
991	9801.0	6954.0
992	9801.0	6954.0
993	9801.0	6954.0
994	9801.0	6954.0
995	9801.0	6954.0
996	9801.0	6954.0
997	9801.0	6954.0
998	9801.0	6954.0
999	9801.0	6954.0
1000	9801.0	6954.0
