0	7642.0	2706.0
1	7713.0	3359.0
2	7713.0	3874.0
3	8266.0	4036.0
4	8266.0	4172.0
5	8266.0	4172.0
6	8266.0	4276.0
7	8266.0	4644.0
8	8266.0	4644.0
9	8266.0	4644.0
10	8266.0	4817.0
11	8266.0	4919.0
12	8266.0	4919.0
13	8405.0	4919.0
14	8405.0	4919.0
15	8405.0	5063.0
16	8405.0	5063.0
17	8405.0	5063.0
18	8405.0	5063.0
19	8405.0	5223.0
20	8405.0	5372.0
21	8405.0	5223.0
22	8405.0	5223.0
23	8405.0	5223.0
24	8405.0	5370.0
25	8405.0	5370.0
26	8405.0	5370.0
27	8405.0	5370.0
28	8405.0	5370.0
29	8405.0	5387.0
30	8405.0	5387.0
31	8405.0	5387.0
32	8405.0	5387.0
33	8405.0	5387.0
34	8405.0	5387.0
35	8405.0	5387.0
36	8405.0	5387.0
37	8405.0	5387.0
38	8405.0	5395.0
39	8405.0	5395.0
40	8405.0	5395.0
41	8405.0	5395.0
42	8405.0	5395.0
43	8405.0	5395.0
44	8405.0	5555.0
45	8405.0	5555.0
46	8405.0	5555.0
47	8405.0	5555.0
48	8405.0	5555.0
49	8405.0	5555.0
50	8405.0	5555.0
51	8405.0	5555.0
52	8405.0	5555.0
53	8405.0	5555.0
54	8405.0	5555.0
55	8405.0	5555.0
56	8405.0	5555.0
57	8405.0	5778.0
58	8405.0	5778.0
59	8405.0	5778.0
60	8405.0	5859.0
61	8405.0	5778.0
62	8405.0	5778.0
63	8405.0	5778.0
64	8405.0	5778.0
65	8405.0	5778.0
66	8405.0	5778.0
67	8405.0	5778.0
68	8477.0	5778.0
69	8477.0	5778.0
70	8477.0	5778.0
71	8477.0	5824.0
72	8477.0	5824.0
73	8477.0	5824.0
74	8477.0	5908.0
75	8477.0	5908.0
76	8477.0	5926.0
77	8477.0	5926.0
78	8477.0	5926.0
79	8477.0	5926.0
80	8477.0	5977.0
81	8477.0	5926.0
82	8477.0	5926.0
83	8477.0	5926.0
84	8477.0	5952.0
85	8477.0	5952.0
86	8477.0	5968.0
87	8482.0	5968.0
88	8530.0	5968.0
89	8530.0	5968.0
90	8530.0	5968.0
91	8530.0	5968.0
92	8530.0	5968.0
93	8530.0	5968.0
94	8530.0	5968.0
95	8530.0	5968.0
96	8530.0	5968.0
97	8530.0	5968.0
98	8530.0	5968.0
99	8530.0	5968.0
100	8530.0	6115.0
101	8530.0	5968.0
102	8530.0	5968.0
103	8530.0	5968.0
104	8530.0	5968.0
105	8530.0	5968.0
106	8530.0	5968.0
107	8530.0	5968.0
108	8530.0	5968.0
109	8530.0	5968.0
110	8580.0	5968.0
111	8580.0	5968.0
112	8580.0	5977.0
113	8580.0	5977.0
114	8580.0	5977.0
115	8580.0	5977.0
116	8580.0	5977.0
117	8580.0	5977.0
118	8580.0	5977.0
119	8580.0	5977.0
120	8580.0	6159.0
121	8580.0	5977.0
122	8580.0	5977.0
123	8580.0	5977.0
124	8580.0	5977.0
125	8580.0	5977.0
126	8580.0	5977.0
127	8580.0	5977.0
128	8580.0	6073.0
129	8580.0	6073.0
130	8580.0	6073.0
131	8580.0	6073.0
132	8580.0	6073.0
133	8580.0	6103.0
134	8580.0	6103.0
135	8580.0	6103.0
136	8580.0	6103.0
137	8580.0	6103.0
138	8580.0	6103.0
139	8580.0	6103.0
140	8580.0	6308.0
141	8750.0	6159.0
142	8750.0	6159.0
143	8750.0	6159.0
144	8750.0	6159.0
145	8750.0	6159.0
146	8750.0	6159.0
147	8750.0	6159.0
148	8750.0	6159.0
149	8750.0	6159.0
150	8750.0	6159.0
151	8750.0	6159.0
152	8750.0	6159.0
153	8750.0	6159.0
154	8750.0	6159.0
155	8750.0	6159.0
156	8750.0	6159.0
157	8750.0	6159.0
158	8750.0	6159.0
159	8750.0	6159.0
160	8750.0	6294.0
161	8750.0	6159.0
162	8750.0	6159.0
163	8750.0	6159.0
164	8750.0	6159.0
165	8750.0	6159.0
166	8750.0	6159.0
167	8750.0	6159.0
168	8750.0	6159.0
169	8750.0	6159.0
170	8750.0	6159.0
171	8750.0	6159.0
172	8750.0	6159.0
173	8750.0	6159.0
174	8750.0	6159.0
175	8750.0	6159.0
176	8750.0	6159.0
177	8750.0	6159.0
178	8750.0	6159.0
179	8750.0	6159.0
180	8750.0	6472.0
181	8750.0	6246.0
182	8750.0	6246.0
183	8750.0	6246.0
184	8750.0	6246.0
185	8750.0	6246.0
186	8750.0	6246.0
187	8750.0	6246.0
188	8750.0	6246.0
189	8750.0	6246.0
190	8750.0	6246.0
191	8750.0	6246.0
192	8750.0	6246.0
193	8750.0	6246.0
194	8750.0	6246.0
195	8750.0	6246.0
196	8750.0	6246.0
197	8750.0	6246.0
198	8750.0	6246.0
199	8750.0	6246.0
200	8750.0	6470.0
201	8750.0	6246.0
202	8750.0	6246.0
203	8750.0	6246.0
204	8750.0	6246.0
205	8750.0	6246.0
206	8750.0	6246.0
207	8750.0	6246.0
208	8750.0	6246.0
209	8750.0	6246.0
210	8750.0	6246.0
211	8750.0	6246.0
212	8750.0	6246.0
213	9105.0	6246.0
214	9105.0	6246.0
215	9105.0	6246.0
216	9105.0	6246.0
217	9105.0	6246.0
218	9105.0	6246.0
219	9105.0	6246.0
220	9105.0	6470.0
221	9105.0	6246.0
222	9105.0	6246.0
223	9105.0	6246.0
224	9105.0	6246.0
225	9105.0	6246.0
226	9105.0	6246.0
227	9105.0	6246.0
228	9105.0	6246.0
229	9105.0	6246.0
230	9105.0	6246.0
231	9105.0	6246.0
232	9105.0	6246.0
233	9105.0	6246.0
234	9105.0	6246.0
235	9105.0	6246.0
236	9105.0	6246.0
237	9105.0	6246.0
238	9105.0	6246.0
239	9105.0	6246.0
240	9105.0	6246.0
241	9105.0	6319.0
242	9105.0	6319.0
243	9105.0	6319.0
244	9105.0	6319.0
245	9105.0	6319.0
246	9105.0	6319.0
247	9105.0	6319.0
248	9105.0	6319.0
249	9105.0	6319.0
250	9105.0	6319.0
251	9105.0	6319.0
252	9105.0	6319.0
253	9105.0	6319.0
254	9105.0	6319.0
255	9105.0	6319.0
256	9105.0	6319.0
257	9105.0	6319.0
258	9105.0	6319.0
259	9105.0	6319.0
260	9105.0	6510.0
261	9105.0	6319.0
262	9105.0	6359.0
263	9105.0	6359.0
264	9105.0	6359.0
265	9105.0	6359.0
266	9105.0	6359.0
267	9105.0	6359.0
268	9105.0	6359.0
269	9105.0	6359.0
270	9105.0	6359.0
271	9105.0	6359.0
272	9105.0	6359.0
273	9105.0	6359.0
274	9105.0	6359.0
275	9105.0	6359.0
276	9105.0	6359.0
277	9105.0	6359.0
278	9105.0	6359.0
279	9105.0	6359.0
280	9105.0	6519.0
281	9105.0	6359.0
282	9105.0	6359.0
283	9105.0	6359.0
284	9105.0	6359.0
285	9105.0	6359.0
286	9105.0	6359.0
287	9105.0	6359.0
288	9105.0	6359.0
289	9105.0	6447.0
290	9105.0	6447.0
291	9105.0	6447.0
292	9105.0	6447.0
293	9105.0	6447.0
294	9105.0	6447.0
295	9105.0	6447.0
296	9105.0	6447.0
297	9105.0	6483.0
298	9105.0	6483.0
299	9105.0	6483.0
300	9105.0	6669.0
301	9105.0	6483.0
302	9105.0	6483.0
303	9105.0	6483.0
304	9105.0	6483.0
305	9105.0	6483.0
306	9105.0	6483.0
307	9105.0	6483.0
308	9105.0	6483.0
309	9105.0	6483.0
310	9105.0	6483.0
311	9105.0	6483.0
312	9105.0	6483.0
313	9105.0	6483.0
314	9105.0	6483.0
315	9105.0	6483.0
316	9105.0	6483.0
317	9105.0	6483.0
318	9105.0	6483.0
319	9105.0	6483.0
320	9105.0	6658.0
321	9105.0	6483.0
322	9105.0	6483.0
323	9105.0	6483.0
324	9105.0	6483.0
325	9105.0	6483.0
326	9105.0	6483.0
327	9105.0	6483.0
328	9105.0	6483.0
329	9105.0	6483.0
330	9105.0	6483.0
331	9105.0	6483.0
332	9105.0	6483.0
333	9105.0	6483.0
334	9105.0	6510.0
335	9105.0	6510.0
336	9105.0	6510.0
337	9105.0	6510.0
338	9105.0	6510.0
339	9105.0	6510.0
340	9105.0	6577.0
341	9105.0	6510.0
342	9105.0	6510.0
343	9105.0	6510.0
344	9105.0	6510.0
345	9105.0	6510.0
346	9105.0	6510.0
347	9105.0	6510.0
348	9105.0	6510.0
349	9105.0	6510.0
350	9105.0	6510.0
351	9105.0	6510.0
352	9105.0	6510.0
353	9105.0	6510.0
354	9105.0	6510.0
355	9105.0	6510.0
356	9105.0	6510.0
357	9105.0	6510.0
358	9105.0	6510.0
359	9105.0	6510.0
360	9105.0	6510.0
361	9105.0	6510.0
362	9105.0	6510.0
363	9105.0	6510.0
364	9105.0	6510.0
365	9105.0	6510.0
366	9105.0	6510.0
367	9105.0	6510.0
368	9105.0	6510.0
369	9105.0	6510.0
370	9105.0	6510.0
371	9105.0	6510.0
372	9105.0	6510.0
373	9105.0	6510.0
374	9105.0	6510.0
375	9105.0	6510.0
376	9105.0	6510.0
377	9105.0	6510.0
378	9105.0	6510.0
379	9105.0	6510.0
380	9105.0	6627.0
381	9105.0	6510.0
382	9105.0	6510.0
383	9105.0	6510.0
384	9105.0	6510.0
385	9105.0	6510.0
386	9346.0	6510.0
387	9346.0	6510.0
388	9346.0	6510.0
389	9346.0	6510.0
390	9346.0	6510.0
391	9346.0	6510.0
392	9346.0	6510.0
393	9346.0	6533.0
394	9346.0	6533.0
395	9346.0	6533.0
396	9346.0	6533.0
397	9346.0	6533.0
398	9346.0	6533.0
399	9346.0	6533.0
400	9346.0	6715.0
401	9346.0	6533.0
402	9346.0	6533.0
403	9346.0	6533.0
404	9346.0	6533.0
405	9346.0	6542.0
406	9346.0	6542.0
407	9346.0	6542.0
408	9346.0	6542.0
409	9346.0	6542.0
410	9346.0	6542.0
411	9346.0	6542.0
412	9346.0	6542.0
413	9346.0	6542.0
414	9346.0	6542.0
415	9346.0	6542.0
416	9346.0	6542.0
417	9346.0	6542.0
418	9346.0	6542.0
419	9346.0	6542.0
420	9346.0	6542.0
421	9346.0	6542.0
422	9346.0	6542.0
423	9346.0	6542.0
424	9346.0	6542.0
425	9346.0	6542.0
426	9346.0	6542.0
427	9346.0	6542.0
428	9346.0	6542.0
429	9346.0	6542.0
430	9346.0	6542.0
431	9346.0	6624.0
432	9346.0	6624.0
433	9346.0	6624.0
434	9346.0	6624.0
435	9346.0	6624.0
436	9346.0	6624.0
437	9346.0	6624.0
438	9346.0	6624.0
439	9346.0	6624.0
440	9346.0	6629.0
441	9346.0	6624.0
442	9346.0	6624.0
443	9346.0	6624.0
444	9346.0	6629.0
445	9346.0	6629.0
446	9346.0	6629.0
447	9346.0	6629.0
448	9346.0	6629.0
449	9346.0	6629.0
450	9346.0	6629.0
451	9346.0	6629.0
452	9346.0	6629.0
453	9346.0	6629.0
454	9346.0	6664.0
455	9346.0	6664.0
456	9346.0	6664.0
457	9346.0	6664.0
458	9346.0	6664.0
459	9346.0	6664.0
460	9346.0	6762.0
461	9459.0	6664.0
462	9459.0	6669.0
463	9459.0	6669.0
464	9459.0	6669.0
465	9459.0	6669.0
466	9459.0	6669.0
467	9459.0	6669.0
468	9459.0	6669.0
469	9459.0	6669.0
470	9459.0	6669.0
471	9459.0	6669.0
472	9459.0	6669.0
473	9459.0	6669.0
474	9459.0	6669.0
475	9459.0	6669.0
476	9459.0	6669.0
477	9459.0	6669.0
478	9459.0	6669.0
479	9459.0	6669.0
480	9459.0	6883.0
481	9459.0	6669.0
482	9459.0	6669.0
483	9459.0	6669.0
484	9459.0	6669.0
485	9459.0	6669.0
486	9459.0	6669.0
487	9459.0	6669.0
488	9459.0	6669.0
489	9459.0	6669.0
490	9459.0	6669.0
491	9459.0	6669.0
492	9459.0	6669.0
493	9459.0	6669.0
494	9459.0	6669.0
495	9459.0	6669.0
496	9459.0	6669.0
497	9459.0	6669.0
498	9459.0	6669.0
499	9459.0	6669.0
500	9459.0	6788.0
501	9459.0	6669.0
502	9459.0	6669.0
503	9459.0	6669.0
504	9459.0	6669.0
505	9459.0	6669.0
506	9459.0	6669.0
507	9459.0	6669.0
508	9459.0	6669.0
509	9459.0	6669.0
510	9459.0	6669.0
511	9459.0	6669.0
512	9459.0	6669.0
513	9459.0	6669.0
514	9459.0	6669.0
515	9459.0	6669.0
516	9459.0	6669.0
517	9459.0	6669.0
518	9459.0	6669.0
519	9459.0	6669.0
520	9459.0	6768.0
521	9459.0	6669.0
522	9459.0	6669.0
523	9459.0	6669.0
524	9459.0	6669.0
525	9459.0	6669.0
526	9459.0	6669.0
527	9459.0	6669.0
528	9459.0	6669.0
529	9459.0	6669.0
530	9459.0	6669.0
531	9459.0	6669.0
532	9459.0	6669.0
533	9459.0	6669.0
534	9459.0	6669.0
535	9459.0	6669.0
536	9459.0	6669.0
537	9459.0	6669.0
538	9459.0	6669.0
539	9459.0	6669.0
540	9459.0	6669.0
541	9459.0	6669.0
542	9459.0	6669.0
543	9459.0	6669.0
544	9459.0	6669.0
545	9459.0	6669.0
546	9459.0	6669.0
547	9459.0	6669.0
548	9459.0	6669.0
549	9459.0	6669.0
550	9459.0	6669.0
551	9459.0	6669.0
552	9459.0	6669.0
553	9459.0	6669.0
554	9459.0	6669.0
555	9459.0	6669.0
556	9459.0	6669.0
557	9459.0	6669.0
558	9459.0	6669.0
559	9459.0	6669.0
560	9459.0	6669.0
561	9459.0	6669.0
562	9459.0	6669.0
563	9459.0	6669.0
564	9459.0	6669.0
565	9459.0	6669.0
566	9459.0	6669.0
567	9459.0	6669.0
568	9459.0	6669.0
569	9459.0	6669.0
570	9459.0	6669.0
571	9459.0	6669.0
572	9459.0	6669.0
573	9459.0	6669.0
574	9459.0	6669.0
575	9459.0	6669.0
576	9459.0	6669.0
577	9459.0	6669.0
578	9459.0	6669.0
579	9459.0	6669.0
580	9459.0	6669.0
581	9459.0	6669.0
582	9459.0	6669.0
583	9459.0	6669.0
584	9459.0	6669.0
585	9459.0	6669.0
586	9459.0	6669.0
587	9459.0	6669.0
588	9459.0	6669.0
589	9459.0	6669.0
590	9459.0	6669.0
591	9459.0	6669.0
592	9459.0	6669.0
593	9459.0	6669.0
594	9459.0	6669.0
595	9459.0	6669.0
596	9459.0	6669.0
597	9459.0	6669.0
598	9459.0	6669.0
599	9459.0	6669.0
600	9459.0	6819.0
601	9459.0	6669.0
602	9459.0	6669.0
603	9459.0	6669.0
604	9459.0	6669.0
605	9459.0	6669.0
606	9459.0	6669.0
607	9459.0	6669.0
608	9459.0	6669.0
609	9459.0	6669.0
610	9459.0	6669.0
611	9459.0	6669.0
612	9459.0	6669.0
613	9459.0	6669.0
614	9459.0	6669.0
615	9459.0	6669.0
616	9459.0	6669.0
617	9459.0	6669.0
618	9459.0	6669.0
619	9459.0	6669.0
620	9459.0	6845.0
621	9459.0	6669.0
622	9459.0	6669.0
623	9459.0	6669.0
624	9459.0	6669.0
625	9459.0	6669.0
626	9459.0	6669.0
627	9459.0	6669.0
628	9459.0	6669.0
629	9459.0	6669.0
630	9459.0	6674.0
631	9459.0	6674.0
632	9459.0	6674.0
633	9459.0	6674.0
634	9459.0	6674.0
635	9459.0	6674.0
636	9459.0	6674.0
637	9459.0	6674.0
638	9459.0	6674.0
639	9459.0	6674.0
640	9459.0	6787.0
641	9459.0	6674.0
642	9459.0	6674.0
643	9459.0	6674.0
644	9459.0	6674.0
645	9459.0	6674.0
646	9459.0	6674.0
647	9459.0	6674.0
648	9459.0	6674.0
649	9459.0	6674.0
650	9459.0	6674.0
651	9459.0	6674.0
652	9459.0	6674.0
653	9459.0	6674.0
654	9459.0	6674.0
655	9459.0	6674.0
656	9459.0	6674.0
657	9459.0	6674.0
658	9459.0	6674.0
659	9459.0	6674.0
660	9459.0	6674.0
661	9459.0	6674.0
662	9459.0	6674.0
663	9459.0	6674.0
664	9459.0	6674.0
665	9459.0	6674.0
666	9459.0	6674.0
667	9459.0	6674.0
668	9459.0	6674.0
669	9459.0	6674.0
670	9459.0	6674.0
671	9459.0	6674.0
672	9459.0	6674.0
673	9459.0	6674.0
674	9459.0	6674.0
675	9459.0	6674.0
676	9459.0	6674.0
677	9459.0	6674.0
678	9459.0	6674.0
679	9459.0	6674.0
680	9459.0	6674.0
681	9459.0	6674.0
682	9459.0	6674.0
683	9459.0	6674.0
684	9459.0	6674.0
685	9459.0	6674.0
686	9459.0	6674.0
687	9459.0	6674.0
688	9459.0	6674.0
689	9459.0	6674.0
690	9459.0	6674.0
691	9459.0	6786.0
692	9459.0	6786.0
693	9459.0	6786.0
694	9459.0	6786.0
695	9459.0	6786.0
696	9459.0	6786.0
697	9459.0	6786.0
698	9459.0	6786.0
699	9459.0	6786.0
700	9459.0	6878.0
701	9459.0	6786.0
702	9459.0	6786.0
703	9459.0	6786.0
704	9459.0	6786.0
705	9459.0	6786.0
706	9459.0	6786.0
707	9459.0	6786.0
708	9459.0	6786.0
709	9459.0	6786.0
710	9459.0	6786.0
711	9459.0	6786.0
712	9459.0	6786.0
713	9459.0	6786.0
714	9459.0	6786.0
715	9459.0	6786.0
716	9459.0	6786.0
717	9459.0	6848.0
718	9459.0	6848.0
719	9459.0	6848.0
720	9459.0	6942.0
721	9459.0	6848.0
722	9459.0	6848.0
723	9459.0	6848.0
724	9459.0	6848.0
725	9459.0	6848.0
726	9459.0	6848.0
727	9459.0	6848.0
728	9459.0	6848.0
729	9459.0	6848.0
730	9459.0	6848.0
731	9459.0	6848.0
732	9459.0	6848.0
733	9459.0	6848.0
734	9459.0	6848.0
735	9459.0	6848.0
736	9459.0	6848.0
737	9459.0	6848.0
738	9459.0	6848.0
739	9459.0	6848.0
740	9459.0	6848.0
741	9459.0	6848.0
742	9459.0	6848.0
743	9459.0	6848.0
744	9459.0	6848.0
745	9459.0	6848.0
746	9459.0	6848.0
747	9459.0	6848.0
748	9459.0	6848.0
749	9459.0	6848.0
750	9459.0	6848.0
751	9459.0	6848.0
752	9459.0	6848.0
753	9459.0	6848.0
754	9459.0	6848.0
755	9459.0	6848.0
756	9459.0	6848.0
757	9459.0	6848.0
758	9459.0	6848.0
759	9459.0	6848.0
760	9459.0	6848.0
761	9459.0	6848.0
762	9459.0	6848.0
763	9459.0	6848.0
764	9459.0	6848.0
765	9459.0	6848.0
766	9459.0	6848.0
767	9459.0	6848.0
768	9459.0	6848.0
769	9459.0	6848.0
770	9459.0	6848.0
771	9459.0	6848.0
772	9459.0	6848.0
773	9459.0	6848.0
774	9459.0	6848.0
775	9459.0	6848.0
776	9643.0	6848.0
777	9643.0	6848.0
778	9643.0	6848.0
779	9643.0	6848.0
780	9643.0	6848.0
781	9643.0	6848.0
782	9643.0	6848.0
783	9643.0	6848.0
784	9643.0	6848.0
785	9643.0	6848.0
786	9643.0	6848.0
787	9643.0	6848.0
788	9643.0	6848.0
789	9643.0	6848.0
790	9643.0	6848.0
791	9643.0	6848.0
792	9643.0	6848.0
793	9643.0	6848.0
794	9643.0	6848.0
795	9643.0	6848.0
796	9643.0	6848.0
797	9643.0	6848.0
798	9643.0	6848.0
799	9643.0	6848.0
800	9643.0	6848.0
801	9643.0	6848.0
802	9643.0	6848.0
803	9643.0	6848.0
804	9643.0	6848.0
805	9643.0	6848.0
806	9643.0	6848.0
807	9643.0	6848.0
808	9643.0	6848.0
809	9643.0	6848.0
810	9643.0	6848.0
811	9643.0	6848.0
812	9643.0	6848.0
813	9643.0	6848.0
814	9643.0	6848.0
815	9643.0	6848.0
816	9643.0	6874.0
817	9643.0	6874.0
818	9643.0	6874.0
819	9643.0	6874.0
820	9643.0	6946.0
821	9643.0	6874.0
822	9643.0	6874.0
823	9643.0	6874.0
824	9643.0	6874.0
825	9643.0	6874.0
826	9643.0	6874.0
827	9643.0	6874.0
828	9643.0	6874.0
829	9643.0	6874.0
830	9643.0	6874.0
831	9643.0	6874.0
832	9643.0	6874.0
833	9643.0	6874.0
834	9643.0	6874.0
835	9643.0	6874.0
836	9643.0	6874.0
837	9643.0	6874.0
838	9643.0	6874.0
839	9643.0	6874.0
840	9643.0	6994.0
841	9643.0	6874.0
842	9643.0	6874.0
843	9643.0	6874.0
844	9643.0	6874.0
845	9643.0	6874.0
846	9643.0	6874.0
847	9643.0	6874.0
848	9643.0	6874.0
849	9643.0	6874.0
850	9643.0	6874.0
851	9643.0	6874.0
852	9643.0	6874.0
853	9643.0	6874.0
854	9643.0	6874.0
855	9643.0	6874.0
856	9643.0	6874.0
857	9643.0	6874.0
858	9643.0	6874.0
859	9643.0	6874.0
860	9643.0	6874.0
861	9643.0	6874.0
862	9643.0	6874.0
863	9643.0	6874.0
864	9643.0	6874.0
865	9643.0	6874.0
866	9643.0	6874.0
867	9643.0	6874.0
868	9643.0	6874.0
869	9643.0	6874.0
870	9643.0	6874.0
871	9643.0	6874.0
872	9643.0	6874.0
873	9643.0	6874.0
874	9643.0	6874.0
875	9643.0	6874.0
876	9643.0	6874.0
877	9643.0	6874.0
878	9643.0	6874.0
879	9643.0	6874.0
880	9643.0	6972.0
881	9643.0	6874.0
882	9643.0	6874.0
883	9643.0	6874.0
884	9643.0	6874.0
885	9643.0	6874.0
886	9643.0	6874.0
887	9643.0	6874.0
888	9643.0	6874.0
889	9643.0	6874.0
890	9643.0	6874.0
891	9643.0	6874.0
892	9643.0	6874.0
893	9643.0	6874.0
894	9643.0	6874.0
895	9643.0	6874.0
896	9643.0	6874.0
897	9643.0	6874.0
898	9643.0	6878.0
899	9643.0	6878.0
900	9643.0	6947.0
901	9643.0	6878.0
902	9643.0	6878.0
903	9643.0	6878.0
904	9643.0	6878.0
905	9643.0	6878.0
906	9643.0	6878.0
907	9643.0	6878.0
908	9643.0	6878.0
909	9643.0	6878.0
910	9643.0	6878.0
911	9643.0	6878.0
912	9643.0	6878.0
913	9643.0	6878.0
914	9643.0	6878.0
915	9643.0	6878.0
916	9643.0	6878.0
917	9643.0	6878.0
918	9643.0	6878.0
919	9643.0	6878.0
920	9643.0	6878.0
921	9643.0	6878.0
922	9643.0	6878.0
923	9643.0	6878.0
924	9643.0	6878.0
925	9643.0	6878.0
926	9643.0	6878.0
927	9643.0	6878.0
928	9643.0	6878.0
929	9643.0	6878.0
930	9643.0	6878.0
931	9643.0	6878.0
932	9643.0	6878.0
933	9643.0	6878.0
934	9643.0	6878.0
935	9643.0	6878.0
936	9643.0	6878.0
937	9643.0	6878.0
938	9643.0	6878.0
939	9643.0	6878.0
940	9643.0	6947.0
941	9643.0	6878.0
942	9643.0	6878.0
943	9643.0	6878.0
944	9643.0	6878.0
945	9643.0	6878.0
946	9643.0	6878.0
947	9643.0	6878.0
948	9643.0	6878.0
949	9643.0	6878.0
950	9643.0	6878.0
951	9643.0	6878.0
952	9643.0	6878.0
953	9643.0	6878.0
954	9643.0	6878.0
955	9643.0	6878.0
956	9643.0	6878.0
957	9643.0	6878.0
958	9643.0	6878.0
959	9643.0	6878.0
960	9643.0	7083.0
961	9643.0	6878.0
962	9643.0	6878.0
963	9643.0	6878.0
964	9643.0	6878.0
965	9643.0	6878.0
966	9643.0	6878.0
967	9643.0	6878.0
968	9643.0	6878.0
969	9643.0	6878.0
970	9643.0	6878.0
971	9643.0	6878.0
972	9643.0	6878.0
973	9643.0	6878.0
974	9643.0	6878.0
975	9643.0	6878.0
976	9643.0	6878.0
977	9643.0	6878.0
978	9643.0	6878.0
979	9643.0	6878.0
980	9643.0	6975.0
981	9643.0	6878.0
982	9643.0	6878.0
983	9643.0	6878.0
984	9643.0	6878.0
985	9643.0	6878.0
986	9643.0	6878.0
987	9643.0	6878.0
988	9643.0	6878.0
989	9643.0	6878.0
990	9643.0	6878.0
991	9643.0	6878.0
992	9643.0	6878.0
993	9643.0	6878.0
994	9643.0	6878.0
995	9643.0	6878.0
996	9643.0	6878.0
997	9643.0	6878.0
998	9643.0	6878.0
999	9643.0	6878.0
1000	9643.0	7028.0
