0	7458.0	3003.0
1	8086.0	3448.0
2	8086.0	3840.0
3	8086.0	4150.0
4	8086.0	4342.0
5	8086.0	4566.0
6	8137.0	4610.0
7	8137.0	4703.0
8	8137.0	4731.0
9	8137.0	4731.0
10	8137.0	4838.0
11	8137.0	4838.0
12	8137.0	4838.0
13	8137.0	4838.0
14	8137.0	4838.0
15	8137.0	4838.0
16	8137.0	4838.0
17	8137.0	4974.0
18	8137.0	4974.0
19	8137.0	4974.0
20	8137.0	5207.0
21	8137.0	4974.0
22	8137.0	5225.0
23	8137.0	5323.0
24	8232.0	5323.0
25	8232.0	5323.0
26	8232.0	5323.0
27	8232.0	5323.0
28	8232.0	5372.0
29	8232.0	5372.0
30	8232.0	5372.0
31	8232.0	5372.0
32	8232.0	5532.0
33	8232.0	5532.0
34	8232.0	5532.0
35	8232.0	5575.0
36	8232.0	5575.0
37	8232.0	5575.0
38	8232.0	5618.0
39	8232.0	5618.0
40	8232.0	5669.0
41	8232.0	5618.0
42	8232.0	5670.0
43	8232.0	5670.0
44	8232.0	5670.0
45	8338.0	5670.0
46	8338.0	5670.0
47	8338.0	5670.0
48	8338.0	5670.0
49	8338.0	5670.0
50	8338.0	5671.0
51	8338.0	5671.0
52	8338.0	5671.0
53	8338.0	5671.0
54	8338.0	5671.0
55	8338.0	5785.0
56	8338.0	5785.0
57	8338.0	5785.0
58	8338.0	5785.0
59	8338.0	5785.0
60	8857.0	5886.0
61	8857.0	5814.0
62	8857.0	5814.0
63	8857.0	5814.0
64	8857.0	5814.0
65	8857.0	5814.0
66	8857.0	5814.0
67	8857.0	5814.0
68	8857.0	5814.0
69	8857.0	5825.0
70	8857.0	5825.0
71	8857.0	5825.0
72	8857.0	5825.0
73	8857.0	5825.0
74	8857.0	5825.0
75	8857.0	5825.0
76	8857.0	5825.0
77	8857.0	5825.0
78	8857.0	5843.0
79	8857.0	5843.0
80	8857.0	5843.0
81	8857.0	5843.0
82	8857.0	5843.0
83	8857.0	5843.0
84	8857.0	5843.0
85	8857.0	5843.0
86	8857.0	5843.0
87	8857.0	5843.0
88	8857.0	5843.0
89	8857.0	5843.0
90	8857.0	5843.0
91	8857.0	5843.0
92	8857.0	5876.0
93	8857.0	5876.0
94	8857.0	5876.0
95	8857.0	5876.0
96	8857.0	5876.0
97	8857.0	5876.0
98	8857.0	5876.0
99	8857.0	5876.0
100	8857.0	6191.0
101	8857.0	5876.0
102	8857.0	5876.0
103	8857.0	5876.0
104	8857.0	5876.0
105	8857.0	5876.0
106	8857.0	5876.0
107	8857.0	5876.0
108	8857.0	5876.0
109	8857.0	5876.0
110	8857.0	5876.0
111	9105.0	5876.0
112	9105.0	5876.0
113	9105.0	5876.0
114	9105.0	5876.0
115	9105.0	5876.0
116	9105.0	5876.0
117	9105.0	5876.0
118	9105.0	5876.0
119	9105.0	5876.0
120	9105.0	6009.0
121	9105.0	5876.0
122	9105.0	5876.0
123	9105.0	5876.0
124	9105.0	5876.0
125	9105.0	5876.0
126	9105.0	5876.0
127	9105.0	5876.0
128	9105.0	5876.0
129	9105.0	5876.0
130	9105.0	5876.0
131	9105.0	5876.0
132	9105.0	5876.0
133	9105.0	5876.0
134	9105.0	5876.0
135	9105.0	6056.0
136	9105.0	6056.0
137	9105.0	6056.0
138	9105.0	6056.0
139	9105.0	6056.0
140	9105.0	6100.0
141	9105.0	6056.0
142	9105.0	6100.0
143	9105.0	6100.0
144	9105.0	6100.0
145	9105.0	6100.0
146	9105.0	6100.0
147	9105.0	6100.0
148	9105.0	6100.0
149	9105.0	6100.0
150	9105.0	6100.0
151	9105.0	6100.0
152	9105.0	6100.0
153	9105.0	6100.0
154	9105.0	6100.0
155	9105.0	6100.0
156	9105.0	6100.0
157	9105.0	6100.0
158	9105.0	6100.0
159	9105.0	6100.0
160	9105.0	6275.0
161	9105.0	6100.0
162	9105.0	6100.0
163	9105.0	6100.0
164	9105.0	6100.0
165	9105.0	6100.0
166	9105.0	6100.0
167	9105.0	6100.0
168	9105.0	6100.0
169	9105.0	6100.0
170	9105.0	6100.0
171	9105.0	6100.0
172	9105.0	6100.0
173	9105.0	6100.0
174	9105.0	6100.0
175	9105.0	6278.0
176	9105.0	6278.0
177	9105.0	6278.0
178	9105.0	6278.0
179	9105.0	6278.0
180	9105.0	6381.0
181	9105.0	6278.0
182	9105.0	6278.0
183	9105.0	6278.0
184	9105.0	6278.0
185	9105.0	6278.0
186	9105.0	6278.0
187	9557.0	6278.0
188	9557.0	6278.0
189	9557.0	6278.0
190	9557.0	6278.0
191	9557.0	6295.0
192	9557.0	6295.0
193	9557.0	6295.0
194	9557.0	6295.0
195	9557.0	6295.0
196	9557.0	6295.0
197	9557.0	6295.0
198	9557.0	6295.0
199	9557.0	6295.0
200	9557.0	6389.0
201	9557.0	6295.0
202	9557.0	6295.0
203	9557.0	6313.0
204	9557.0	6313.0
205	9557.0	6313.0
206	9557.0	6313.0
207	9557.0	6313.0
208	9557.0	6313.0
209	9557.0	6313.0
210	9557.0	6313.0
211	9557.0	6313.0
212	9557.0	6313.0
213	9557.0	6313.0
214	9557.0	6313.0
215	9557.0	6313.0
216	9557.0	6313.0
217	9557.0	6313.0
218	9557.0	6313.0
219	9557.0	6313.0
220	9557.0	6451.0
221	9557.0	6313.0
222	9557.0	6313.0
223	9557.0	6313.0
224	9557.0	6313.0
225	9557.0	6313.0
226	9557.0	6313.0
227	9557.0	6313.0
228	9557.0	6313.0
229	9557.0	6313.0
230	9557.0	6313.0
231	9557.0	6313.0
232	9557.0	6313.0
233	9557.0	6321.0
234	9557.0	6321.0
235	9557.0	6321.0
236	9557.0	6321.0
237	9557.0	6321.0
238	9557.0	6321.0
239	9557.0	6321.0
240	9557.0	6572.0
241	9557.0	6321.0
242	9557.0	6321.0
243	9557.0	6389.0
244	9557.0	6389.0
245	9557.0	6409.0
246	9557.0	6409.0
247	9557.0	6409.0
248	9557.0	6409.0
249	9557.0	6409.0
250	9557.0	6409.0
251	9557.0	6409.0
252	9557.0	6409.0
253	9557.0	6409.0
254	9557.0	6409.0
255	9557.0	6409.0
256	9557.0	6409.0
257	9557.0	6409.0
258	9557.0	6409.0
259	9557.0	6409.0
260	9557.0	6409.0
261	9557.0	6409.0
262	9557.0	6409.0
263	9557.0	6409.0
264	9557.0	6409.0
265	9557.0	6409.0
266	9557.0	6409.0
267	9557.0	6409.0
268	9557.0	6409.0
269	9557.0	6409.0
270	9557.0	6409.0
271	9557.0	6409.0
272	9557.0	6409.0
273	9557.0	6409.0
274	9557.0	6409.0
275	9557.0	6409.0
276	9557.0	6409.0
277	9557.0	6409.0
278	9557.0	6409.0
279	9557.0	6409.0
280	9557.0	6526.0
281	9557.0	6409.0
282	9557.0	6409.0
283	9557.0	6409.0
284	9557.0	6409.0
285	9557.0	6409.0
286	9557.0	6409.0
287	9557.0	6409.0
288	9557.0	6409.0
289	9557.0	6409.0
290	9557.0	6409.0
291	9557.0	6409.0
292	9557.0	6409.0
293	9557.0	6409.0
294	9557.0	6409.0
295	9557.0	6409.0
296	9557.0	6409.0
297	9557.0	6409.0
298	9557.0	6409.0
299	9557.0	6409.0
300	9557.0	6409.0
301	9557.0	6409.0
302	9557.0	6409.0
303	9557.0	6409.0
304	9557.0	6409.0
305	9557.0	6409.0
306	9557.0	6409.0
307	9557.0	6409.0
308	9557.0	6409.0
309	9557.0	6409.0
310	9557.0	6409.0
311	9557.0	6409.0
312	9557.0	6409.0
313	9557.0	6409.0
314	9557.0	6524.0
315	9557.0	6524.0
316	9557.0	6524.0
317	9557.0	6524.0
318	9557.0	6524.0
319	9557.0	6524.0
320	9557.0	6659.0
321	9557.0	6524.0
322	9557.0	6524.0
323	9557.0	6524.0
324	9557.0	6524.0
325	9557.0	6524.0
326	9557.0	6524.0
327	9557.0	6524.0
328	9557.0	6524.0
329	9557.0	6524.0
330	9557.0	6524.0
331	9557.0	6526.0
332	9557.0	6526.0
333	9557.0	6526.0
334	9557.0	6526.0
335	9557.0	6526.0
336	9557.0	6526.0
337	9557.0	6526.0
338	9557.0	6526.0
339	9557.0	6526.0
340	9557.0	6607.0
341	9557.0	6526.0
342	9557.0	6526.0
343	9557.0	6526.0
344	9557.0	6526.0
345	9557.0	6526.0
346	9557.0	6526.0
347	9557.0	6526.0
348	9557.0	6526.0
349	9557.0	6526.0
350	9557.0	6557.0
351	9557.0	6557.0
352	9557.0	6557.0
353	9557.0	6557.0
354	9557.0	6557.0
355	9557.0	6557.0
356	9557.0	6557.0
357	9557.0	6557.0
358	9557.0	6557.0
359	9557.0	6557.0
360	9557.0	6666.0
361	9557.0	6557.0
362	9557.0	6557.0
363	9557.0	6557.0
364	9557.0	6557.0
365	9557.0	6557.0
366	9557.0	6557.0
367	9557.0	6557.0
368	9557.0	6557.0
369	9557.0	6557.0
370	9557.0	6557.0
371	9557.0	6557.0
372	9557.0	6557.0
373	9557.0	6557.0
374	9557.0	6557.0
375	9557.0	6557.0
376	9557.0	6557.0
377	9557.0	6557.0
378	9557.0	6557.0
379	9557.0	6557.0
380	9557.0	6557.0
381	9557.0	6557.0
382	9557.0	6557.0
383	9557.0	6557.0
384	9557.0	6557.0
385	9557.0	6557.0
386	9557.0	6557.0
387	9557.0	6557.0
388	9557.0	6557.0
389	9557.0	6557.0
390	9557.0	6557.0
391	9557.0	6557.0
392	9557.0	6557.0
393	9557.0	6557.0
394	9557.0	6557.0
395	9557.0	6557.0
396	9557.0	6557.0
397	9557.0	6557.0
398	9557.0	6557.0
399	9557.0	6557.0
400	9557.0	6557.0
401	9557.0	6557.0
402	9557.0	6557.0
403	9557.0	6557.0
404	9557.0	6557.0
405	9557.0	6557.0
406	9557.0	6557.0
407	9557.0	6557.0
408	9557.0	6573.0
409	9557.0	6573.0
410	9557.0	6573.0
411	9557.0	6573.0
412	9557.0	6595.0
413	9557.0	6595.0
414	9557.0	6595.0
415	9557.0	6595.0
416	9557.0	6595.0
417	9557.0	6595.0
418	9557.0	6595.0
419	9557.0	6595.0
420	9557.0	6701.0
421	9557.0	6595.0
422	9557.0	6595.0
423	9557.0	6595.0
424	9557.0	6595.0
425	9557.0	6631.0
426	9557.0	6631.0
427	9557.0	6631.0
428	9557.0	6634.0
429	9557.0	6634.0
430	9557.0	6634.0
431	9557.0	6634.0
432	9557.0	6634.0
433	9557.0	6634.0
434	9557.0	6634.0
435	9557.0	6634.0
436	9557.0	6634.0
437	9557.0	6634.0
438	9557.0	6634.0
439	9557.0	6634.0
440	9557.0	6645.0
441	9557.0	6634.0
442	9557.0	6634.0
443	9557.0	6634.0
444	9557.0	6634.0
445	9557.0	6634.0
446	9557.0	6634.0
447	9557.0	6634.0
448	9557.0	6634.0
449	9557.0	6645.0
450	9557.0	6645.0
451	9557.0	6645.0
452	9557.0	6645.0
453	9557.0	6645.0
454	9557.0	6645.0
455	9557.0	6645.0
456	9557.0	6645.0
457	9557.0	6645.0
458	9557.0	6645.0
459	9557.0	6645.0
460	9557.0	6701.0
461	9557.0	6645.0
462	9557.0	6645.0
463	9557.0	6645.0
464	9557.0	6645.0
465	9557.0	6645.0
466	9557.0	6645.0
467	9557.0	6645.0
468	9557.0	6645.0
469	9557.0	6645.0
470	9557.0	6645.0
471	9557.0	6645.0
472	9557.0	6645.0
473	9557.0	6645.0
474	9557.0	6645.0
475	9557.0	6645.0
476	9557.0	6645.0
477	9557.0	6645.0
478	9557.0	6645.0
479	9557.0	6645.0
480	9557.0	6788.0
481	9557.0	6645.0
482	9557.0	6645.0
483	9557.0	6645.0
484	9557.0	6645.0
485	9557.0	6645.0
486	9557.0	6645.0
487	9557.0	6645.0
488	9557.0	6645.0
489	9557.0	6645.0
490	9557.0	6645.0
491	9557.0	6645.0
492	9557.0	6645.0
493	9557.0	6645.0
494	9557.0	6645.0
495	9557.0	6645.0
496	9557.0	6645.0
497	9557.0	6645.0
498	9557.0	6645.0
499	9557.0	6645.0
500	9557.0	6645.0
501	9557.0	6645.0
502	9557.0	6645.0
503	9557.0	6645.0
504	9557.0	6645.0
505	9557.0	6645.0
506	9557.0	6645.0
507	9557.0	6645.0
508	9557.0	6645.0
509	9557.0	6645.0
510	9557.0	6645.0
511	9557.0	6645.0
512	9557.0	6645.0
513	9557.0	6645.0
514	9557.0	6645.0
515	9557.0	6645.0
516	9557.0	6701.0
517	9557.0	6701.0
518	9557.0	6701.0
519	9557.0	6701.0
520	9557.0	6811.0
521	9557.0	6701.0
522	9557.0	6701.0
523	9557.0	6701.0
524	9557.0	6701.0
525	9557.0	6701.0
526	9557.0	6701.0
527	9557.0	6701.0
528	9557.0	6701.0
529	9557.0	6701.0
530	9557.0	6701.0
531	9557.0	6701.0
532	9557.0	6701.0
533	9557.0	6701.0
534	9557.0	6701.0
535	9557.0	6701.0
536	9557.0	6701.0
537	9557.0	6701.0
538	9557.0	6701.0
539	9557.0	6701.0
540	9557.0	6701.0
541	9557.0	6713.0
542	9557.0	6713.0
543	9557.0	6713.0
544	9557.0	6713.0
545	9557.0	6713.0
546	9557.0	6713.0
547	9557.0	6713.0
548	9557.0	6713.0
549	9557.0	6713.0
550	9557.0	6713.0
551	9557.0	6713.0
552	9557.0	6713.0
553	9557.0	6713.0
554	9557.0	6713.0
555	9557.0	6713.0
556	9557.0	6713.0
557	9557.0	6713.0
558	9557.0	6713.0
559	9557.0	6713.0
560	9557.0	6759.0
561	9557.0	6713.0
562	9557.0	6713.0
563	9557.0	6713.0
564	9557.0	6713.0
565	9557.0	6713.0
566	9557.0	6713.0
567	9557.0	6713.0
568	9557.0	6713.0
569	9557.0	6713.0
570	9557.0	6713.0
571	9557.0	6713.0
572	9557.0	6713.0
573	9557.0	6713.0
574	9557.0	6713.0
575	9557.0	6713.0
576	9557.0	6713.0
577	9557.0	6713.0
578	9557.0	6713.0
579	9557.0	6713.0
580	9557.0	6730.0
581	9557.0	6713.0
582	9557.0	6713.0
583	9557.0	6713.0
584	9557.0	6713.0
585	9557.0	6713.0
586	9557.0	6713.0
587	9557.0	6713.0
588	9557.0	6713.0
589	9557.0	6713.0
590	9557.0	6713.0
591	9557.0	6713.0
592	9557.0	6713.0
593	9557.0	6713.0
594	9557.0	6713.0
595	9557.0	6713.0
596	9557.0	6713.0
597	9557.0	6713.0
598	9557.0	6713.0
599	9557.0	6713.0
600	9557.0	6857.0
601	9557.0	6713.0
602	9557.0	6713.0
603	9557.0	6713.0
604	9557.0	6713.0
605	9557.0	6713.0
606	9557.0	6713.0
607	9557.0	6713.0
608	9557.0	6713.0
609	9557.0	6713.0
610	9557.0	6713.0
611	9557.0	6713.0
612	9557.0	6713.0
613	9557.0	6713.0
614	9557.0	6713.0
615	9557.0	6713.0
616	9557.0	6713.0
617	9557.0	6713.0
618	9557.0	6713.0
619	9557.0	6713.0
620	9557.0	6794.0
621	9557.0	6713.0
622	9557.0	6713.0
623	9557.0	6713.0
624	9557.0	6713.0
625	9557.0	6713.0
626	9557.0	6713.0
627	9557.0	6713.0
628	9557.0	6713.0
629	9557.0	6713.0
630	9557.0	6713.0
631	9557.0	6713.0
632	9557.0	6713.0
633	9557.0	6713.0
634	9557.0	6713.0
635	9557.0	6713.0
636	9557.0	6713.0
637	9557.0	6713.0
638	9557.0	6713.0
639	9557.0	6713.0
640	9557.0	6841.0
641	9557.0	6713.0
642	9557.0	6713.0
643	9557.0	6713.0
644	9557.0	6713.0
645	9557.0	6713.0
646	9557.0	6713.0
647	9557.0	6713.0
648	9557.0	6713.0
649	9557.0	6713.0
650	9557.0	6713.0
651	9557.0	6713.0
652	9557.0	6713.0
653	9557.0	6713.0
654	9557.0	6713.0
655	9557.0	6713.0
656	9557.0	6713.0
657	9557.0	6713.0
658	9557.0	6713.0
659	9557.0	6713.0
660	9557.0	6842.0
661	9557.0	6713.0
662	9557.0	6713.0
663	9557.0	6713.0
664	9557.0	6713.0
665	9557.0	6713.0
666	9557.0	6713.0
667	9557.0	6713.0
668	9557.0	6713.0
669	9557.0	6713.0
670	9557.0	6713.0
671	9557.0	6713.0
672	9557.0	6713.0
673	9557.0	6713.0
674	9557.0	6713.0
675	9557.0	6713.0
676	9557.0	6713.0
677	9557.0	6713.0
678	9557.0	6713.0
679	9557.0	6713.0
680	9557.0	6871.0
681	9557.0	6713.0
682	9557.0	6713.0
683	9557.0	6713.0
684	9557.0	6713.0
685	9557.0	6713.0
686	9557.0	6713.0
687	9557.0	6713.0
688	9557.0	6713.0
689	9557.0	6713.0
690	9557.0	6713.0
691	9557.0	6713.0
692	9557.0	6713.0
693	9557.0	6713.0
694	9557.0	6713.0
695	9557.0	6713.0
696	9557.0	6713.0
697	9557.0	6713.0
698	9557.0	6713.0
699	9557.0	6713.0
700	9557.0	6794.0
701	9557.0	6713.0
702	9557.0	6713.0
703	9557.0	6713.0
704	9557.0	6713.0
705	9557.0	6713.0
706	9557.0	6713.0
707	9557.0	6713.0
708	9557.0	6713.0
709	9557.0	6713.0
710	9557.0	6713.0
711	9557.0	6794.0
712	9557.0	6794.0
713	9557.0	6794.0
714	9557.0	6794.0
715	9557.0	6794.0
716	9557.0	6794.0
717	9557.0	6794.0
718	9557.0	6794.0
719	9557.0	6794.0
720	9557.0	6865.0
721	9557.0	6794.0
722	9557.0	6794.0
723	9557.0	6794.0
724	9557.0	6794.0
725	9557.0	6794.0
726	9557.0	6794.0
727	9557.0	6794.0
728	9557.0	6794.0
729	9557.0	6794.0
730	9557.0	6794.0
731	9557.0	6794.0
732	9557.0	6794.0
733	9557.0	6794.0
734	9557.0	6794.0
735	9557.0	6794.0
736	9557.0	6794.0
737	9557.0	6794.0
738	9557.0	6794.0
739	9557.0	6794.0
740	9557.0	6934.0
741	9557.0	6794.0
742	9557.0	6794.0
743	9557.0	6794.0
744	9557.0	6794.0
745	9557.0	6794.0
746	9557.0	6794.0
747	9557.0	6794.0
748	9557.0	6794.0
749	9557.0	6794.0
750	9557.0	6794.0
751	9557.0	6794.0
752	9557.0	6794.0
753	9557.0	6794.0
754	9557.0	6794.0
755	9557.0	6794.0
756	9557.0	6794.0
757	9557.0	6794.0
758	9557.0	6794.0
759	9557.0	6794.0
760	9557.0	6923.0
761	9557.0	6794.0
762	9557.0	6794.0
763	9557.0	6794.0
764	9557.0	6794.0
765	9557.0	6794.0
766	9557.0	6794.0
767	9557.0	6794.0
768	9557.0	6794.0
769	9557.0	6794.0
770	9557.0	6794.0
771	9557.0	6794.0
772	9557.0	6794.0
773	9557.0	6794.0
774	9557.0	6794.0
775	9557.0	6794.0
776	9557.0	6794.0
777	9557.0	6794.0
778	9557.0	6794.0
779	9557.0	6794.0
780	9557.0	6923.0
781	9557.0	6794.0
782	9557.0	6794.0
783	9557.0	6794.0
784	9557.0	6794.0
785	9557.0	6794.0
786	9557.0	6794.0
787	9557.0	6794.0
788	9557.0	6847.0
789	9557.0	6847.0
790	9557.0	6886.0
791	9557.0	6886.0
792	9557.0	6886.0
793	9557.0	6886.0
794	9557.0	6886.0
795	9557.0	6886.0
796	9557.0	6886.0
797	9557.0	6886.0
798	9557.0	6886.0
799	9557.0	6886.0
800	9557.0	6927.0
801	9557.0	6886.0
802	9557.0	6886.0
803	9557.0	6886.0
804	9557.0	6897.0
805	9557.0	6897.0
806	9557.0	6897.0
807	9557.0	6897.0
808	9557.0	6897.0
809	9557.0	6897.0
810	9557.0	6897.0
811	9557.0	6897.0
812	9557.0	6897.0
813	9557.0	6897.0
814	9557.0	6897.0
815	9557.0	6897.0
816	9557.0	6897.0
817	9557.0	6897.0
818	9557.0	6897.0
819	9557.0	6897.0
820	9557.0	6914.0
821	9557.0	6897.0
822	9557.0	6897.0
823	9557.0	6897.0
824	9557.0	6897.0
825	9557.0	6897.0
826	9557.0	6897.0
827	9557.0	6897.0
828	9557.0	6897.0
829	9557.0	6897.0
830	9557.0	6897.0
831	9557.0	6897.0
832	9557.0	6897.0
833	9557.0	6897.0
834	9557.0	6897.0
835	9557.0	6897.0
836	9557.0	6897.0
837	9557.0	6897.0
838	9557.0	6897.0
839	9557.0	6897.0
840	9557.0	6927.0
841	9557.0	6897.0
842	9557.0	6897.0
843	9557.0	6897.0
844	9557.0	6897.0
845	9557.0	6897.0
846	9557.0	6897.0
847	9557.0	6897.0
848	9557.0	6897.0
849	9557.0	6897.0
850	9557.0	6897.0
851	9557.0	6897.0
852	9557.0	6897.0
853	9557.0	6897.0
854	9557.0	6897.0
855	9557.0	6897.0
856	9557.0	6897.0
857	9557.0	6897.0
858	9557.0	6897.0
859	9557.0	6897.0
860	9557.0	7026.0
861	9557.0	6897.0
862	9557.0	6897.0
863	9557.0	6897.0
864	9557.0	6897.0
865	9557.0	6897.0
866	9557.0	6897.0
867	9557.0	6897.0
868	9557.0	6897.0
869	9557.0	6897.0
870	9557.0	6897.0
871	9557.0	6897.0
872	9557.0	6897.0
873	9557.0	6897.0
874	9557.0	6897.0
875	9557.0	6897.0
876	9557.0	6897.0
877	9557.0	6897.0
878	9557.0	6897.0
879	9557.0	6897.0
880	9557.0	6967.0
881	9557.0	6897.0
882	9557.0	6897.0
883	9557.0	6897.0
884	9557.0	6897.0
885	9557.0	6897.0
886	9557.0	6897.0
887	9557.0	6897.0
888	9557.0	6897.0
889	9557.0	6927.0
890	9557.0	6927.0
891	9557.0	6927.0
892	9557.0	6927.0
893	9557.0	6927.0
894	9557.0	6927.0
895	9557.0	6927.0
896	9557.0	6927.0
897	9557.0	6927.0
898	9557.0	6927.0
899	9557.0	6927.0
900	9557.0	7026.0
901	9557.0	6927.0
902	9557.0	6927.0
903	9557.0	6927.0
904	9557.0	6927.0
905	9557.0	6927.0
906	9557.0	6927.0
907	9557.0	6927.0
908	9557.0	6927.0
909	9557.0	6927.0
910	9557.0	6927.0
911	9557.0	6927.0
912	9557.0	6927.0
913	9557.0	6927.0
914	9557.0	6927.0
915	9557.0	6927.0
916	9557.0	6927.0
917	9557.0	6927.0
918	9557.0	6927.0
919	9557.0	6927.0
920	9557.0	7087.0
921	9557.0	6927.0
922	9557.0	6927.0
923	9557.0	6927.0
924	9557.0	6927.0
925	9557.0	6927.0
926	9557.0	6927.0
927	9557.0	6927.0
928	9557.0	6927.0
929	9557.0	6927.0
930	9557.0	6927.0
931	9557.0	6927.0
932	9557.0	6927.0
933	9557.0	6927.0
934	9557.0	6927.0
935	9557.0	6927.0
936	9557.0	6927.0
937	9557.0	6927.0
938	9557.0	6927.0
939	9557.0	6927.0
940	9557.0	6983.0
941	9557.0	6927.0
942	9557.0	6927.0
943	9557.0	6927.0
944	9557.0	6927.0
945	9557.0	6927.0
946	9557.0	6927.0
947	9557.0	6927.0
948	9557.0	6927.0
949	9557.0	6927.0
950	9557.0	6927.0
951	9557.0	6927.0
952	9557.0	6927.0
953	9557.0	6927.0
954	9557.0	6927.0
955	9557.0	6927.0
956	9557.0	6927.0
957	9557.0	6927.0
958	9557.0	6927.0
959	9557.0	6927.0
960	9557.0	6927.0
961	9557.0	6927.0
962	9557.0	6927.0
963	9557.0	6927.0
964	9557.0	6927.0
965	9557.0	6927.0
966	9557.0	6927.0
967	9557.0	6927.0
968	9557.0	6927.0
969	9557.0	6927.0
970	9557.0	6927.0
971	9557.0	6927.0
972	9557.0	6927.0
973	9557.0	6927.0
974	9557.0	6927.0
975	9557.0	6927.0
976	9557.0	6927.0
977	9557.0	6927.0
978	9557.0	6927.0
979	9557.0	6927.0
980	9557.0	6927.0
981	9557.0	6927.0
982	9557.0	6927.0
983	9557.0	6927.0
984	9557.0	6927.0
985	9557.0	6927.0
986	9557.0	6927.0
987	9557.0	6927.0
988	9557.0	6927.0
989	9557.0	6927.0
990	9557.0	6927.0
991	9557.0	6927.0
992	9557.0	6927.0
993	9557.0	6927.0
994	9557.0	6927.0
995	9557.0	6963.0
996	9557.0	6963.0
997	9557.0	6963.0
998	9557.0	6963.0
999	9557.0	6963.0
1000	9557.0	6983.0
