0	7956.0	2859.0
1	9046.0	3438.0
2	9046.0	3672.0
3	9046.0	4219.0
4	9046.0	4244.0
5	9046.0	4294.0
6	9046.0	4294.0
7	9046.0	4418.0
8	9046.0	4666.0
9	9046.0	4806.0
10	9046.0	4806.0
11	9046.0	4806.0
12	9046.0	4942.0
13	9046.0	4942.0
14	9046.0	4942.0
15	9046.0	5078.0
16	9046.0	5078.0
17	9046.0	5078.0
18	9046.0	5078.0
19	9046.0	5176.0
20	9046.0	5312.0
21	9046.0	5176.0
22	9046.0	5176.0
23	9046.0	5176.0
24	9046.0	5312.0
25	9046.0	5312.0
26	9046.0	5312.0
27	9046.0	5312.0
28	9046.0	5312.0
29	9046.0	5312.0
30	9046.0	5312.0
31	9046.0	5312.0
32	9046.0	5312.0
33	9046.0	5312.0
34	9046.0	5598.0
35	9046.0	5598.0
36	9046.0	5598.0
37	9046.0	5598.0
38	9046.0	5598.0
39	9046.0	5598.0
40	9046.0	5598.0
41	9046.0	5598.0
42	9046.0	5598.0
43	9046.0	5598.0
44	9046.0	5676.0
45	9046.0	5676.0
46	9046.0	5676.0
47	9046.0	5676.0
48	9046.0	5676.0
49	9046.0	5676.0
50	9046.0	5676.0
51	9046.0	5676.0
52	9046.0	5676.0
53	9046.0	5676.0
54	9046.0	5676.0
55	9046.0	5676.0
56	9046.0	5676.0
57	9046.0	5676.0
58	9046.0	5676.0
59	9046.0	5676.0
60	9046.0	5676.0
61	9046.0	5676.0
62	9046.0	5676.0
63	9046.0	5676.0
64	9046.0	5676.0
65	9046.0	5676.0
66	9046.0	5676.0
67	9046.0	5676.0
68	9046.0	5772.0
69	9046.0	5772.0
70	9046.0	5772.0
71	9046.0	5772.0
72	9046.0	5772.0
73	9046.0	5772.0
74	9046.0	5924.0
75	9046.0	5924.0
76	9046.0	5924.0
77	9046.0	5924.0
78	9046.0	5924.0
79	9046.0	5924.0
80	9046.0	5924.0
81	9046.0	5924.0
82	9046.0	5924.0
83	9046.0	5924.0
84	9046.0	5966.0
85	9046.0	5966.0
86	9046.0	5966.0
87	9046.0	5966.0
88	9046.0	5966.0
89	9046.0	5966.0
90	9046.0	5966.0
91	9046.0	5966.0
92	9046.0	5966.0
93	9046.0	5966.0
94	9046.0	5966.0
95	9046.0	5966.0
96	9046.0	5966.0
97	9046.0	5966.0
98	9046.0	5966.0
99	9046.0	5966.0
100	9046.0	6070.0
101	9046.0	5976.0
102	9046.0	5976.0
103	9046.0	5976.0
104	9046.0	5976.0
105	9046.0	5976.0
106	9046.0	5976.0
107	9046.0	5976.0
108	9046.0	5976.0
109	9046.0	5976.0
110	9046.0	5976.0
111	9046.0	5976.0
112	9046.0	5976.0
113	9046.0	5976.0
114	9046.0	5976.0
115	9046.0	5976.0
116	9046.0	5976.0
117	9046.0	5976.0
118	9046.0	5976.0
119	9046.0	5976.0
120	9046.0	6143.0
121	9046.0	5976.0
122	9046.0	5976.0
123	9046.0	6011.0
124	9046.0	6011.0
125	9046.0	6011.0
126	9046.0	6011.0
127	9046.0	6011.0
128	9046.0	6011.0
129	9046.0	6011.0
130	9046.0	6011.0
131	9046.0	6040.0
132	9046.0	6040.0
133	9046.0	6040.0
134	9046.0	6040.0
135	9046.0	6040.0
136	9046.0	6139.0
137	9046.0	6139.0
138	9046.0	6139.0
139	9046.0	6139.0
140	9046.0	6316.0
141	9046.0	6139.0
142	9046.0	6139.0
143	9046.0	6139.0
144	9046.0	6188.0
145	9046.0	6188.0
146	9046.0	6188.0
147	9046.0	6188.0
148	9046.0	6188.0
149	9046.0	6188.0
150	9046.0	6188.0
151	9046.0	6188.0
152	9046.0	6188.0
153	9046.0	6188.0
154	9046.0	6188.0
155	9046.0	6188.0
156	9046.0	6207.0
157	9046.0	6207.0
158	9046.0	6207.0
159	9046.0	6207.0
160	9046.0	6207.0
161	9046.0	6207.0
162	9046.0	6207.0
163	9046.0	6207.0
164	9046.0	6207.0
165	9046.0	6207.0
166	9046.0	6207.0
167	9046.0	6207.0
168	9046.0	6207.0
169	9046.0	6207.0
170	9046.0	6207.0
171	9046.0	6207.0
172	9046.0	6207.0
173	9046.0	6207.0
174	9046.0	6207.0
175	9046.0	6207.0
176	9046.0	6207.0
177	9046.0	6207.0
178	9046.0	6207.0
179	9046.0	6207.0
180	9046.0	6268.0
181	9046.0	6207.0
182	9046.0	6207.0
183	9046.0	6207.0
184	9046.0	6207.0
185	9046.0	6207.0
186	9046.0	6253.0
187	9046.0	6253.0
188	9046.0	6253.0
189	9046.0	6253.0
190	9046.0	6253.0
191	9046.0	6253.0
192	9046.0	6253.0
193	9046.0	6253.0
194	9046.0	6253.0
195	9046.0	6253.0
196	9046.0	6253.0
197	9046.0	6253.0
198	9046.0	6253.0
199	9046.0	6253.0
200	9046.0	6253.0
201	9046.0	6253.0
202	9046.0	6253.0
203	9046.0	6253.0
204	9046.0	6253.0
205	9046.0	6253.0
206	9046.0	6253.0
207	9046.0	6253.0
208	9046.0	6253.0
209	9046.0	6253.0
210	9046.0	6253.0
211	9046.0	6253.0
212	9046.0	6253.0
213	9046.0	6253.0
214	9046.0	6253.0
215	9046.0	6253.0
216	9046.0	6253.0
217	9046.0	6308.0
218	9046.0	6308.0
219	9046.0	6308.0
220	9046.0	6412.0
221	9046.0	6308.0
222	9046.0	6308.0
223	9046.0	6308.0
224	9046.0	6308.0
225	9046.0	6308.0
226	9046.0	6308.0
227	9046.0	6308.0
228	9046.0	6308.0
229	9046.0	6308.0
230	9046.0	6308.0
231	9046.0	6308.0
232	9046.0	6308.0
233	9046.0	6308.0
234	9046.0	6308.0
235	9046.0	6308.0
236	9046.0	6308.0
237	9046.0	6308.0
238	9046.0	6308.0
239	9046.0	6308.0
240	9046.0	6420.0
241	9046.0	6308.0
242	9046.0	6308.0
243	9046.0	6308.0
244	9046.0	6308.0
245	9046.0	6308.0
246	9046.0	6308.0
247	9046.0	6308.0
248	9046.0	6308.0
249	9046.0	6308.0
250	9046.0	6308.0
251	9046.0	6308.0
252	9046.0	6382.0
253	9046.0	6382.0
254	9046.0	6382.0
255	9046.0	6382.0
256	9046.0	6382.0
257	9046.0	6382.0
258	9046.0	6382.0
259	9046.0	6382.0
260	9046.0	6438.0
261	9046.0	6382.0
262	9046.0	6382.0
263	9046.0	6382.0
264	9046.0	6382.0
265	9046.0	6382.0
266	9046.0	6412.0
267	9046.0	6412.0
268	9046.0	6412.0
269	9046.0	6412.0
270	9046.0	6412.0
271	9046.0	6412.0
272	9046.0	6412.0
273	9046.0	6412.0
274	9046.0	6412.0
275	9046.0	6412.0
276	9046.0	6412.0
277	9046.0	6412.0
278	9046.0	6412.0
279	9046.0	6412.0
280	9046.0	6420.0
281	9046.0	6412.0
282	9046.0	6412.0
283	9046.0	6412.0
284	9046.0	6412.0
285	9046.0	6412.0
286	9046.0	6420.0
287	9046.0	6420.0
288	9046.0	6420.0
289	9046.0	6420.0
290	9046.0	6420.0
291	9046.0	6420.0
292	9046.0	6420.0
293	9046.0	6420.0
294	9046.0	6420.0
295	9046.0	6420.0
296	9046.0	6438.0
297	9046.0	6438.0
298	9046.0	6438.0
299	9046.0	6438.0
300	9046.0	6545.0
301	9046.0	6438.0
302	9046.0	6438.0
303	9046.0	6438.0
304	9046.0	6438.0
305	9046.0	6438.0
306	9046.0	6438.0
307	9046.0	6438.0
308	9046.0	6438.0
309	9046.0	6438.0
310	9046.0	6438.0
311	9046.0	6459.0
312	9046.0	6459.0
313	9046.0	6459.0
314	9046.0	6459.0
315	9046.0	6459.0
316	9046.0	6519.0
317	9046.0	6519.0
318	9046.0	6519.0
319	9046.0	6519.0
320	9046.0	6519.0
321	9046.0	6519.0
322	9046.0	6519.0
323	9046.0	6519.0
324	9046.0	6519.0
325	9046.0	6519.0
326	9046.0	6519.0
327	9046.0	6519.0
328	9046.0	6519.0
329	9046.0	6519.0
330	9046.0	6519.0
331	9046.0	6519.0
332	9046.0	6519.0
333	9046.0	6519.0
334	9046.0	6519.0
335	9046.0	6519.0
336	9046.0	6519.0
337	9046.0	6519.0
338	9046.0	6519.0
339	9046.0	6519.0
340	9046.0	6549.0
341	9046.0	6519.0
342	9046.0	6519.0
343	9046.0	6519.0
344	9046.0	6519.0
345	9046.0	6519.0
346	9046.0	6519.0
347	9046.0	6519.0
348	9046.0	6519.0
349	9046.0	6519.0
350	9046.0	6519.0
351	9046.0	6519.0
352	9046.0	6519.0
353	9046.0	6519.0
354	9046.0	6519.0
355	9046.0	6519.0
356	9046.0	6519.0
357	9046.0	6519.0
358	9046.0	6519.0
359	9046.0	6519.0
360	9046.0	6596.0
361	9046.0	6519.0
362	9046.0	6519.0
363	9046.0	6519.0
364	9046.0	6519.0
365	9046.0	6519.0
366	9046.0	6519.0
367	9046.0	6519.0
368	9046.0	6519.0
369	9046.0	6519.0
370	9046.0	6519.0
371	9046.0	6519.0
372	9046.0	6519.0
373	9046.0	6519.0
374	9046.0	6519.0
375	9046.0	6519.0
376	9046.0	6541.0
377	9046.0	6541.0
378	9046.0	6541.0
379	9046.0	6541.0
380	9046.0	6621.0
381	9046.0	6541.0
382	9046.0	6541.0
383	9046.0	6541.0
384	9046.0	6541.0
385	9046.0	6541.0
386	9046.0	6541.0
387	9046.0	6541.0
388	9046.0	6541.0
389	9046.0	6541.0
390	9046.0	6541.0
391	9046.0	6541.0
392	9046.0	6541.0
393	9046.0	6541.0
394	9046.0	6541.0
395	9046.0	6541.0
396	9046.0	6541.0
397	9046.0	6541.0
398	9046.0	6541.0
399	9046.0	6541.0
400	9046.0	6541.0
401	9046.0	6541.0
402	9046.0	6541.0
403	9046.0	6541.0
404	9046.0	6541.0
405	9046.0	6541.0
406	9046.0	6541.0
407	9046.0	6541.0
408	9046.0	6541.0
409	9046.0	6541.0
410	9046.0	6541.0
411	9046.0	6541.0
412	9046.0	6541.0
413	9046.0	6541.0
414	9046.0	6541.0
415	9046.0	6541.0
416	9046.0	6541.0
417	9046.0	6541.0
418	9046.0	6541.0
419	9046.0	6541.0
420	9046.0	6621.0
421	9046.0	6541.0
422	9046.0	6541.0
423	9046.0	6541.0
424	9046.0	6541.0
425	9046.0	6541.0
426	9046.0	6541.0
427	9046.0	6541.0
428	9046.0	6541.0
429	9046.0	6541.0
430	9046.0	6541.0
431	9046.0	6541.0
432	9046.0	6541.0
433	9046.0	6541.0
434	9046.0	6541.0
435	9046.0	6541.0
436	9046.0	6541.0
437	9046.0	6541.0
438	9046.0	6541.0
439	9046.0	6541.0
440	9046.0	6675.0
441	9046.0	6541.0
442	9046.0	6541.0
443	9046.0	6541.0
444	9046.0	6541.0
445	9046.0	6541.0
446	9046.0	6541.0
447	9046.0	6541.0
448	9046.0	6541.0
449	9046.0	6541.0
450	9046.0	6541.0
451	9046.0	6541.0
452	9046.0	6541.0
453	9046.0	6541.0
454	9046.0	6541.0
455	9046.0	6541.0
456	9046.0	6541.0
457	9046.0	6541.0
458	9046.0	6541.0
459	9046.0	6541.0
460	9046.0	6645.0
461	9046.0	6541.0
462	9046.0	6541.0
463	9046.0	6541.0
464	9046.0	6541.0
465	9046.0	6541.0
466	9046.0	6541.0
467	9046.0	6541.0
468	9046.0	6541.0
469	9046.0	6541.0
470	9046.0	6541.0
471	9046.0	6541.0
472	9046.0	6541.0
473	9046.0	6541.0
474	9046.0	6541.0
475	9046.0	6541.0
476	9046.0	6541.0
477	9046.0	6541.0
478	9046.0	6541.0
479	9046.0	6541.0
480	9046.0	6541.0
481	9046.0	6541.0
482	9046.0	6541.0
483	9046.0	6541.0
484	9046.0	6541.0
485	9046.0	6541.0
486	9046.0	6541.0
487	9046.0	6541.0
488	9046.0	6541.0
489	9046.0	6541.0
490	9046.0	6541.0
491	9046.0	6541.0
492	9046.0	6541.0
493	9046.0	6541.0
494	9046.0	6541.0
495	9046.0	6623.0
496	9046.0	6623.0
497	9046.0	6623.0
498	9046.0	6623.0
499	9046.0	6623.0
500	9046.0	6623.0
501	9046.0	6623.0
502	9046.0	6623.0
503	9046.0	6623.0
504	9046.0	6623.0
505	9046.0	6623.0
506	9046.0	6623.0
507	9046.0	6623.0
508	9046.0	6623.0
509	9046.0	6623.0
510	9046.0	6623.0
511	9046.0	6623.0
512	9046.0	6623.0
513	9046.0	6623.0
514	9046.0	6623.0
515	9046.0	6623.0
516	9046.0	6623.0
517	9046.0	6623.0
518	9046.0	6623.0
519	9046.0	6623.0
520	9046.0	6675.0
521	9046.0	6623.0
522	9046.0	6623.0
523	9046.0	6623.0
524	9046.0	6623.0
525	9046.0	6623.0
526	9046.0	6623.0
527	9046.0	6623.0
528	9046.0	6623.0
529	9046.0	6623.0
530	9046.0	6623.0
531	9172.0	6623.0
532	9172.0	6623.0
533	9172.0	6623.0
534	9172.0	6623.0
535	9172.0	6623.0
536	9172.0	6623.0
537	9172.0	6623.0
538	9172.0	6623.0
539	9172.0	6623.0
540	9172.0	6778.0
541	9172.0	6623.0
542	9172.0	6623.0
543	9172.0	6623.0
544	9172.0	6623.0
545	9172.0	6623.0
546	9172.0	6623.0
547	9172.0	6623.0
548	9172.0	6623.0
549	9172.0	6623.0
550	9172.0	6623.0
551	9172.0	6623.0
552	9172.0	6623.0
553	9172.0	6623.0
554	9172.0	6636.0
555	9172.0	6636.0
556	9172.0	6636.0
557	9172.0	6636.0
558	9172.0	6636.0
559	9172.0	6636.0
560	9172.0	6741.0
561	9172.0	6636.0
562	9172.0	6636.0
563	9172.0	6636.0
564	9172.0	6636.0
565	9172.0	6636.0
566	9172.0	6636.0
567	9172.0	6636.0
568	9172.0	6636.0
569	9172.0	6636.0
570	9172.0	6636.0
571	9172.0	6636.0
572	9172.0	6636.0
573	9172.0	6636.0
574	9172.0	6636.0
575	9172.0	6636.0
576	9172.0	6636.0
577	9172.0	6636.0
578	9172.0	6636.0
579	9172.0	6636.0
580	9172.0	6713.0
581	9172.0	6636.0
582	9172.0	6636.0
583	9172.0	6636.0
584	9172.0	6636.0
585	9172.0	6636.0
586	9172.0	6636.0
587	9172.0	6636.0
588	9172.0	6636.0
589	9172.0	6636.0
590	9172.0	6636.0
591	9172.0	6636.0
592	9172.0	6636.0
593	9172.0	6636.0
594	9172.0	6636.0
595	9172.0	6636.0
596	9172.0	6636.0
597	9172.0	6636.0
598	9172.0	6636.0
599	9172.0	6636.0
600	9172.0	6727.0
601	9172.0	6636.0
602	9172.0	6636.0
603	9172.0	6636.0
604	9172.0	6636.0
605	9172.0	6636.0
606	9172.0	6636.0
607	9172.0	6636.0
608	9172.0	6636.0
609	9172.0	6636.0
610	9172.0	6636.0
611	9172.0	6636.0
612	9172.0	6727.0
613	9172.0	6727.0
614	9172.0	6727.0
615	9172.0	6727.0
616	9172.0	6727.0
617	9172.0	6727.0
618	9172.0	6727.0
619	9172.0	6727.0
620	9172.0	6741.0
621	9172.0	6727.0
622	9172.0	6727.0
623	9172.0	6727.0
624	9172.0	6727.0
625	9172.0	6727.0
626	9172.0	6727.0
627	9172.0	6727.0
628	9172.0	6727.0
629	9172.0	6727.0
630	9172.0	6727.0
631	9172.0	6727.0
632	9172.0	6727.0
633	9172.0	6727.0
634	9172.0	6727.0
635	9172.0	6727.0
636	9172.0	6727.0
637	9172.0	6727.0
638	9172.0	6727.0
639	9172.0	6727.0
640	9172.0	6827.0
641	9172.0	6727.0
642	9172.0	6727.0
643	9172.0	6727.0
644	9172.0	6727.0
645	9172.0	6727.0
646	9172.0	6727.0
647	9172.0	6727.0
648	9172.0	6727.0
649	9172.0	6727.0
650	9172.0	6727.0
651	9172.0	6727.0
652	9172.0	6727.0
653	9172.0	6727.0
654	9172.0	6727.0
655	9172.0	6727.0
656	9172.0	6727.0
657	9172.0	6727.0
658	9172.0	6727.0
659	9172.0	6727.0
660	9172.0	6741.0
661	9172.0	6727.0
662	9172.0	6727.0
663	9172.0	6727.0
664	9172.0	6727.0
665	9172.0	6727.0
666	9172.0	6727.0
667	9172.0	6727.0
668	9172.0	6727.0
669	9172.0	6727.0
670	9172.0	6727.0
671	9172.0	6727.0
672	9172.0	6727.0
673	9172.0	6727.0
674	9172.0	6727.0
675	9172.0	6727.0
676	9172.0	6727.0
677	9172.0	6727.0
678	9172.0	6727.0
679	9172.0	6727.0
680	9172.0	6778.0
681	9172.0	6727.0
682	9172.0	6727.0
683	9172.0	6727.0
684	9172.0	6727.0
685	9172.0	6727.0
686	9172.0	6727.0
687	9172.0	6727.0
688	9172.0	6727.0
689	9172.0	6727.0
690	9172.0	6727.0
691	9172.0	6727.0
692	9172.0	6727.0
693	9172.0	6727.0
694	9172.0	6727.0
695	9172.0	6727.0
696	9172.0	6727.0
697	9172.0	6727.0
698	9172.0	6727.0
699	9172.0	6727.0
700	9172.0	6853.0
701	9172.0	6727.0
702	9172.0	6727.0
703	9172.0	6727.0
704	9172.0	6727.0
705	9172.0	6727.0
706	9172.0	6727.0
707	9172.0	6778.0
708	9172.0	6778.0
709	9172.0	6778.0
710	9172.0	6778.0
711	9172.0	6778.0
712	9172.0	6778.0
713	9172.0	6778.0
714	9172.0	6778.0
715	9172.0	6778.0
716	9172.0	6778.0
717	9172.0	6778.0
718	9172.0	6778.0
719	9172.0	6778.0
720	9172.0	6892.0
721	9172.0	6778.0
722	9172.0	6778.0
723	9172.0	6778.0
724	9172.0	6778.0
725	9172.0	6778.0
726	9172.0	6778.0
727	9172.0	6778.0
728	9172.0	6778.0
729	9172.0	6778.0
730	9172.0	6778.0
731	9172.0	6778.0
732	9172.0	6778.0
733	9172.0	6778.0
734	9172.0	6778.0
735	9172.0	6778.0
736	9172.0	6778.0
737	9172.0	6778.0
738	9172.0	6778.0
739	9172.0	6778.0
740	9172.0	6792.0
741	9172.0	6778.0
742	9172.0	6778.0
743	9172.0	6778.0
744	9172.0	6778.0
745	9172.0	6778.0
746	9172.0	6778.0
747	9172.0	6778.0
748	9172.0	6778.0
749	9172.0	6778.0
750	9172.0	6778.0
751	9172.0	6778.0
752	9172.0	6778.0
753	9172.0	6778.0
754	9172.0	6778.0
755	9172.0	6778.0
756	9172.0	6778.0
757	9172.0	6778.0
758	9172.0	6778.0
759	9172.0	6778.0
760	9172.0	6818.0
761	9172.0	6778.0
762	9172.0	6778.0
763	9172.0	6778.0
764	9172.0	6778.0
765	9172.0	6778.0
766	9172.0	6778.0
767	9172.0	6778.0
768	9172.0	6778.0
769	9172.0	6778.0
770	9172.0	6778.0
771	9172.0	6778.0
772	9172.0	6778.0
773	9172.0	6778.0
774	9172.0	6778.0
775	9172.0	6778.0
776	9172.0	6778.0
777	9172.0	6778.0
778	9172.0	6778.0
779	9172.0	6778.0
780	9172.0	6818.0
781	9172.0	6778.0
782	9172.0	6778.0
783	9172.0	6778.0
784	9172.0	6778.0
785	9172.0	6778.0
786	9172.0	6778.0
787	9172.0	6778.0
788	9172.0	6778.0
789	9172.0	6778.0
790	9172.0	6778.0
791	9172.0	6778.0
792	9172.0	6778.0
793	9172.0	6778.0
794	9172.0	6778.0
795	9172.0	6778.0
796	9172.0	6778.0
797	9172.0	6778.0
798	9172.0	6778.0
799	9172.0	6778.0
800	9172.0	6842.0
801	9172.0	6778.0
802	9172.0	6778.0
803	9172.0	6778.0
804	9172.0	6778.0
805	9172.0	6778.0
806	9172.0	6778.0
807	9172.0	6778.0
808	9172.0	6778.0
809	9172.0	6778.0
810	9172.0	6778.0
811	9172.0	6778.0
812	9172.0	6778.0
813	9172.0	6778.0
814	9172.0	6778.0
815	9172.0	6778.0
816	9172.0	6778.0
817	9172.0	6778.0
818	9172.0	6778.0
819	9172.0	6778.0
820	9172.0	6778.0
821	9172.0	6778.0
822	9172.0	6778.0
823	9172.0	6778.0
824	9172.0	6778.0
825	9172.0	6778.0
826	9172.0	6778.0
827	9172.0	6778.0
828	9172.0	6778.0
829	9172.0	6778.0
830	9172.0	6778.0
831	9172.0	6778.0
832	9172.0	6778.0
833	9172.0	6778.0
834	9172.0	6778.0
835	9172.0	6778.0
836	9172.0	6778.0
837	9172.0	6778.0
838	9172.0	6778.0
839	9172.0	6778.0
840	9172.0	6868.0
841	9172.0	6778.0
842	9172.0	6778.0
843	9172.0	6778.0
844	9172.0	6778.0
845	9172.0	6778.0
846	9172.0	6778.0
847	9172.0	6778.0
848	9172.0	6778.0
849	9172.0	6778.0
850	9172.0	6778.0
851	9172.0	6778.0
852	9172.0	6778.0
853	9172.0	6778.0
854	9172.0	6778.0
855	9172.0	6778.0
856	9172.0	6778.0
857	9172.0	6778.0
858	9172.0	6778.0
859	9172.0	6778.0
860	9172.0	6818.0
861	9172.0	6778.0
862	9172.0	6778.0
863	9172.0	6778.0
864	9172.0	6778.0
865	9172.0	6778.0
866	9172.0	6778.0
867	9172.0	6778.0
868	9172.0	6778.0
869	9172.0	6778.0
870	9172.0	6778.0
871	9172.0	6778.0
872	9172.0	6778.0
873	9172.0	6778.0
874	9172.0	6778.0
875	9172.0	6778.0
876	9172.0	6778.0
877	9172.0	6778.0
878	9172.0	6778.0
879	9172.0	6778.0
880	9172.0	6792.0
881	9172.0	6778.0
882	9172.0	6778.0
883	9172.0	6778.0
884	9172.0	6778.0
885	9172.0	6778.0
886	9172.0	6778.0
887	9172.0	6778.0
888	9172.0	6778.0
889	9172.0	6778.0
890	9172.0	6778.0
891	9172.0	6778.0
892	9172.0	6778.0
893	9172.0	6778.0
894	9172.0	6778.0
895	9172.0	6778.0
896	9172.0	6778.0
897	9172.0	6778.0
898	9172.0	6785.0
899	9172.0	6785.0
900	9172.0	6948.0
901	9172.0	6785.0
902	9172.0	6785.0
903	9172.0	6785.0
904	9172.0	6785.0
905	9172.0	6785.0
906	9172.0	6785.0
907	9172.0	6785.0
908	9172.0	6785.0
909	9172.0	6785.0
910	9172.0	6785.0
911	9172.0	6785.0
912	9172.0	6785.0
913	9172.0	6785.0
914	9172.0	6785.0
915	9172.0	6785.0
916	9172.0	6785.0
917	9172.0	6792.0
918	9172.0	6792.0
919	9172.0	6792.0
920	9172.0	7003.0
921	9172.0	6792.0
922	9172.0	6792.0
923	9172.0	6792.0
924	9172.0	6792.0
925	9172.0	6792.0
926	9172.0	6792.0
927	9172.0	6792.0
928	9172.0	6792.0
929	9172.0	6792.0
930	9172.0	6792.0
931	9172.0	6792.0
932	9172.0	6792.0
933	9172.0	6792.0
934	9172.0	6792.0
935	9172.0	6792.0
936	9172.0	6792.0
937	9172.0	6792.0
938	9172.0	6792.0
939	9172.0	6792.0
940	9172.0	6868.0
941	9172.0	6792.0
942	9172.0	6792.0
943	9172.0	6792.0
944	9172.0	6792.0
945	9172.0	6792.0
946	9172.0	6792.0
947	9172.0	6792.0
948	9172.0	6792.0
949	9172.0	6792.0
950	9172.0	6792.0
951	9172.0	6792.0
952	9172.0	6792.0
953	9172.0	6792.0
954	9172.0	6792.0
955	9172.0	6792.0
956	9172.0	6792.0
957	9172.0	6792.0
958	9172.0	6792.0
959	9172.0	6792.0
960	9172.0	7031.0
961	9172.0	6792.0
962	9172.0	6792.0
963	9172.0	6792.0
964	9172.0	6792.0
965	9172.0	6792.0
966	9172.0	6792.0
967	9172.0	6792.0
968	9172.0	6792.0
969	9172.0	6792.0
970	9172.0	6792.0
971	9172.0	6792.0
972	9172.0	6792.0
973	9172.0	6792.0
974	9172.0	6792.0
975	9172.0	6792.0
976	9172.0	6792.0
977	9172.0	6792.0
978	9172.0	6792.0
979	9172.0	6792.0
980	9172.0	6930.0
981	9172.0	6792.0
982	9172.0	6792.0
983	9172.0	6792.0
984	9172.0	6792.0
985	9172.0	6792.0
986	9172.0	6792.0
987	9172.0	6792.0
988	9172.0	6792.0
989	9172.0	6792.0
990	9172.0	6792.0
991	9172.0	6792.0
992	9172.0	6792.0
993	9172.0	6792.0
994	9172.0	6792.0
995	9172.0	6792.0
996	9172.0	6792.0
997	9172.0	6792.0
998	9172.0	6792.0
999	9172.0	6792.0
1000	9172.0	7007.0
