0	5594.0	1970.0
1	5787.0	2307.0
2	5787.0	2431.0
3	7018.0	2852.0
4	7018.0	2852.0
5	7018.0	3078.0
6	7018.0	3165.0
7	7018.0	3165.0
8	7018.0	3384.0
9	7018.0	3407.0
10	7018.0	3407.0
11	7018.0	3407.0
12	7018.0	3407.0
13	7018.0	3527.0
14	7018.0	3527.0
15	7018.0	3548.0
16	7018.0	3548.0
17	7018.0	3548.0
18	7018.0	3548.0
19	7018.0	3548.0
20	7018.0	3919.0
21	7018.0	3847.0
22	7018.0	3847.0
23	7018.0	3847.0
24	7018.0	3847.0
25	7018.0	3929.0
26	7018.0	3929.0
27	7018.0	3929.0
28	7018.0	3929.0
29	7018.0	3929.0
30	7018.0	3929.0
31	7018.0	3929.0
32	7018.0	3929.0
33	7018.0	3929.0
34	7018.0	3929.0
35	7018.0	4082.0
36	7018.0	4155.0
37	7018.0	4251.0
38	7018.0	4251.0
39	7018.0	4251.0
40	7018.0	4251.0
41	7018.0	4251.0
42	7018.0	4251.0
43	7018.0	4251.0
44	7018.0	4251.0
45	7018.0	4251.0
46	7018.0	4251.0
47	7018.0	4251.0
48	7018.0	4251.0
49	7018.0	4251.0
50	7018.0	4251.0
51	7018.0	4251.0
52	7018.0	4251.0
53	7018.0	4311.0
54	7018.0	4311.0
55	7018.0	4311.0
56	7018.0	4311.0
57	7018.0	4311.0
58	7018.0	4311.0
59	7018.0	4331.0
60	7018.0	4331.0
61	7150.0	4331.0
62	7150.0	4331.0
63	7150.0	4331.0
64	7150.0	4331.0
65	7150.0	4331.0
66	7150.0	4331.0
67	7150.0	4331.0
68	7150.0	4331.0
69	7150.0	4331.0
70	7150.0	4331.0
71	7150.0	4331.0
72	7150.0	4331.0
73	7150.0	4331.0
74	7150.0	4331.0
75	7150.0	4331.0
76	7150.0	4331.0
77	7150.0	4331.0
78	7150.0	4436.0
79	7150.0	4436.0
80	7150.0	4436.0
81	7150.0	4436.0
82	7150.0	4436.0
83	7150.0	4519.0
84	7150.0	4605.0
85	7150.0	4605.0
86	7150.0	4605.0
87	7150.0	4605.0
88	7150.0	4605.0
89	7150.0	4605.0
90	7150.0	4605.0
91	7150.0	4605.0
92	7150.0	4605.0
93	7150.0	4605.0
94	7150.0	4605.0
95	7150.0	4605.0
96	7150.0	4605.0
97	7150.0	4605.0
98	7150.0	4605.0
99	7150.0	4605.0
100	7150.0	4726.0
101	7150.0	4685.0
102	7150.0	4685.0
103	7150.0	4685.0
104	7150.0	4685.0
105	7150.0	4685.0
106	7150.0	4685.0
107	7150.0	4685.0
108	7150.0	4685.0
109	7150.0	4685.0
110	7150.0	4685.0
111	7150.0	4685.0
112	7150.0	4685.0
113	7150.0	4685.0
114	7150.0	4685.0
115	7150.0	4685.0
116	7150.0	4685.0
117	7150.0	4685.0
118	7150.0	4685.0
119	7150.0	4685.0
120	7150.0	4712.0
121	7150.0	4685.0
122	7150.0	4685.0
123	7150.0	4685.0
124	7150.0	4685.0
125	7150.0	4685.0
126	7150.0	4685.0
127	7150.0	4685.0
128	7150.0	4685.0
129	7150.0	4685.0
130	7150.0	4685.0
131	7150.0	4685.0
132	7150.0	4714.0
133	7150.0	4714.0
134	7150.0	4714.0
135	7150.0	4714.0
136	7150.0	4714.0
137	7150.0	4714.0
138	7150.0	4714.0
139	7150.0	4714.0
140	7150.0	4830.0
141	7150.0	4714.0
142	7150.0	4714.0
143	7150.0	4714.0
144	7150.0	4714.0
145	7150.0	4714.0
146	7150.0	4714.0
147	7150.0	4714.0
148	7150.0	4714.0
149	7150.0	4714.0
150	7150.0	4714.0
151	7150.0	4714.0
152	7150.0	4786.0
153	7150.0	4786.0
154	7150.0	4786.0
155	7150.0	4786.0
156	7150.0	4797.0
157	7150.0	4797.0
158	7150.0	4797.0
159	7150.0	4797.0
160	7150.0	4797.0
161	7150.0	4797.0
162	7150.0	4797.0
163	7150.0	4797.0
164	7150.0	4797.0
165	7150.0	4797.0
166	7150.0	4797.0
167	7150.0	4797.0
168	7150.0	4797.0
169	7150.0	4797.0
170	7150.0	4797.0
171	7150.0	4797.0
172	7150.0	4797.0
173	7150.0	4797.0
174	7150.0	4797.0
175	7150.0	4797.0
176	7150.0	4797.0
177	7150.0	4797.0
178	7150.0	4797.0
179	7150.0	4797.0
180	7150.0	4916.0
181	7150.0	4797.0
182	7150.0	4797.0
183	7150.0	4797.0
184	7150.0	4797.0
185	7150.0	4797.0
186	7150.0	4797.0
187	7150.0	4797.0
188	7150.0	4797.0
189	7150.0	4797.0
190	7150.0	4797.0
191	7150.0	4797.0
192	7150.0	4797.0
193	7150.0	4859.0
194	7150.0	4859.0
195	7150.0	4859.0
196	7150.0	4859.0
197	7150.0	4859.0
198	7150.0	4859.0
199	7150.0	4859.0
200	7150.0	4859.0
201	7150.0	4859.0
202	7150.0	4859.0
203	7150.0	4859.0
204	7150.0	4859.0
205	7150.0	4859.0
206	7150.0	4859.0
207	7150.0	4916.0
208	7150.0	4916.0
209	7150.0	4916.0
210	7150.0	4916.0
211	7150.0	4916.0
212	7150.0	4916.0
213	7150.0	4916.0
214	7150.0	4916.0
215	7150.0	4916.0
216	7150.0	4916.0
217	7150.0	4916.0
218	7150.0	4916.0
219	7150.0	4963.0
220	7150.0	4968.0
221	7150.0	4963.0
222	7150.0	4963.0
223	7150.0	4963.0
224	7575.0	4963.0
225	7575.0	4963.0
226	7575.0	4963.0
227	7575.0	4963.0
228	7575.0	4963.0
229	7575.0	4963.0
230	7575.0	4963.0
231	7575.0	4963.0
232	7575.0	4963.0
233	7575.0	4963.0
234	7575.0	4963.0
235	7575.0	4963.0
236	7575.0	4963.0
237	7575.0	4963.0
238	7575.0	4963.0
239	7575.0	4963.0
240	7575.0	5026.0
241	7575.0	4963.0
242	7575.0	4963.0
243	7575.0	4963.0
244	7575.0	4963.0
245	7575.0	4963.0
246	7575.0	4963.0
247	7575.0	4963.0
248	7575.0	4963.0
249	7575.0	4963.0
250	7575.0	4963.0
251	7575.0	4963.0
252	7575.0	4963.0
253	7575.0	4963.0
254	7575.0	4963.0
255	7575.0	4963.0
256	7575.0	4963.0
257	7575.0	4963.0
258	7575.0	4963.0
259	7575.0	4963.0
260	7575.0	4968.0
261	7575.0	4963.0
262	7575.0	4963.0
263	7575.0	4963.0
264	7575.0	4963.0
265	7575.0	4963.0
266	7575.0	4963.0
267	7575.0	4963.0
268	7575.0	4963.0
269	7575.0	4963.0
270	7575.0	4963.0
271	7575.0	4963.0
272	7575.0	4963.0
273	7575.0	4963.0
274	7575.0	4963.0
275	7575.0	4963.0
276	7575.0	4963.0
277	7575.0	4963.0
278	7575.0	4968.0
279	7575.0	4968.0
280	7575.0	4968.0
281	7575.0	4968.0
282	7575.0	4968.0
283	7575.0	4968.0
284	7575.0	4968.0
285	7575.0	4968.0
286	7575.0	4968.0
287	7575.0	4968.0
288	7575.0	4968.0
289	7575.0	4968.0
290	7575.0	4968.0
291	7575.0	4968.0
292	7575.0	4968.0
293	7575.0	4968.0
294	7575.0	4968.0
295	7575.0	4968.0
296	7575.0	4968.0
297	7575.0	4968.0
298	7575.0	4968.0
299	7575.0	4968.0
300	7575.0	4968.0
301	7575.0	4968.0
302	7575.0	4968.0
303	7575.0	4968.0
304	7575.0	4968.0
305	7575.0	4968.0
306	7575.0	4968.0
307	7575.0	4968.0
308	7575.0	4968.0
309	7575.0	4968.0
310	7575.0	4968.0
311	7575.0	4968.0
312	7575.0	4968.0
313	7575.0	4968.0
314	7575.0	4968.0
315	7575.0	4968.0
316	7575.0	4968.0
317	7575.0	4968.0
318	7575.0	4968.0
319	7575.0	4968.0
320	7575.0	5059.0
321	7575.0	4968.0
322	7575.0	4968.0
323	7575.0	4968.0
324	7575.0	4968.0
325	7575.0	4968.0
326	7575.0	4968.0
327	7575.0	4968.0
328	7575.0	4968.0
329	7575.0	4968.0
330	7575.0	4968.0
331	7575.0	4968.0
332	7575.0	4968.0
333	7575.0	4968.0
334	7575.0	4968.0
335	7575.0	4968.0
336	7575.0	4968.0
337	7575.0	4968.0
338	7575.0	4968.0
339	7575.0	4968.0
340	7575.0	5039.0
341	7575.0	4968.0
342	7575.0	4968.0
343	7575.0	4968.0
344	7575.0	4968.0
345	7575.0	4968.0
346	7575.0	4968.0
347	7575.0	4968.0
348	7575.0	4968.0
349	7575.0	4968.0
350	7575.0	4968.0
351	7575.0	4968.0
352	7575.0	4968.0
353	7575.0	4968.0
354	7575.0	4968.0
355	7575.0	4968.0
356	7575.0	4968.0
357	7575.0	4968.0
358	7575.0	4968.0
359	7575.0	4968.0
360	7575.0	4968.0
361	7575.0	4968.0
362	7575.0	4968.0
363	7575.0	4968.0
364	7575.0	4968.0
365	7575.0	4968.0
366	7575.0	4968.0
367	7575.0	4968.0
368	7575.0	4968.0
369	7575.0	4968.0
370	7575.0	4968.0
371	7575.0	4968.0
372	7575.0	4968.0
373	7575.0	4968.0
374	7575.0	4968.0
375	7575.0	4968.0
376	7575.0	4968.0
377	7575.0	4968.0
378	7575.0	4968.0
379	7575.0	4968.0
380	7575.0	5026.0
381	7575.0	4968.0
382	7575.0	4968.0
383	7575.0	4968.0
384	7575.0	4968.0
385	7575.0	5026.0
386	7575.0	5026.0
387	7575.0	5026.0
388	7575.0	5026.0
389	7575.0	5026.0
390	7575.0	5026.0
391	7575.0	5026.0
392	7575.0	5026.0
393	7575.0	5026.0
394	7575.0	5026.0
395	7575.0	5026.0
396	7575.0	5026.0
397	7575.0	5026.0
398	7575.0	5026.0
399	7575.0	5026.0
400	7575.0	5111.0
401	7575.0	5026.0
402	7575.0	5026.0
403	7575.0	5026.0
404	7575.0	5026.0
405	7575.0	5039.0
406	7575.0	5039.0
407	7575.0	5039.0
408	7575.0	5039.0
409	7575.0	5039.0
410	7575.0	5039.0
411	7575.0	5039.0
412	7575.0	5039.0
413	7575.0	5039.0
414	7575.0	5039.0
415	7575.0	5039.0
416	7575.0	5039.0
417	7575.0	5039.0
418	7575.0	5039.0
419	7575.0	5039.0
420	7575.0	5111.0
421	7575.0	5039.0
422	7575.0	5039.0
423	7575.0	5039.0
424	7575.0	5086.0
425	7575.0	5086.0
426	7575.0	5086.0
427	7575.0	5086.0
428	7575.0	5086.0
429	7575.0	5086.0
430	7575.0	5086.0
431	7575.0	5086.0
432	7575.0	5086.0
433	7575.0	5086.0
434	7575.0	5086.0
435	7575.0	5086.0
436	7575.0	5086.0
437	7575.0	5086.0
438	7575.0	5086.0
439	7575.0	5086.0
440	7575.0	5227.0
441	7575.0	5086.0
442	7575.0	5086.0
443	7575.0	5086.0
444	7575.0	5086.0
445	7575.0	5086.0
446	7575.0	5086.0
447	7575.0	5086.0
448	7575.0	5086.0
449	7575.0	5086.0
450	7575.0	5086.0
451	7575.0	5086.0
452	7575.0	5086.0
453	7575.0	5086.0
454	7575.0	5086.0
455	7575.0	5086.0
456	7575.0	5086.0
457	7575.0	5086.0
458	7575.0	5086.0
459	7575.0	5086.0
460	7575.0	5103.0
461	7575.0	5086.0
462	7575.0	5086.0
463	7575.0	5086.0
464	7575.0	5086.0
465	7575.0	5086.0
466	7575.0	5086.0
467	7575.0	5086.0
468	7575.0	5086.0
469	7575.0	5086.0
470	7575.0	5086.0
471	7575.0	5086.0
472	7575.0	5086.0
473	7575.0	5086.0
474	7575.0	5086.0
475	7575.0	5086.0
476	7575.0	5086.0
477	7575.0	5086.0
478	7575.0	5086.0
479	7575.0	5086.0
480	7575.0	5111.0
481	7575.0	5086.0
482	7575.0	5086.0
483	7575.0	5086.0
484	7575.0	5086.0
485	7575.0	5086.0
486	7575.0	5086.0
487	7687.0	5086.0
488	7687.0	5103.0
489	7687.0	5103.0
490	7687.0	5103.0
491	7687.0	5103.0
492	7687.0	5103.0
493	7687.0	5103.0
494	7687.0	5103.0
495	7687.0	5103.0
496	7687.0	5103.0
497	7687.0	5103.0
498	7687.0	5103.0
499	7687.0	5103.0
500	7687.0	5227.0
501	7687.0	5103.0
502	7687.0	5103.0
503	7687.0	5103.0
504	7687.0	5103.0
505	7687.0	5103.0
506	7687.0	5103.0
507	7687.0	5103.0
508	7687.0	5103.0
509	7687.0	5103.0
510	7687.0	5103.0
511	7687.0	5103.0
512	7687.0	5103.0
513	7687.0	5103.0
514	7687.0	5103.0
515	7687.0	5103.0
516	7687.0	5103.0
517	7687.0	5103.0
518	7687.0	5103.0
519	7687.0	5103.0
520	7687.0	5103.0
521	7687.0	5103.0
522	7687.0	5103.0
523	7687.0	5103.0
524	7687.0	5103.0
525	7687.0	5103.0
526	7687.0	5103.0
527	7687.0	5103.0
528	7687.0	5103.0
529	7687.0	5103.0
530	7687.0	5103.0
531	7687.0	5103.0
532	7687.0	5103.0
533	7687.0	5103.0
534	7687.0	5103.0
535	7687.0	5103.0
536	7687.0	5103.0
537	7687.0	5103.0
538	7687.0	5103.0
539	7687.0	5103.0
540	7687.0	5248.0
541	7687.0	5103.0
542	7687.0	5103.0
543	7687.0	5103.0
544	7687.0	5103.0
545	7687.0	5103.0
546	7687.0	5103.0
547	7687.0	5103.0
548	7687.0	5103.0
549	7687.0	5103.0
550	7687.0	5103.0
551	7687.0	5103.0
552	7687.0	5103.0
553	7687.0	5103.0
554	7687.0	5103.0
555	7687.0	5103.0
556	7687.0	5103.0
557	7687.0	5103.0
558	7687.0	5103.0
559	7687.0	5103.0
560	7687.0	5314.0
561	7687.0	5103.0
562	7687.0	5103.0
563	7687.0	5103.0
564	7687.0	5103.0
565	7687.0	5103.0
566	7687.0	5103.0
567	7687.0	5103.0
568	7687.0	5103.0
569	7687.0	5103.0
570	7687.0	5103.0
571	7687.0	5103.0
572	7687.0	5103.0
573	7687.0	5103.0
574	7687.0	5103.0
575	7687.0	5103.0
576	7687.0	5103.0
577	7687.0	5103.0
578	7687.0	5103.0
579	7687.0	5103.0
580	7687.0	5152.0
581	7687.0	5103.0
582	7687.0	5103.0
583	7687.0	5103.0
584	7687.0	5103.0
585	7687.0	5103.0
586	7687.0	5103.0
587	7687.0	5103.0
588	7687.0	5103.0
589	7687.0	5103.0
590	7687.0	5103.0
591	7687.0	5103.0
592	7687.0	5103.0
593	7687.0	5103.0
594	7687.0	5103.0
595	7687.0	5103.0
596	7687.0	5103.0
597	7687.0	5103.0
598	7687.0	5103.0
599	7687.0	5103.0
600	7687.0	5103.0
601	7687.0	5103.0
602	7687.0	5103.0
603	7687.0	5103.0
604	7687.0	5103.0
605	7687.0	5103.0
606	7687.0	5103.0
607	7687.0	5103.0
608	7687.0	5103.0
609	7687.0	5103.0
610	7687.0	5103.0
611	7687.0	5103.0
612	7687.0	5103.0
613	7687.0	5103.0
614	7687.0	5103.0
615	7687.0	5103.0
616	7687.0	5103.0
617	7687.0	5103.0
618	7687.0	5103.0
619	7687.0	5103.0
620	7687.0	5367.0
621	7687.0	5103.0
622	7687.0	5103.0
623	7687.0	5103.0
624	7687.0	5103.0
625	7687.0	5103.0
626	7687.0	5103.0
627	7687.0	5103.0
628	7687.0	5103.0
629	7687.0	5103.0
630	7687.0	5103.0
631	7687.0	5103.0
632	7687.0	5103.0
633	7687.0	5103.0
634	7687.0	5103.0
635	7687.0	5103.0
636	7687.0	5103.0
637	7687.0	5103.0
638	7687.0	5103.0
639	7687.0	5103.0
640	7687.0	5223.0
641	7687.0	5103.0
642	7687.0	5103.0
643	7687.0	5103.0
644	7687.0	5103.0
645	7687.0	5103.0
646	7687.0	5103.0
647	7687.0	5103.0
648	7687.0	5103.0
649	7687.0	5103.0
650	7687.0	5103.0
651	7687.0	5103.0
652	7687.0	5103.0
653	7687.0	5103.0
654	7687.0	5103.0
655	7687.0	5103.0
656	7687.0	5103.0
657	7687.0	5103.0
658	7687.0	5103.0
659	7687.0	5103.0
660	7687.0	5311.0
661	7687.0	5103.0
662	7687.0	5103.0
663	7687.0	5103.0
664	7687.0	5103.0
665	7687.0	5103.0
666	7687.0	5103.0
667	7687.0	5103.0
668	7687.0	5103.0
669	7687.0	5103.0
670	7687.0	5103.0
671	7687.0	5103.0
672	7687.0	5103.0
673	7687.0	5103.0
674	7687.0	5103.0
675	7687.0	5103.0
676	7687.0	5103.0
677	7687.0	5103.0
678	7687.0	5103.0
679	7687.0	5103.0
680	7687.0	5227.0
681	7687.0	5103.0
682	7687.0	5103.0
683	7687.0	5103.0
684	7687.0	5103.0
685	7687.0	5103.0
686	7687.0	5103.0
687	7687.0	5103.0
688	7687.0	5103.0
689	7687.0	5103.0
690	7687.0	5103.0
691	7687.0	5103.0
692	7687.0	5103.0
693	7687.0	5103.0
694	7687.0	5103.0
695	7687.0	5103.0
696	7687.0	5103.0
697	7687.0	5103.0
698	7687.0	5103.0
699	7687.0	5103.0
700	7687.0	5227.0
701	7687.0	5103.0
702	7687.0	5103.0
703	7687.0	5103.0
704	7687.0	5103.0
705	7687.0	5103.0
706	7687.0	5103.0
707	7687.0	5103.0
708	7687.0	5103.0
709	7687.0	5103.0
710	7687.0	5103.0
711	7687.0	5103.0
712	7687.0	5103.0
713	7687.0	5103.0
714	7687.0	5103.0
715	7687.0	5103.0
716	7687.0	5103.0
717	7687.0	5103.0
718	7687.0	5103.0
719	7687.0	5103.0
720	7687.0	5223.0
721	7687.0	5103.0
722	7687.0	5103.0
723	7687.0	5103.0
724	7687.0	5103.0
725	7687.0	5103.0
726	7687.0	5103.0
727	7687.0	5103.0
728	7687.0	5103.0
729	7687.0	5103.0
730	7687.0	5103.0
731	7687.0	5103.0
732	7687.0	5103.0
733	7687.0	5103.0
734	7687.0	5103.0
735	7687.0	5103.0
736	7687.0	5103.0
737	7687.0	5103.0
738	7687.0	5103.0
739	7687.0	5103.0
740	7687.0	5223.0
741	7687.0	5103.0
742	7687.0	5103.0
743	7687.0	5103.0
744	7687.0	5103.0
745	7687.0	5103.0
746	7687.0	5103.0
747	7687.0	5103.0
748	7687.0	5103.0
749	7687.0	5103.0
750	7687.0	5103.0
751	7687.0	5103.0
752	7687.0	5103.0
753	7687.0	5103.0
754	7687.0	5103.0
755	7687.0	5103.0
756	7687.0	5103.0
757	7687.0	5103.0
758	7687.0	5103.0
759	7687.0	5103.0
760	7687.0	5351.0
761	7687.0	5103.0
762	7687.0	5103.0
763	7687.0	5103.0
764	7687.0	5103.0
765	7687.0	5103.0
766	7687.0	5103.0
767	7687.0	5103.0
768	7687.0	5103.0
769	7687.0	5103.0
770	7687.0	5103.0
771	7687.0	5103.0
772	7687.0	5103.0
773	7687.0	5103.0
774	7687.0	5103.0
775	7687.0	5103.0
776	7687.0	5103.0
777	7687.0	5103.0
778	7687.0	5103.0
779	7687.0	5103.0
780	7687.0	5350.0
781	7687.0	5103.0
782	7687.0	5103.0
783	7687.0	5103.0
784	7687.0	5103.0
785	7687.0	5103.0
786	7687.0	5103.0
787	7687.0	5103.0
788	7687.0	5103.0
789	7687.0	5103.0
790	7687.0	5103.0
791	7687.0	5103.0
792	7687.0	5103.0
793	7687.0	5103.0
794	7687.0	5103.0
795	7687.0	5103.0
796	7687.0	5103.0
797	7687.0	5103.0
798	7687.0	5103.0
799	7687.0	5103.0
800	7687.0	5350.0
801	7687.0	5103.0
802	7687.0	5103.0
803	7687.0	5103.0
804	7687.0	5103.0
805	7687.0	5103.0
806	7687.0	5103.0
807	7687.0	5103.0
808	7687.0	5103.0
809	7687.0	5103.0
810	7687.0	5103.0
811	7687.0	5103.0
812	7687.0	5103.0
813	7687.0	5103.0
814	7687.0	5103.0
815	7687.0	5103.0
816	7687.0	5103.0
817	7687.0	5103.0
818	7687.0	5103.0
819	7687.0	5103.0
820	7687.0	5351.0
821	7687.0	5103.0
822	7687.0	5103.0
823	7687.0	5103.0
824	7687.0	5103.0
825	7687.0	5103.0
826	7687.0	5103.0
827	7687.0	5103.0
828	7687.0	5103.0
829	7687.0	5103.0
830	7687.0	5103.0
831	7687.0	5103.0
832	7687.0	5103.0
833	7687.0	5103.0
834	7687.0	5103.0
835	7687.0	5103.0
836	7687.0	5103.0
837	7687.0	5103.0
838	7687.0	5103.0
839	7687.0	5103.0
840	7687.0	5385.0
841	7687.0	5103.0
842	7687.0	5103.0
843	7687.0	5103.0
844	7687.0	5103.0
845	7687.0	5103.0
846	7687.0	5103.0
847	7687.0	5103.0
848	7687.0	5103.0
849	7687.0	5103.0
850	7687.0	5103.0
851	7687.0	5103.0
852	7687.0	5103.0
853	7687.0	5103.0
854	7687.0	5103.0
855	7687.0	5103.0
856	7687.0	5103.0
857	7687.0	5103.0
858	7687.0	5103.0
859	7687.0	5103.0
860	7687.0	5388.0
861	7687.0	5103.0
862	7687.0	5103.0
863	7687.0	5103.0
864	7687.0	5103.0
865	7687.0	5103.0
866	7687.0	5103.0
867	7687.0	5103.0
868	7687.0	5103.0
869	7687.0	5103.0
870	7687.0	5103.0
871	7687.0	5103.0
872	7687.0	5103.0
873	7687.0	5103.0
874	7687.0	5103.0
875	7687.0	5103.0
876	7687.0	5103.0
877	7687.0	5103.0
878	7687.0	5103.0
879	7687.0	5103.0
880	7687.0	5103.0
881	7687.0	5103.0
882	7687.0	5103.0
883	7687.0	5103.0
884	7687.0	5103.0
885	7687.0	5103.0
886	7687.0	5103.0
887	7687.0	5103.0
888	7687.0	5103.0
889	7687.0	5103.0
890	7687.0	5103.0
891	7687.0	5103.0
892	7687.0	5103.0
893	7687.0	5103.0
894	7687.0	5103.0
895	7687.0	5103.0
896	7687.0	5103.0
897	7687.0	5103.0
898	7687.0	5103.0
899	7687.0	5103.0
900	7687.0	5413.0
901	7687.0	5103.0
902	7687.0	5103.0
903	7687.0	5103.0
904	7687.0	5103.0
905	7687.0	5103.0
906	7687.0	5103.0
907	7687.0	5103.0
908	7687.0	5103.0
909	7687.0	5103.0
910	7687.0	5103.0
911	7687.0	5103.0
912	7687.0	5103.0
913	7687.0	5103.0
914	7687.0	5103.0
915	7687.0	5103.0
916	7687.0	5103.0
917	7687.0	5103.0
918	7687.0	5103.0
919	7687.0	5103.0
920	7687.0	5388.0
921	7687.0	5103.0
922	7687.0	5103.0
923	7687.0	5103.0
924	7687.0	5103.0
925	7687.0	5103.0
926	7687.0	5103.0
927	7687.0	5103.0
928	7687.0	5103.0
929	7687.0	5103.0
930	7687.0	5103.0
931	7687.0	5103.0
932	7687.0	5103.0
933	7687.0	5103.0
934	7687.0	5103.0
935	7687.0	5103.0
936	7687.0	5103.0
937	7687.0	5103.0
938	7687.0	5103.0
939	7687.0	5103.0
940	7687.0	5103.0
941	7687.0	5103.0
942	7687.0	5103.0
943	7687.0	5103.0
944	7687.0	5103.0
945	7687.0	5103.0
946	7687.0	5103.0
947	7687.0	5103.0
948	7687.0	5103.0
949	7687.0	5103.0
950	7687.0	5103.0
951	7687.0	5103.0
952	7687.0	5103.0
953	7687.0	5103.0
954	7687.0	5103.0
955	7687.0	5103.0
956	7687.0	5103.0
957	7687.0	5103.0
958	7687.0	5103.0
959	7687.0	5103.0
960	7687.0	5103.0
961	7687.0	5103.0
962	7687.0	5103.0
963	7687.0	5103.0
964	7687.0	5103.0
965	7687.0	5103.0
966	7687.0	5103.0
967	7687.0	5103.0
968	7687.0	5103.0
969	7687.0	5103.0
970	7687.0	5103.0
971	7687.0	5103.0
972	7687.0	5103.0
973	7687.0	5103.0
974	7687.0	5103.0
975	7687.0	5103.0
976	7687.0	5103.0
977	7687.0	5103.0
978	7687.0	5103.0
979	7687.0	5103.0
980	7687.0	5531.0
981	7687.0	5103.0
982	7687.0	5103.0
983	7687.0	5103.0
984	7687.0	5103.0
985	7687.0	5103.0
986	7687.0	5103.0
987	7687.0	5103.0
988	7687.0	5103.0
989	7687.0	5103.0
990	7687.0	5348.0
991	7687.0	5348.0
992	7687.0	5348.0
993	7687.0	5348.0
994	7687.0	5348.0
995	7687.0	5348.0
996	7687.0	5348.0
997	7687.0	5348.0
998	7687.0	5348.0
999	7687.0	5348.0
1000	7687.0	5385.0
