0	6119.0	1822.0
1	6173.0	2206.0
2	6173.0	2677.0
3	6173.0	2837.0
4	6173.0	2959.0
5	6173.0	3105.0
6	6173.0	3105.0
7	6173.0	3153.0
8	6392.0	3288.0
9	6392.0	3355.0
10	6523.0	3355.0
11	6523.0	3355.0
12	6523.0	3355.0
13	6523.0	3656.0
14	6523.0	3656.0
15	6523.0	3656.0
16	6523.0	3656.0
17	6523.0	3666.0
18	6523.0	3666.0
19	6523.0	3666.0
20	6523.0	3907.0
21	6523.0	3666.0
22	6677.0	3666.0
23	6677.0	3666.0
24	6677.0	3666.0
25	7303.0	3722.0
26	7303.0	3782.0
27	7303.0	3987.0
28	7303.0	3987.0
29	7303.0	3987.0
30	7303.0	4023.0
31	7303.0	4023.0
32	7303.0	4023.0
33	7303.0	4023.0
34	7303.0	4023.0
35	7303.0	4023.0
36	7303.0	4023.0
37	7303.0	4023.0
38	7303.0	4023.0
39	7303.0	4023.0
40	7303.0	4326.0
41	7303.0	4108.0
42	7303.0	4108.0
43	7303.0	4189.0
44	7303.0	4189.0
45	7303.0	4324.0
46	7303.0	4324.0
47	7303.0	4324.0
48	7303.0	4324.0
49	7303.0	4324.0
50	7303.0	4324.0
51	7303.0	4324.0
52	7303.0	4324.0
53	7303.0	4324.0
54	7303.0	4324.0
55	7303.0	4324.0
56	7303.0	4324.0
57	7303.0	4324.0
58	7303.0	4324.0
59	7303.0	4324.0
60	7303.0	4324.0
61	7303.0	4324.0
62	7303.0	4324.0
63	7303.0	4324.0
64	7303.0	4324.0
65	7303.0	4324.0
66	7303.0	4324.0
67	7303.0	4324.0
68	7303.0	4324.0
69	7303.0	4324.0
70	7303.0	4324.0
71	7303.0	4324.0
72	7303.0	4324.0
73	7303.0	4324.0
74	7303.0	4324.0
75	7303.0	4324.0
76	7303.0	4324.0
77	7303.0	4324.0
78	7303.0	4324.0
79	7303.0	4324.0
80	7303.0	4324.0
81	7303.0	4324.0
82	7303.0	4324.0
83	7303.0	4324.0
84	7303.0	4324.0
85	7303.0	4324.0
86	7303.0	4385.0
87	7303.0	4385.0
88	7303.0	4467.0
89	7303.0	4481.0
90	7303.0	4481.0
91	7303.0	4481.0
92	7303.0	4481.0
93	7303.0	4481.0
94	7303.0	4481.0
95	7303.0	4481.0
96	7303.0	4481.0
97	7303.0	4481.0
98	7303.0	4481.0
99	7303.0	4481.0
100	7303.0	4622.0
101	7303.0	4481.0
102	7303.0	4481.0
103	7303.0	4481.0
104	7303.0	4481.0
105	7303.0	4481.0
106	7303.0	4481.0
107	7303.0	4481.0
108	7303.0	4481.0
109	7303.0	4481.0
110	7303.0	4481.0
111	7303.0	4481.0
112	7303.0	4481.0
113	7303.0	4573.0
114	7303.0	4573.0
115	7303.0	4573.0
116	7303.0	4573.0
117	7303.0	4573.0
118	7303.0	4573.0
119	7303.0	4622.0
120	7303.0	4665.0
121	7303.0	4622.0
122	7303.0	4622.0
123	7303.0	4622.0
124	7303.0	4622.0
125	7303.0	4622.0
126	7303.0	4622.0
127	7303.0	4622.0
128	7303.0	4622.0
129	7303.0	4622.0
130	7303.0	4622.0
131	7303.0	4622.0
132	7303.0	4622.0
133	7303.0	4622.0
134	7303.0	4622.0
135	7303.0	4622.0
136	7303.0	4622.0
137	7303.0	4622.0
138	7303.0	4622.0
139	7303.0	4622.0
140	7303.0	4815.0
141	7303.0	4622.0
142	7303.0	4622.0
143	7303.0	4690.0
144	7303.0	4690.0
145	7303.0	4690.0
146	7303.0	4690.0
147	7303.0	4690.0
148	7303.0	4690.0
149	7303.0	4690.0
150	7303.0	4690.0
151	7303.0	4690.0
152	7303.0	4690.0
153	7303.0	4690.0
154	7303.0	4690.0
155	7303.0	4690.0
156	7303.0	4690.0
157	7303.0	4709.0
158	7303.0	4709.0
159	7303.0	4709.0
160	7303.0	4797.0
161	7303.0	4709.0
162	7303.0	4709.0
163	7303.0	4709.0
164	7303.0	4709.0
165	7303.0	4709.0
166	7303.0	4709.0
167	7303.0	4709.0
168	7303.0	4709.0
169	7303.0	4709.0
170	7303.0	4709.0
171	7303.0	4709.0
172	7303.0	4709.0
173	7303.0	4709.0
174	7303.0	4709.0
175	7303.0	4709.0
176	7303.0	4709.0
177	7303.0	4709.0
178	7303.0	4709.0
179	7303.0	4709.0
180	7303.0	4837.0
181	7303.0	4709.0
182	7303.0	4815.0
183	7303.0	4815.0
184	7303.0	4815.0
185	7303.0	4815.0
186	7303.0	4815.0
187	7303.0	4815.0
188	7303.0	4815.0
189	7303.0	4815.0
190	7303.0	4815.0
191	7303.0	4815.0
192	7303.0	4815.0
193	7303.0	4815.0
194	7303.0	4815.0
195	7303.0	4815.0
196	7303.0	4815.0
197	7303.0	4815.0
198	7303.0	4815.0
199	7303.0	4815.0
200	7303.0	4873.0
201	7303.0	4815.0
202	7303.0	4815.0
203	7303.0	4815.0
204	7303.0	4815.0
205	7303.0	4815.0
206	7303.0	4815.0
207	7303.0	4815.0
208	7303.0	4815.0
209	7303.0	4815.0
210	7303.0	4815.0
211	7303.0	4815.0
212	7303.0	4815.0
213	7303.0	4815.0
214	7303.0	4815.0
215	7303.0	4815.0
216	7303.0	4815.0
217	7303.0	4815.0
218	7303.0	4815.0
219	7303.0	4815.0
220	7303.0	4873.0
221	7303.0	4825.0
222	7303.0	4825.0
223	7303.0	4825.0
224	7303.0	4825.0
225	7303.0	4825.0
226	7303.0	4825.0
227	7303.0	4825.0
228	7303.0	4825.0
229	7303.0	4825.0
230	7303.0	4825.0
231	7303.0	4825.0
232	7303.0	4825.0
233	7303.0	4825.0
234	7303.0	4825.0
235	7303.0	4825.0
236	7303.0	4825.0
237	7303.0	4825.0
238	7303.0	4825.0
239	7303.0	4825.0
240	7303.0	4941.0
241	7303.0	4825.0
242	7303.0	4825.0
243	7303.0	4825.0
244	7303.0	4825.0
245	7303.0	4825.0
246	7303.0	4825.0
247	7303.0	4825.0
248	7303.0	4825.0
249	7303.0	4825.0
250	7303.0	4825.0
251	7303.0	4825.0
252	7303.0	4825.0
253	7303.0	4825.0
254	7303.0	4837.0
255	7303.0	4837.0
256	7303.0	4837.0
257	7303.0	4837.0
258	7303.0	4837.0
259	7303.0	4837.0
260	7303.0	4876.0
261	7303.0	4837.0
262	7303.0	4837.0
263	7303.0	4837.0
264	7303.0	4837.0
265	7303.0	4837.0
266	7303.0	4837.0
267	7303.0	4837.0
268	7303.0	4837.0
269	7303.0	4837.0
270	7303.0	4837.0
271	7303.0	4837.0
272	7303.0	4837.0
273	7303.0	4837.0
274	7303.0	4837.0
275	7303.0	4837.0
276	7303.0	4837.0
277	7303.0	4937.0
278	7303.0	4949.0
279	7303.0	4949.0
280	7303.0	4967.0
281	7303.0	4949.0
282	7303.0	4949.0
283	7303.0	4949.0
284	7303.0	4949.0
285	7303.0	4949.0
286	7303.0	4949.0
287	7303.0	4949.0
288	7303.0	4949.0
289	7303.0	4949.0
290	7303.0	4949.0
291	7303.0	4949.0
292	7303.0	4949.0
293	7303.0	4949.0
294	7303.0	4949.0
295	7303.0	4949.0
296	7303.0	4949.0
297	7303.0	4949.0
298	7303.0	4949.0
299	7303.0	4949.0
300	7303.0	5072.0
301	7303.0	4949.0
302	7303.0	4949.0
303	7303.0	4949.0
304	7303.0	4949.0
305	7303.0	4949.0
306	7303.0	4949.0
307	7303.0	4949.0
308	7303.0	4949.0
309	7303.0	4949.0
310	7303.0	4949.0
311	7303.0	4949.0
312	7303.0	4949.0
313	7303.0	4949.0
314	7303.0	4949.0
315	7303.0	4949.0
316	7303.0	4949.0
317	7303.0	4949.0
318	7303.0	4949.0
319	7303.0	4949.0
320	7303.0	5032.0
321	7303.0	4949.0
322	7303.0	4949.0
323	7303.0	4949.0
324	7303.0	4949.0
325	7303.0	4949.0
326	7303.0	4949.0
327	7303.0	4949.0
328	7303.0	4949.0
329	7303.0	4949.0
330	7303.0	4949.0
331	7303.0	4949.0
332	7303.0	4949.0
333	7303.0	4949.0
334	7303.0	4949.0
335	7303.0	4949.0
336	7303.0	4949.0
337	7303.0	4949.0
338	7303.0	4949.0
339	7303.0	4949.0
340	7303.0	5129.0
341	7303.0	4949.0
342	7303.0	4949.0
343	7303.0	4949.0
344	7303.0	4949.0
345	7303.0	4949.0
346	7303.0	4949.0
347	7303.0	4949.0
348	7303.0	4949.0
349	7303.0	4949.0
350	7303.0	4949.0
351	7303.0	4949.0
352	7303.0	4949.0
353	7303.0	4949.0
354	7303.0	4949.0
355	7303.0	4949.0
356	7303.0	4949.0
357	7303.0	4949.0
358	7303.0	4949.0
359	7303.0	4949.0
360	7303.0	5109.0
361	7303.0	4949.0
362	7303.0	4949.0
363	7303.0	4949.0
364	7303.0	4949.0
365	7303.0	4949.0
366	7303.0	4949.0
367	7303.0	4949.0
368	7303.0	4949.0
369	7303.0	4949.0
370	7303.0	4949.0
371	7303.0	4949.0
372	7303.0	4949.0
373	7303.0	4949.0
374	7303.0	4949.0
375	7303.0	4949.0
376	7303.0	4949.0
377	7303.0	4949.0
378	7303.0	4949.0
379	7303.0	4949.0
380	7303.0	5122.0
381	7303.0	4949.0
382	7303.0	4949.0
383	7303.0	4949.0
384	7303.0	4949.0
385	7303.0	4949.0
386	7303.0	4949.0
387	7303.0	4949.0
388	7303.0	4949.0
389	7303.0	4949.0
390	7303.0	4949.0
391	7303.0	4949.0
392	7303.0	4949.0
393	7303.0	4949.0
394	7303.0	4949.0
395	7303.0	4949.0
396	7303.0	4949.0
397	7303.0	4949.0
398	7303.0	4949.0
399	7303.0	4949.0
400	7303.0	5129.0
401	7303.0	4988.0
402	7303.0	4988.0
403	7303.0	4988.0
404	7303.0	4988.0
405	7303.0	4988.0
406	7303.0	4988.0
407	7303.0	4988.0
408	7303.0	4988.0
409	7303.0	4988.0
410	7303.0	4988.0
411	7303.0	4988.0
412	7303.0	4988.0
413	7303.0	4988.0
414	7303.0	4988.0
415	7303.0	4988.0
416	7303.0	4988.0
417	7303.0	4988.0
418	7303.0	4988.0
419	7303.0	4988.0
420	7303.0	5158.0
421	7303.0	4988.0
422	7303.0	4988.0
423	7303.0	4988.0
424	7303.0	4988.0
425	7303.0	4988.0
426	7303.0	4988.0
427	7303.0	4988.0
428	7303.0	4988.0
429	7303.0	4988.0
430	7303.0	4988.0
431	7303.0	4988.0
432	7303.0	4988.0
433	7303.0	4988.0
434	7303.0	4988.0
435	7303.0	4988.0
436	7303.0	4988.0
437	7303.0	4988.0
438	7303.0	4988.0
439	7303.0	4988.0
440	7303.0	5166.0
441	7303.0	4988.0
442	7303.0	4988.0
443	7303.0	4988.0
444	7303.0	4988.0
445	7303.0	4988.0
446	7303.0	4988.0
447	7303.0	4988.0
448	7303.0	4988.0
449	7303.0	4988.0
450	7303.0	4988.0
451	7303.0	4988.0
452	7303.0	4988.0
453	7303.0	4988.0
454	7303.0	4988.0
455	7303.0	4988.0
456	7303.0	4988.0
457	7303.0	4988.0
458	7303.0	4988.0
459	7303.0	4988.0
460	7303.0	5158.0
461	7303.0	4988.0
462	7303.0	4988.0
463	7303.0	4988.0
464	7303.0	4988.0
465	7303.0	4988.0
466	7303.0	4988.0
467	7303.0	4988.0
468	7303.0	4988.0
469	7303.0	4988.0
470	7303.0	4988.0
471	7303.0	4988.0
472	7303.0	4988.0
473	7303.0	4988.0
474	7303.0	4988.0
475	7303.0	4988.0
476	7303.0	4988.0
477	7303.0	4988.0
478	7303.0	4988.0
479	7303.0	4988.0
480	7303.0	5158.0
481	7303.0	4988.0
482	7303.0	5129.0
483	7303.0	5129.0
484	7303.0	5129.0
485	7303.0	5129.0
486	7303.0	5129.0
487	7303.0	5129.0
488	7303.0	5129.0
489	7303.0	5129.0
490	7303.0	5129.0
491	7303.0	5129.0
492	7303.0	5129.0
493	7303.0	5129.0
494	7303.0	5129.0
495	7303.0	5129.0
496	7303.0	5129.0
497	7303.0	5129.0
498	7303.0	5129.0
499	7303.0	5129.0
500	7303.0	5234.0
501	7303.0	5129.0
502	7303.0	5129.0
503	7303.0	5129.0
504	7303.0	5129.0
505	7303.0	5129.0
506	7303.0	5129.0
507	7303.0	5129.0
508	7303.0	5129.0
509	7303.0	5129.0
510	7303.0	5129.0
511	7303.0	5129.0
512	7303.0	5129.0
513	7303.0	5129.0
514	7303.0	5129.0
515	7303.0	5129.0
516	7303.0	5129.0
517	7303.0	5129.0
518	7303.0	5129.0
519	7303.0	5129.0
520	7303.0	5240.0
521	7303.0	5129.0
522	7303.0	5129.0
523	7303.0	5129.0
524	7303.0	5129.0
525	7303.0	5129.0
526	7303.0	5129.0
527	7303.0	5129.0
528	7303.0	5129.0
529	7303.0	5129.0
530	7303.0	5129.0
531	7303.0	5129.0
532	7303.0	5129.0
533	7303.0	5129.0
534	7303.0	5129.0
535	7303.0	5129.0
536	7303.0	5129.0
537	7303.0	5129.0
538	7303.0	5129.0
539	7303.0	5129.0
540	7303.0	5129.0
541	7303.0	5129.0
542	7303.0	5129.0
543	7303.0	5129.0
544	7303.0	5129.0
545	7303.0	5129.0
546	7303.0	5129.0
547	7303.0	5129.0
548	7303.0	5129.0
549	7303.0	5129.0
550	7303.0	5129.0
551	7303.0	5129.0
552	7303.0	5129.0
553	7303.0	5129.0
554	7303.0	5129.0
555	7303.0	5129.0
556	7303.0	5129.0
557	7303.0	5129.0
558	7303.0	5129.0
559	7303.0	5129.0
560	7303.0	5148.0
561	7303.0	5129.0
562	7303.0	5129.0
563	7303.0	5129.0
564	7303.0	5129.0
565	7303.0	5129.0
566	7303.0	5129.0
567	7303.0	5129.0
568	7303.0	5129.0
569	7303.0	5129.0
570	7303.0	5129.0
571	7303.0	5129.0
572	7303.0	5129.0
573	7303.0	5129.0
574	7303.0	5129.0
575	7303.0	5129.0
576	7303.0	5129.0
577	7303.0	5129.0
578	7303.0	5129.0
579	7303.0	5129.0
580	7303.0	5129.0
581	7303.0	5129.0
582	7303.0	5129.0
583	7303.0	5129.0
584	7303.0	5129.0
585	7303.0	5129.0
586	7303.0	5129.0
587	7303.0	5129.0
588	7303.0	5129.0
589	7303.0	5129.0
590	7303.0	5129.0
591	7303.0	5129.0
592	7303.0	5129.0
593	7303.0	5129.0
594	7303.0	5129.0
595	7303.0	5129.0
596	7303.0	5129.0
597	7303.0	5129.0
598	7303.0	5129.0
599	7303.0	5129.0
600	7303.0	5240.0
601	7303.0	5129.0
602	7303.0	5129.0
603	7303.0	5129.0
604	7303.0	5129.0
605	7303.0	5129.0
606	7303.0	5129.0
607	7303.0	5129.0
608	7303.0	5129.0
609	7303.0	5129.0
610	7303.0	5129.0
611	7303.0	5129.0
612	7303.0	5129.0
613	7303.0	5129.0
614	7303.0	5129.0
615	7303.0	5129.0
616	7303.0	5129.0
617	7303.0	5129.0
618	7303.0	5129.0
619	7303.0	5129.0
620	7303.0	5129.0
621	7303.0	5129.0
622	7303.0	5129.0
623	7303.0	5129.0
624	7303.0	5129.0
625	7303.0	5129.0
626	7303.0	5129.0
627	7303.0	5129.0
628	7303.0	5129.0
629	7303.0	5129.0
630	7303.0	5129.0
631	7303.0	5129.0
632	7303.0	5129.0
633	7303.0	5129.0
634	7303.0	5129.0
635	7303.0	5129.0
636	7303.0	5129.0
637	7303.0	5129.0
638	7303.0	5129.0
639	7303.0	5129.0
640	7303.0	5242.0
641	7303.0	5129.0
642	7303.0	5129.0
643	7303.0	5129.0
644	7303.0	5129.0
645	7303.0	5129.0
646	7303.0	5129.0
647	7303.0	5129.0
648	7303.0	5129.0
649	7303.0	5129.0
650	7303.0	5129.0
651	7303.0	5129.0
652	7303.0	5129.0
653	7303.0	5129.0
654	7303.0	5129.0
655	7303.0	5129.0
656	7303.0	5129.0
657	7303.0	5129.0
658	7303.0	5129.0
659	7303.0	5129.0
660	7303.0	5275.0
661	7303.0	5129.0
662	7303.0	5129.0
663	7303.0	5129.0
664	7303.0	5129.0
665	7303.0	5129.0
666	7303.0	5129.0
667	7303.0	5129.0
668	7303.0	5129.0
669	7303.0	5129.0
670	7303.0	5129.0
671	7303.0	5129.0
672	7303.0	5129.0
673	7303.0	5129.0
674	7303.0	5129.0
675	7303.0	5129.0
676	7303.0	5129.0
677	7303.0	5129.0
678	7303.0	5129.0
679	7303.0	5129.0
680	7303.0	5302.0
681	7303.0	5129.0
682	7303.0	5129.0
683	7303.0	5129.0
684	7303.0	5129.0
685	7303.0	5129.0
686	7303.0	5129.0
687	7303.0	5129.0
688	7303.0	5129.0
689	7303.0	5129.0
690	7303.0	5129.0
691	7303.0	5129.0
692	7303.0	5129.0
693	7303.0	5129.0
694	7303.0	5129.0
695	7303.0	5129.0
696	7303.0	5129.0
697	7303.0	5129.0
698	7303.0	5129.0
699	7303.0	5129.0
700	7303.0	5243.0
701	7303.0	5129.0
702	7303.0	5129.0
703	7303.0	5129.0
704	7303.0	5129.0
705	7303.0	5129.0
706	7303.0	5129.0
707	7303.0	5129.0
708	7303.0	5129.0
709	7303.0	5129.0
710	7303.0	5129.0
711	7303.0	5129.0
712	7303.0	5129.0
713	7303.0	5129.0
714	7303.0	5129.0
715	7303.0	5129.0
716	7303.0	5129.0
717	7303.0	5129.0
718	7303.0	5129.0
719	7303.0	5129.0
720	7303.0	5322.0
721	7303.0	5129.0
722	7303.0	5129.0
723	7303.0	5129.0
724	7303.0	5129.0
725	7303.0	5129.0
726	7303.0	5129.0
727	7303.0	5129.0
728	7303.0	5129.0
729	7303.0	5129.0
730	7303.0	5129.0
731	7303.0	5129.0
732	7303.0	5129.0
733	7303.0	5129.0
734	7303.0	5129.0
735	7303.0	5129.0
736	7303.0	5129.0
737	7303.0	5129.0
738	7303.0	5129.0
739	7303.0	5129.0
740	7303.0	5392.0
741	7303.0	5129.0
742	7303.0	5129.0
743	7303.0	5129.0
744	7303.0	5129.0
745	7303.0	5129.0
746	7303.0	5129.0
747	7303.0	5129.0
748	7303.0	5196.0
749	7303.0	5196.0
750	7303.0	5196.0
751	7303.0	5196.0
752	7303.0	5196.0
753	7303.0	5196.0
754	7303.0	5196.0
755	7303.0	5196.0
756	7303.0	5196.0
757	7303.0	5196.0
758	7303.0	5196.0
759	7303.0	5196.0
760	7303.0	5397.0
761	7303.0	5196.0
762	7303.0	5196.0
763	7303.0	5196.0
764	7303.0	5196.0
765	7303.0	5196.0
766	7303.0	5196.0
767	7303.0	5196.0
768	7303.0	5196.0
769	7303.0	5196.0
770	7303.0	5196.0
771	7303.0	5196.0
772	7303.0	5196.0
773	7303.0	5196.0
774	7303.0	5196.0
775	7303.0	5196.0
776	7303.0	5196.0
777	7303.0	5196.0
778	7303.0	5196.0
779	7303.0	5196.0
780	7303.0	5196.0
781	7303.0	5196.0
782	7303.0	5196.0
783	7303.0	5196.0
784	7303.0	5196.0
785	7303.0	5196.0
786	7303.0	5196.0
787	7303.0	5196.0
788	7303.0	5196.0
789	7303.0	5196.0
790	7303.0	5196.0
791	7303.0	5196.0
792	7303.0	5196.0
793	7303.0	5196.0
794	7303.0	5196.0
795	7303.0	5196.0
796	7303.0	5196.0
797	7303.0	5196.0
798	7303.0	5196.0
799	7303.0	5196.0
800	7303.0	5329.0
801	7303.0	5196.0
802	7303.0	5196.0
803	7303.0	5196.0
804	7303.0	5196.0
805	7303.0	5196.0
806	7303.0	5196.0
807	7303.0	5196.0
808	7303.0	5196.0
809	7303.0	5196.0
810	7303.0	5196.0
811	7303.0	5196.0
812	7303.0	5196.0
813	7303.0	5196.0
814	7303.0	5196.0
815	7303.0	5196.0
816	7303.0	5196.0
817	7303.0	5196.0
818	7303.0	5196.0
819	7303.0	5196.0
820	7303.0	5196.0
821	7303.0	5196.0
822	7303.0	5196.0
823	7303.0	5196.0
824	7303.0	5196.0
825	7303.0	5196.0
826	7303.0	5196.0
827	7303.0	5196.0
828	7303.0	5196.0
829	7303.0	5196.0
830	7303.0	5196.0
831	7303.0	5196.0
832	7303.0	5196.0
833	7303.0	5196.0
834	7303.0	5196.0
835	7303.0	5196.0
836	7303.0	5196.0
837	7303.0	5196.0
838	7303.0	5196.0
839	7303.0	5196.0
840	7303.0	5242.0
841	7303.0	5196.0
842	7303.0	5196.0
843	7303.0	5196.0
844	7303.0	5196.0
845	7303.0	5196.0
846	7303.0	5196.0
847	7303.0	5196.0
848	7303.0	5196.0
849	7303.0	5196.0
850	7303.0	5196.0
851	7303.0	5196.0
852	7303.0	5196.0
853	7303.0	5196.0
854	7303.0	5196.0
855	7303.0	5196.0
856	7303.0	5196.0
857	7303.0	5196.0
858	7303.0	5196.0
859	7303.0	5196.0
860	7303.0	5360.0
861	7303.0	5196.0
862	7303.0	5196.0
863	7303.0	5196.0
864	7303.0	5196.0
865	7303.0	5196.0
866	7303.0	5196.0
867	7303.0	5196.0
868	7303.0	5196.0
869	7303.0	5196.0
870	7303.0	5196.0
871	7303.0	5242.0
872	7303.0	5242.0
873	7303.0	5242.0
874	7303.0	5242.0
875	7303.0	5242.0
876	7303.0	5242.0
877	7303.0	5242.0
878	7303.0	5242.0
879	7303.0	5242.0
880	7303.0	5350.0
881	7303.0	5242.0
882	7303.0	5242.0
883	7303.0	5242.0
884	7303.0	5242.0
885	7303.0	5242.0
886	7303.0	5242.0
887	7303.0	5242.0
888	7303.0	5242.0
889	7303.0	5242.0
890	7303.0	5242.0
891	7303.0	5242.0
892	7303.0	5242.0
893	7303.0	5242.0
894	7303.0	5242.0
895	7303.0	5242.0
896	7303.0	5242.0
897	7303.0	5242.0
898	7303.0	5242.0
899	7303.0	5242.0
900	7303.0	5431.0
901	7303.0	5242.0
902	7303.0	5242.0
903	7303.0	5242.0
904	7303.0	5242.0
905	7303.0	5242.0
906	7303.0	5242.0
907	7303.0	5242.0
908	7303.0	5242.0
909	7303.0	5242.0
910	7303.0	5242.0
911	7303.0	5242.0
912	7303.0	5242.0
913	7303.0	5242.0
914	7303.0	5242.0
915	7303.0	5242.0
916	7303.0	5242.0
917	7303.0	5242.0
918	7303.0	5242.0
919	7303.0	5242.0
920	7303.0	5468.0
921	7303.0	5242.0
922	7303.0	5242.0
923	7303.0	5242.0
924	7303.0	5242.0
925	7303.0	5242.0
926	7303.0	5242.0
927	7303.0	5242.0
928	7303.0	5242.0
929	7303.0	5242.0
930	7303.0	5242.0
931	7303.0	5242.0
932	7303.0	5242.0
933	7303.0	5242.0
934	7303.0	5242.0
935	7303.0	5242.0
936	7303.0	5242.0
937	7303.0	5242.0
938	7303.0	5242.0
939	7303.0	5242.0
940	7303.0	5355.0
941	7303.0	5242.0
942	7303.0	5242.0
943	7303.0	5242.0
944	7303.0	5242.0
945	7303.0	5355.0
946	7303.0	5355.0
947	7303.0	5355.0
948	7303.0	5355.0
949	7303.0	5355.0
950	7303.0	5355.0
951	7303.0	5355.0
952	7303.0	5355.0
953	7303.0	5355.0
954	7303.0	5355.0
955	7303.0	5355.0
956	7303.0	5355.0
957	7303.0	5355.0
958	7303.0	5355.0
959	7303.0	5355.0
960	7303.0	5360.0
961	7303.0	5355.0
962	7303.0	5355.0
963	7303.0	5355.0
964	7303.0	5355.0
965	7303.0	5355.0
966	7303.0	5355.0
967	7303.0	5355.0
968	7303.0	5355.0
969	7361.0	5355.0
970	7361.0	5355.0
971	7361.0	5355.0
972	7361.0	5355.0
973	7361.0	5355.0
974	7361.0	5355.0
975	7361.0	5355.0
976	7361.0	5355.0
977	7361.0	5355.0
978	7361.0	5355.0
979	7361.0	5355.0
980	7361.0	5449.0
981	7361.0	5355.0
982	7361.0	5355.0
983	7361.0	5355.0
984	7361.0	5355.0
985	7361.0	5355.0
986	7361.0	5355.0
987	7361.0	5355.0
988	7361.0	5355.0
989	7361.0	5355.0
990	7361.0	5355.0
991	7361.0	5355.0
992	7361.0	5355.0
993	7361.0	5355.0
994	7361.0	5355.0
995	7361.0	5355.0
996	7361.0	5355.0
997	7361.0	5355.0
998	7361.0	5355.0
999	7361.0	5355.0
1000	7361.0	5360.0
