0	6119.0	1918.0
1	6119.0	2378.0
2	6119.0	2676.0
3	6488.0	2834.0
4	6795.0	3046.0
5	6795.0	3222.0
6	6813.0	3239.0
7	6813.0	3340.0
8	6924.0	3340.0
9	6924.0	3490.0
10	6924.0	3533.0
11	6924.0	3533.0
12	6924.0	3605.0
13	6924.0	3605.0
14	6924.0	3605.0
15	6970.0	3605.0
16	6970.0	3738.0
17	6970.0	3738.0
18	6970.0	3738.0
19	6970.0	3843.0
20	6970.0	4072.0
21	6970.0	3843.0
22	6970.0	3843.0
23	6970.0	3843.0
24	6970.0	3860.0
25	6970.0	3860.0
26	6970.0	3992.0
27	6970.0	3992.0
28	6970.0	3992.0
29	6970.0	3992.0
30	6970.0	3992.0
31	6970.0	3992.0
32	6970.0	3992.0
33	6970.0	3992.0
34	6970.0	3992.0
35	6970.0	3992.0
36	6970.0	3992.0
37	6970.0	4044.0
38	6970.0	4157.0
39	6970.0	4157.0
40	6970.0	4278.0
41	6970.0	4157.0
42	6970.0	4157.0
43	6970.0	4157.0
44	6970.0	4157.0
45	6970.0	4157.0
46	6970.0	4157.0
47	6970.0	4157.0
48	6970.0	4157.0
49	6970.0	4157.0
50	6970.0	4157.0
51	6970.0	4204.0
52	6970.0	4204.0
53	6970.0	4204.0
54	6970.0	4204.0
55	6970.0	4256.0
56	6970.0	4256.0
57	6970.0	4256.0
58	6970.0	4256.0
59	6970.0	4256.0
60	6970.0	4418.0
61	6970.0	4256.0
62	6970.0	4256.0
63	6970.0	4256.0
64	6970.0	4256.0
65	6970.0	4284.0
66	6970.0	4284.0
67	6970.0	4284.0
68	6970.0	4284.0
69	6970.0	4284.0
70	6970.0	4284.0
71	6970.0	4284.0
72	6970.0	4345.0
73	6970.0	4345.0
74	6970.0	4345.0
75	6970.0	4345.0
76	6970.0	4345.0
77	6970.0	4345.0
78	6970.0	4345.0
79	6970.0	4345.0
80	6970.0	4563.0
81	6970.0	4345.0
82	6970.0	4345.0
83	6970.0	4345.0
84	6970.0	4345.0
85	6970.0	4345.0
86	6970.0	4345.0
87	6970.0	4345.0
88	6970.0	4416.0
89	6970.0	4416.0
90	6970.0	4416.0
91	6970.0	4416.0
92	6970.0	4445.0
93	6970.0	4445.0
94	6970.0	4445.0
95	6970.0	4445.0
96	6970.0	4445.0
97	6970.0	4445.0
98	6970.0	4445.0
99	6970.0	4445.0
100	6970.0	4527.0
101	6970.0	4445.0
102	6970.0	4445.0
103	6970.0	4445.0
104	6970.0	4445.0
105	6970.0	4445.0
106	6970.0	4445.0
107	6970.0	4445.0
108	6970.0	4445.0
109	6970.0	4445.0
110	6970.0	4445.0
111	6970.0	4445.0
112	6970.0	4445.0
113	6970.0	4445.0
114	6970.0	4445.0
115	6970.0	4445.0
116	6970.0	4445.0
117	6970.0	4445.0
118	6970.0	4445.0
119	6970.0	4633.0
120	6970.0	4758.0
121	6970.0	4633.0
122	6970.0	4633.0
123	6970.0	4633.0
124	6970.0	4633.0
125	6970.0	4633.0
126	6970.0	4633.0
127	6970.0	4633.0
128	6970.0	4633.0
129	6970.0	4633.0
130	6970.0	4633.0
131	6970.0	4633.0
132	6970.0	4633.0
133	6970.0	4633.0
134	6970.0	4633.0
135	6970.0	4633.0
136	6970.0	4644.0
137	6970.0	4644.0
138	6970.0	4644.0
139	6970.0	4644.0
140	6970.0	4675.0
141	6970.0	4644.0
142	6970.0	4644.0
143	6970.0	4644.0
144	6970.0	4644.0
145	6970.0	4644.0
146	6970.0	4644.0
147	6970.0	4644.0
148	6970.0	4644.0
149	6970.0	4644.0
150	6970.0	4644.0
151	6970.0	4644.0
152	6970.0	4644.0
153	6970.0	4644.0
154	6970.0	4644.0
155	6970.0	4644.0
156	6970.0	4644.0
157	6970.0	4644.0
158	6970.0	4644.0
159	6970.0	4644.0
160	6970.0	4797.0
161	6970.0	4644.0
162	6970.0	4644.0
163	6970.0	4644.0
164	6970.0	4644.0
165	6970.0	4644.0
166	6970.0	4644.0
167	6970.0	4644.0
168	6970.0	4644.0
169	6970.0	4758.0
170	6970.0	4758.0
171	6970.0	4758.0
172	6970.0	4758.0
173	6970.0	4758.0
174	6970.0	4758.0
175	6988.0	4758.0
176	6988.0	4758.0
177	6988.0	4758.0
178	6988.0	4774.0
179	6988.0	4774.0
180	6988.0	4818.0
181	6988.0	4774.0
182	6988.0	4774.0
183	6988.0	4774.0
184	6988.0	4774.0
185	6988.0	4774.0
186	6988.0	4774.0
187	6988.0	4774.0
188	6988.0	4774.0
189	6988.0	4774.0
190	6988.0	4797.0
191	6988.0	4797.0
192	6988.0	4799.0
193	6988.0	4799.0
194	6988.0	4799.0
195	6988.0	4799.0
196	6988.0	4799.0
197	6988.0	4799.0
198	6988.0	4799.0
199	6988.0	4799.0
200	6988.0	4843.0
201	6988.0	4799.0
202	6988.0	4799.0
203	6988.0	4799.0
204	6988.0	4799.0
205	6988.0	4799.0
206	6988.0	4799.0
207	6988.0	4799.0
208	6988.0	4799.0
209	6988.0	4799.0
210	6988.0	4799.0
211	6988.0	4799.0
212	6988.0	4799.0
213	6988.0	4799.0
214	6988.0	4830.0
215	6988.0	4830.0
216	6988.0	4830.0
217	6988.0	4830.0
218	6988.0	4830.0
219	6988.0	4830.0
220	6988.0	4918.0
221	6988.0	4830.0
222	6988.0	4830.0
223	6988.0	4830.0
224	6988.0	4830.0
225	6988.0	4830.0
226	6988.0	4830.0
227	6988.0	4830.0
228	6988.0	4830.0
229	6988.0	4830.0
230	6988.0	4830.0
231	6988.0	4830.0
232	6988.0	4830.0
233	6988.0	4830.0
234	6988.0	4830.0
235	6988.0	4830.0
236	6988.0	4830.0
237	6988.0	4830.0
238	6988.0	4830.0
239	6988.0	4830.0
240	6988.0	4907.0
241	6988.0	4830.0
242	6988.0	4830.0
243	6988.0	4830.0
244	6988.0	4830.0
245	6988.0	4830.0
246	6988.0	4830.0
247	6988.0	4830.0
248	6988.0	4830.0
249	6988.0	4830.0
250	6988.0	4830.0
251	6988.0	4830.0
252	6988.0	4830.0
253	6988.0	4830.0
254	6988.0	4830.0
255	6988.0	4830.0
256	6988.0	4830.0
257	6988.0	4830.0
258	6988.0	4830.0
259	6988.0	4830.0
260	6988.0	4939.0
261	6988.0	4830.0
262	6988.0	4830.0
263	6988.0	4830.0
264	6988.0	4830.0
265	6988.0	4830.0
266	6988.0	4830.0
267	6988.0	4830.0
268	6988.0	4830.0
269	6988.0	4907.0
270	6988.0	4907.0
271	6988.0	4907.0
272	6988.0	4907.0
273	6988.0	4907.0
274	6988.0	4907.0
275	6988.0	4907.0
276	6988.0	4907.0
277	6988.0	4907.0
278	6988.0	4921.0
279	6988.0	4921.0
280	6988.0	4939.0
281	6988.0	4921.0
282	6988.0	4921.0
283	6988.0	4921.0
284	6988.0	4921.0
285	6988.0	4921.0
286	6988.0	4921.0
287	6988.0	4921.0
288	6988.0	4921.0
289	6988.0	4921.0
290	6988.0	4921.0
291	6988.0	4921.0
292	6988.0	4921.0
293	6988.0	4921.0
294	6988.0	4921.0
295	6988.0	4941.0
296	6988.0	4941.0
297	6988.0	4941.0
298	7286.0	4941.0
299	7286.0	4941.0
300	7286.0	5021.0
301	7286.0	4941.0
302	7286.0	4941.0
303	7286.0	4941.0
304	7286.0	4941.0
305	7286.0	4941.0
306	7286.0	4941.0
307	7286.0	4941.0
308	7286.0	4941.0
309	7286.0	4941.0
310	7286.0	4941.0
311	7286.0	4941.0
312	7286.0	4941.0
313	7286.0	4941.0
314	7286.0	4941.0
315	7286.0	4941.0
316	7286.0	4941.0
317	7286.0	4941.0
318	7286.0	4941.0
319	7286.0	4941.0
320	7286.0	4948.0
321	7286.0	4941.0
322	7286.0	4941.0
323	7286.0	4941.0
324	7286.0	4941.0
325	7286.0	4941.0
326	7286.0	4941.0
327	7286.0	4941.0
328	7286.0	4941.0
329	7286.0	4954.0
330	7286.0	4954.0
331	7286.0	4954.0
332	7286.0	4954.0
333	7286.0	4954.0
334	7286.0	4954.0
335	7286.0	4954.0
336	7286.0	4975.0
337	7286.0	4975.0
338	7286.0	4975.0
339	7286.0	4975.0
340	7286.0	5123.0
341	7286.0	4975.0
342	7286.0	4975.0
343	7286.0	4975.0
344	7286.0	4975.0
345	7286.0	4975.0
346	7286.0	4975.0
347	7286.0	4975.0
348	7286.0	4975.0
349	7286.0	4975.0
350	7286.0	4975.0
351	7286.0	4975.0
352	7286.0	4975.0
353	7286.0	4975.0
354	7286.0	4975.0
355	7286.0	4975.0
356	7286.0	4975.0
357	7286.0	4975.0
358	7286.0	4975.0
359	7286.0	4975.0
360	7286.0	5051.0
361	7286.0	4975.0
362	7286.0	4975.0
363	7286.0	4975.0
364	7286.0	4975.0
365	7286.0	4975.0
366	7286.0	4975.0
367	7286.0	4975.0
368	7286.0	4975.0
369	7286.0	4975.0
370	7286.0	4975.0
371	7286.0	4975.0
372	7286.0	4975.0
373	7286.0	4975.0
374	7286.0	4975.0
375	7286.0	4975.0
376	7286.0	4975.0
377	7286.0	4975.0
378	7286.0	4975.0
379	7286.0	4975.0
380	7286.0	5132.0
381	7286.0	4975.0
382	7286.0	4975.0
383	7286.0	4975.0
384	7286.0	4975.0
385	7286.0	4975.0
386	7286.0	4975.0
387	7286.0	4975.0
388	7286.0	4975.0
389	7286.0	4975.0
390	7286.0	4975.0
391	7286.0	4975.0
392	7286.0	4975.0
393	7286.0	4975.0
394	7286.0	4975.0
395	7286.0	4975.0
396	7286.0	4975.0
397	7286.0	4975.0
398	7286.0	4975.0
399	7286.0	4975.0
400	7286.0	4975.0
401	7286.0	4975.0
402	7286.0	4975.0
403	7286.0	4975.0
404	7286.0	4975.0
405	7286.0	4975.0
406	7286.0	4975.0
407	7286.0	4975.0
408	7286.0	5051.0
409	7286.0	5051.0
410	7286.0	5051.0
411	7286.0	5051.0
412	7286.0	5051.0
413	7286.0	5051.0
414	7286.0	5051.0
415	7286.0	5051.0
416	7286.0	5051.0
417	7286.0	5051.0
418	7286.0	5051.0
419	7286.0	5051.0
420	7286.0	5147.0
421	7286.0	5051.0
422	7286.0	5051.0
423	7286.0	5051.0
424	7286.0	5051.0
425	7286.0	5051.0
426	7286.0	5051.0
427	7286.0	5051.0
428	7286.0	5051.0
429	7286.0	5127.0
430	7286.0	5127.0
431	7286.0	5127.0
432	7286.0	5127.0
433	7286.0	5127.0
434	7286.0	5127.0
435	7286.0	5127.0
436	7286.0	5127.0
437	7286.0	5127.0
438	7286.0	5127.0
439	7286.0	5127.0
440	7286.0	5179.0
441	7286.0	5127.0
442	7286.0	5127.0
443	7286.0	5127.0
444	7286.0	5127.0
445	7286.0	5127.0
446	7286.0	5127.0
447	7286.0	5127.0
448	7286.0	5127.0
449	7286.0	5127.0
450	7286.0	5127.0
451	7286.0	5127.0
452	7286.0	5127.0
453	7286.0	5127.0
454	7286.0	5141.0
455	7286.0	5141.0
456	7286.0	5149.0
457	7286.0	5149.0
458	7286.0	5149.0
459	7286.0	5149.0
460	7286.0	5172.0
461	7286.0	5149.0
462	7286.0	5149.0
463	7286.0	5149.0
464	7286.0	5149.0
465	7286.0	5149.0
466	7286.0	5149.0
467	7286.0	5149.0
468	7286.0	5149.0
469	7286.0	5149.0
470	7286.0	5149.0
471	7286.0	5149.0
472	7286.0	5149.0
473	7286.0	5149.0
474	7286.0	5149.0
475	7286.0	5149.0
476	7286.0	5149.0
477	7286.0	5149.0
478	7286.0	5149.0
479	7286.0	5149.0
480	7286.0	5180.0
481	7286.0	5149.0
482	7286.0	5149.0
483	7286.0	5149.0
484	7286.0	5149.0
485	7286.0	5149.0
486	7286.0	5149.0
487	7286.0	5149.0
488	7286.0	5149.0
489	7286.0	5149.0
490	7286.0	5149.0
491	7286.0	5149.0
492	7286.0	5149.0
493	7286.0	5149.0
494	7286.0	5149.0
495	7286.0	5149.0
496	7286.0	5149.0
497	7286.0	5149.0
498	7286.0	5149.0
499	7286.0	5149.0
500	7286.0	5220.0
501	7286.0	5149.0
502	7286.0	5149.0
503	7286.0	5149.0
504	7286.0	5149.0
505	7286.0	5149.0
506	7286.0	5155.0
507	7286.0	5155.0
508	7286.0	5155.0
509	7286.0	5155.0
510	7286.0	5155.0
511	7286.0	5155.0
512	7286.0	5155.0
513	7286.0	5155.0
514	7286.0	5155.0
515	7286.0	5155.0
516	7286.0	5155.0
517	7286.0	5155.0
518	7286.0	5155.0
519	7286.0	5155.0
520	7286.0	5199.0
521	7286.0	5155.0
522	7286.0	5155.0
523	7286.0	5155.0
524	7286.0	5155.0
525	7286.0	5155.0
526	7286.0	5155.0
527	7286.0	5155.0
528	7286.0	5155.0
529	7286.0	5155.0
530	7286.0	5155.0
531	7286.0	5155.0
532	7286.0	5155.0
533	7286.0	5155.0
534	7286.0	5155.0
535	7286.0	5155.0
536	7286.0	5155.0
537	7286.0	5155.0
538	7286.0	5155.0
539	7286.0	5155.0
540	7286.0	5155.0
541	7286.0	5155.0
542	7286.0	5155.0
543	7286.0	5155.0
544	7286.0	5155.0
545	7286.0	5155.0
546	7286.0	5155.0
547	7286.0	5155.0
548	7286.0	5155.0
549	7286.0	5155.0
550	7286.0	5155.0
551	7286.0	5155.0
552	7286.0	5155.0
553	7286.0	5155.0
554	8297.0	5155.0
555	8297.0	5155.0
556	8297.0	5155.0
557	8297.0	5155.0
558	8297.0	5155.0
559	8297.0	5155.0
560	8297.0	5180.0
561	8297.0	5155.0
562	8297.0	5155.0
563	8297.0	5155.0
564	8297.0	5155.0
565	8297.0	5155.0
566	8297.0	5155.0
567	8297.0	5155.0
568	8297.0	5155.0
569	8297.0	5155.0
570	8297.0	5155.0
571	8297.0	5155.0
572	8297.0	5155.0
573	8297.0	5155.0
574	8297.0	5155.0
575	8297.0	5155.0
576	8297.0	5155.0
577	8297.0	5155.0
578	8297.0	5155.0
579	8297.0	5155.0
580	8297.0	5355.0
581	8297.0	5155.0
582	8297.0	5155.0
583	8297.0	5155.0
584	8297.0	5155.0
585	8297.0	5155.0
586	8297.0	5155.0
587	8297.0	5155.0
588	8297.0	5155.0
589	8297.0	5155.0
590	8297.0	5155.0
591	8297.0	5155.0
592	8297.0	5155.0
593	8297.0	5155.0
594	8297.0	5155.0
595	8297.0	5155.0
596	8297.0	5155.0
597	8297.0	5155.0
598	8297.0	5155.0
599	8297.0	5155.0
600	8297.0	5271.0
601	8297.0	5155.0
602	8297.0	5155.0
603	8297.0	5155.0
604	8297.0	5155.0
605	8297.0	5155.0
606	8297.0	5155.0
607	8297.0	5155.0
608	8297.0	5155.0
609	8297.0	5155.0
610	8297.0	5155.0
611	8297.0	5155.0
612	8297.0	5155.0
613	8297.0	5155.0
614	8297.0	5155.0
615	8297.0	5155.0
616	8297.0	5155.0
617	8297.0	5155.0
618	8297.0	5155.0
619	8297.0	5155.0
620	8297.0	5241.0
621	8297.0	5155.0
622	8297.0	5155.0
623	8297.0	5155.0
624	8297.0	5155.0
625	8297.0	5155.0
626	8297.0	5155.0
627	8297.0	5155.0
628	8297.0	5155.0
629	8297.0	5155.0
630	8297.0	5155.0
631	8297.0	5155.0
632	8297.0	5155.0
633	8297.0	5155.0
634	8297.0	5155.0
635	8297.0	5155.0
636	8297.0	5155.0
637	8297.0	5155.0
638	8297.0	5155.0
639	8297.0	5155.0
640	8297.0	5386.0
641	8297.0	5155.0
642	8297.0	5155.0
643	8297.0	5155.0
644	8297.0	5155.0
645	8297.0	5155.0
646	8297.0	5155.0
647	8297.0	5155.0
648	8297.0	5155.0
649	8297.0	5155.0
650	8297.0	5155.0
651	8297.0	5155.0
652	8297.0	5155.0
653	8297.0	5155.0
654	8297.0	5155.0
655	8297.0	5155.0
656	8297.0	5155.0
657	8297.0	5155.0
658	8297.0	5155.0
659	8297.0	5155.0
660	8297.0	5220.0
661	8297.0	5155.0
662	8297.0	5155.0
663	8297.0	5155.0
664	8297.0	5155.0
665	8297.0	5155.0
666	8297.0	5155.0
667	8297.0	5155.0
668	8297.0	5155.0
669	8297.0	5155.0
670	8297.0	5155.0
671	8297.0	5155.0
672	8297.0	5155.0
673	8297.0	5155.0
674	8297.0	5155.0
675	8297.0	5155.0
676	8297.0	5155.0
677	8297.0	5155.0
678	8297.0	5155.0
679	8297.0	5155.0
680	8297.0	5360.0
681	8297.0	5155.0
682	8297.0	5155.0
683	8297.0	5155.0
684	8297.0	5155.0
685	8297.0	5155.0
686	8297.0	5155.0
687	8297.0	5155.0
688	8297.0	5155.0
689	8297.0	5155.0
690	8297.0	5155.0
691	8297.0	5155.0
692	8297.0	5155.0
693	8297.0	5155.0
694	8297.0	5155.0
695	8297.0	5155.0
696	8297.0	5155.0
697	8297.0	5155.0
698	8297.0	5155.0
699	8297.0	5155.0
700	8297.0	5217.0
701	8297.0	5155.0
702	8297.0	5155.0
703	8297.0	5155.0
704	8297.0	5155.0
705	8297.0	5155.0
706	8297.0	5155.0
707	8297.0	5155.0
708	8297.0	5155.0
709	8297.0	5155.0
710	8297.0	5155.0
711	8297.0	5155.0
712	8297.0	5155.0
713	8297.0	5155.0
714	8297.0	5155.0
715	8297.0	5155.0
716	8297.0	5155.0
717	8297.0	5155.0
718	8297.0	5155.0
719	8297.0	5155.0
720	8297.0	5386.0
721	8297.0	5155.0
722	8297.0	5155.0
723	8297.0	5155.0
724	8297.0	5155.0
725	8297.0	5155.0
726	8297.0	5155.0
727	8297.0	5155.0
728	8297.0	5155.0
729	8297.0	5155.0
730	8297.0	5155.0
731	8297.0	5155.0
732	8297.0	5155.0
733	8297.0	5155.0
734	8297.0	5155.0
735	8297.0	5155.0
736	8297.0	5155.0
737	8297.0	5155.0
738	8297.0	5155.0
739	8297.0	5155.0
740	8297.0	5321.0
741	8297.0	5155.0
742	8297.0	5155.0
743	8297.0	5155.0
744	8297.0	5155.0
745	8297.0	5155.0
746	8297.0	5155.0
747	8297.0	5155.0
748	8297.0	5155.0
749	8297.0	5155.0
750	8297.0	5155.0
751	8297.0	5155.0
752	8297.0	5155.0
753	8297.0	5155.0
754	8297.0	5155.0
755	8297.0	5155.0
756	8297.0	5155.0
757	8297.0	5155.0
758	8297.0	5155.0
759	8297.0	5155.0
760	8297.0	5241.0
761	8297.0	5155.0
762	8297.0	5155.0
763	8297.0	5155.0
764	8297.0	5155.0
765	8297.0	5155.0
766	8297.0	5155.0
767	8297.0	5155.0
768	8297.0	5155.0
769	8297.0	5155.0
770	8297.0	5155.0
771	8297.0	5155.0
772	8297.0	5155.0
773	8297.0	5155.0
774	8297.0	5155.0
775	8297.0	5155.0
776	8297.0	5155.0
777	8297.0	5155.0
778	8297.0	5155.0
779	8297.0	5155.0
780	8297.0	5321.0
781	8297.0	5155.0
782	8297.0	5155.0
783	8297.0	5155.0
784	8297.0	5155.0
785	8297.0	5155.0
786	8297.0	5155.0
787	8297.0	5155.0
788	8297.0	5155.0
789	8297.0	5155.0
790	8297.0	5155.0
791	8297.0	5155.0
792	8297.0	5155.0
793	8297.0	5155.0
794	8297.0	5155.0
795	8297.0	5155.0
796	8297.0	5155.0
797	8297.0	5155.0
798	8297.0	5155.0
799	8297.0	5155.0
800	8297.0	5282.0
801	8297.0	5155.0
802	8297.0	5155.0
803	8297.0	5155.0
804	8297.0	5155.0
805	8297.0	5155.0
806	8297.0	5155.0
807	8297.0	5155.0
808	8297.0	5155.0
809	8297.0	5155.0
810	8297.0	5155.0
811	8297.0	5155.0
812	8297.0	5155.0
813	8297.0	5155.0
814	8297.0	5155.0
815	8297.0	5155.0
816	8297.0	5155.0
817	8297.0	5155.0
818	8297.0	5217.0
819	8297.0	5217.0
820	8297.0	5425.0
821	8297.0	5217.0
822	8297.0	5217.0
823	8297.0	5217.0
824	8297.0	5217.0
825	8297.0	5217.0
826	8297.0	5217.0
827	8297.0	5217.0
828	8297.0	5217.0
829	8297.0	5217.0
830	8297.0	5217.0
831	8297.0	5217.0
832	8297.0	5217.0
833	8297.0	5217.0
834	8297.0	5217.0
835	8297.0	5217.0
836	8297.0	5217.0
837	8297.0	5217.0
838	8297.0	5217.0
839	8297.0	5217.0
840	8297.0	5225.0
841	8297.0	5217.0
842	8297.0	5217.0
843	8297.0	5217.0
844	8297.0	5217.0
845	8297.0	5217.0
846	8297.0	5217.0
847	8297.0	5217.0
848	8297.0	5217.0
849	8297.0	5217.0
850	8297.0	5217.0
851	8297.0	5217.0
852	8297.0	5217.0
853	8297.0	5217.0
854	8297.0	5217.0
855	8297.0	5217.0
856	8297.0	5217.0
857	8297.0	5217.0
858	8297.0	5217.0
859	8297.0	5217.0
860	8297.0	5321.0
861	8297.0	5217.0
862	8297.0	5217.0
863	8297.0	5217.0
864	8297.0	5217.0
865	8297.0	5217.0
866	8297.0	5217.0
867	8297.0	5217.0
868	8297.0	5217.0
869	8297.0	5217.0
870	8297.0	5217.0
871	8297.0	5217.0
872	8297.0	5217.0
873	8297.0	5217.0
874	8297.0	5217.0
875	8297.0	5217.0
876	8297.0	5217.0
877	8297.0	5217.0
878	8297.0	5217.0
879	8297.0	5217.0
880	8297.0	5360.0
881	8297.0	5217.0
882	8297.0	5217.0
883	8297.0	5217.0
884	8297.0	5217.0
885	8297.0	5217.0
886	8297.0	5217.0
887	8297.0	5217.0
888	8297.0	5217.0
889	8297.0	5217.0
890	8297.0	5217.0
891	8297.0	5217.0
892	8297.0	5217.0
893	8297.0	5217.0
894	8297.0	5217.0
895	8297.0	5217.0
896	8297.0	5217.0
897	8297.0	5217.0
898	8297.0	5217.0
899	8297.0	5217.0
900	8297.0	5430.0
901	8297.0	5217.0
902	8297.0	5217.0
903	8297.0	5217.0
904	8297.0	5217.0
905	8297.0	5217.0
906	8297.0	5217.0
907	8297.0	5217.0
908	8297.0	5217.0
909	8297.0	5217.0
910	8297.0	5217.0
911	8297.0	5217.0
912	8297.0	5217.0
913	8297.0	5217.0
914	8297.0	5217.0
915	8297.0	5217.0
916	8297.0	5217.0
917	8297.0	5217.0
918	8297.0	5217.0
919	8297.0	5217.0
920	8297.0	5321.0
921	8297.0	5217.0
922	8297.0	5217.0
923	8297.0	5217.0
924	8297.0	5217.0
925	8297.0	5217.0
926	8297.0	5217.0
927	8297.0	5217.0
928	8297.0	5217.0
929	8297.0	5217.0
930	8297.0	5217.0
931	8297.0	5217.0
932	8297.0	5217.0
933	8297.0	5217.0
934	8297.0	5217.0
935	8297.0	5217.0
936	8297.0	5217.0
937	8297.0	5217.0
938	8297.0	5217.0
939	8297.0	5217.0
940	8297.0	5462.0
941	8297.0	5217.0
942	8297.0	5217.0
943	8297.0	5217.0
944	8297.0	5217.0
945	8297.0	5217.0
946	8297.0	5217.0
947	8297.0	5217.0
948	8297.0	5217.0
949	8297.0	5217.0
950	8297.0	5217.0
951	8297.0	5217.0
952	8297.0	5217.0
953	8297.0	5217.0
954	8297.0	5217.0
955	8297.0	5217.0
956	8297.0	5217.0
957	8297.0	5217.0
958	8297.0	5217.0
959	8297.0	5217.0
960	8297.0	5321.0
961	8297.0	5220.0
962	8297.0	5220.0
963	8297.0	5220.0
964	8297.0	5220.0
965	8297.0	5220.0
966	8297.0	5220.0
967	8297.0	5220.0
968	8297.0	5220.0
969	8297.0	5220.0
970	8297.0	5220.0
971	8297.0	5220.0
972	8297.0	5220.0
973	8297.0	5220.0
974	8297.0	5220.0
975	8297.0	5220.0
976	8297.0	5220.0
977	8297.0	5220.0
978	8297.0	5220.0
979	8297.0	5220.0
980	8297.0	5425.0
981	8297.0	5220.0
982	8297.0	5220.0
983	8297.0	5220.0
984	8297.0	5220.0
985	8297.0	5220.0
986	8297.0	5220.0
987	8297.0	5220.0
988	8297.0	5220.0
989	8297.0	5220.0
990	8297.0	5220.0
991	8297.0	5220.0
992	8297.0	5220.0
993	8297.0	5220.0
994	8297.0	5220.0
995	8297.0	5220.0
996	8297.0	5220.0
997	8297.0	5220.0
998	8297.0	5220.0
999	8297.0	5220.0
1000	8297.0	5220.0
