0	5739.0	1632.0
1	6245.0	2105.0
2	6245.0	2333.0
3	6862.0	2886.0
4	6862.0	3004.0
5	6862.0	3183.0
6	6862.0	3275.0
7	6862.0	3275.0
8	6862.0	3404.0
9	6862.0	3451.0
10	6862.0	3534.0
11	6862.0	3608.0
12	6862.0	3608.0
13	6862.0	3608.0
14	6862.0	3608.0
15	6862.0	3797.0
16	6862.0	3809.0
17	6862.0	3809.0
18	6862.0	3809.0
19	6862.0	3809.0
20	6862.0	3809.0
21	6862.0	3901.0
22	6862.0	3901.0
23	6862.0	3901.0
24	6862.0	3901.0
25	6862.0	3901.0
26	6862.0	3901.0
27	6862.0	3901.0
28	6862.0	3901.0
29	6862.0	3973.0
30	6862.0	3999.0
31	6862.0	3999.0
32	6862.0	3999.0
33	6862.0	3999.0
34	6862.0	3999.0
35	6862.0	3999.0
36	6862.0	4077.0
37	6862.0	4130.0
38	6862.0	4131.0
39	6862.0	4131.0
40	6862.0	4307.0
41	6862.0	4131.0
42	6862.0	4131.0
43	6862.0	4131.0
44	6862.0	4131.0
45	6862.0	4131.0
46	6862.0	4182.0
47	6862.0	4182.0
48	6862.0	4182.0
49	6862.0	4182.0
50	6862.0	4182.0
51	6862.0	4182.0
52	6862.0	4182.0
53	6862.0	4182.0
54	6862.0	4182.0
55	6862.0	4221.0
56	6862.0	4221.0
57	6862.0	4221.0
58	6862.0	4221.0
59	6862.0	4221.0
60	6862.0	4513.0
61	6862.0	4221.0
62	6862.0	4221.0
63	6862.0	4221.0
64	6862.0	4221.0
65	6862.0	4284.0
66	6862.0	4284.0
67	6862.0	4284.0
68	6862.0	4284.0
69	6862.0	4284.0
70	6862.0	4284.0
71	6862.0	4284.0
72	6862.0	4284.0
73	6862.0	4284.0
74	6862.0	4284.0
75	6862.0	4284.0
76	6862.0	4284.0
77	6862.0	4374.0
78	6862.0	4374.0
79	6862.0	4374.0
80	6862.0	4443.0
81	6862.0	4443.0
82	6862.0	4443.0
83	6862.0	4459.0
84	6862.0	4513.0
85	6862.0	4513.0
86	6862.0	4513.0
87	6862.0	4513.0
88	6862.0	4513.0
89	6862.0	4513.0
90	6862.0	4552.0
91	6862.0	4552.0
92	6862.0	4552.0
93	6862.0	4552.0
94	6862.0	4552.0
95	6862.0	4552.0
96	6862.0	4552.0
97	6862.0	4552.0
98	6862.0	4552.0
99	6862.0	4552.0
100	6862.0	4697.0
101	6862.0	4582.0
102	6862.0	4582.0
103	7136.0	4582.0
104	7136.0	4582.0
105	7136.0	4582.0
106	7136.0	4582.0
107	7136.0	4582.0
108	7136.0	4582.0
109	7136.0	4582.0
110	7136.0	4582.0
111	7136.0	4582.0
112	7136.0	4582.0
113	7136.0	4582.0
114	7136.0	4582.0
115	7136.0	4582.0
116	7136.0	4582.0
117	7136.0	4645.0
118	7136.0	4645.0
119	7136.0	4645.0
120	7136.0	4668.0
121	7136.0	4645.0
122	7136.0	4645.0
123	7136.0	4645.0
124	7136.0	4645.0
125	7136.0	4645.0
126	7136.0	4645.0
127	7136.0	4645.0
128	7136.0	4645.0
129	7136.0	4665.0
130	7136.0	4665.0
131	7136.0	4665.0
132	7136.0	4665.0
133	7136.0	4665.0
134	7136.0	4665.0
135	7136.0	4665.0
136	7136.0	4665.0
137	7136.0	4665.0
138	7136.0	4730.0
139	7136.0	4730.0
140	7136.0	4749.0
141	7136.0	4730.0
142	7136.0	4730.0
143	7136.0	4730.0
144	7136.0	4730.0
145	7136.0	4730.0
146	7136.0	4730.0
147	7136.0	4730.0
148	7136.0	4730.0
149	7136.0	4730.0
150	7136.0	4811.0
151	7136.0	4811.0
152	7136.0	4811.0
153	7136.0	4811.0
154	7136.0	4811.0
155	7136.0	4811.0
156	7136.0	4811.0
157	7136.0	4811.0
158	7136.0	4811.0
159	7136.0	4811.0
160	7136.0	4860.0
161	7136.0	4811.0
162	7136.0	4811.0
163	7240.0	4811.0
164	7240.0	4811.0
165	7240.0	4811.0
166	7240.0	4814.0
167	7240.0	4814.0
168	7240.0	4814.0
169	7240.0	4814.0
170	7240.0	4814.0
171	7240.0	4814.0
172	7240.0	4814.0
173	7240.0	4814.0
174	7240.0	4814.0
175	7240.0	4814.0
176	7240.0	4814.0
177	7240.0	4814.0
178	7240.0	4814.0
179	7240.0	4814.0
180	7240.0	4972.0
181	7240.0	4814.0
182	7240.0	4814.0
183	7240.0	4814.0
184	7240.0	4814.0
185	7240.0	4814.0
186	7240.0	4814.0
187	7240.0	4814.0
188	7240.0	4814.0
189	7240.0	4814.0
190	7240.0	4814.0
191	7240.0	4814.0
192	7240.0	4814.0
193	7240.0	4814.0
194	7240.0	4814.0
195	7240.0	4814.0
196	7240.0	4814.0
197	7240.0	4814.0
198	7240.0	4814.0
199	7240.0	4814.0
200	7240.0	4918.0
201	7240.0	4860.0
202	7240.0	4860.0
203	7240.0	4860.0
204	7240.0	4860.0
205	7240.0	4860.0
206	7240.0	4860.0
207	7240.0	4860.0
208	7240.0	4860.0
209	7240.0	4860.0
210	7240.0	4860.0
211	7240.0	4860.0
212	7240.0	4865.0
213	7240.0	4865.0
214	7240.0	4865.0
215	7240.0	4865.0
216	7240.0	4865.0
217	7240.0	4865.0
218	7240.0	4865.0
219	7240.0	4865.0
220	7240.0	5035.0
221	7240.0	4865.0
222	7240.0	4865.0
223	7240.0	4865.0
224	7240.0	4865.0
225	7240.0	4865.0
226	7240.0	4865.0
227	7240.0	4865.0
228	7240.0	4865.0
229	7240.0	4865.0
230	7431.0	4865.0
231	7431.0	4970.0
232	7431.0	4970.0
233	7431.0	4970.0
234	7431.0	4970.0
235	7431.0	4970.0
236	7431.0	4970.0
237	7431.0	4970.0
238	7431.0	4970.0
239	7431.0	4970.0
240	7431.0	4970.0
241	7431.0	4970.0
242	7431.0	4970.0
243	7431.0	4970.0
244	7431.0	4970.0
245	7431.0	4970.0
246	7431.0	4970.0
247	7431.0	4970.0
248	7431.0	4970.0
249	7431.0	4970.0
250	7431.0	4970.0
251	7431.0	4970.0
252	7431.0	4970.0
253	7431.0	4970.0
254	7431.0	4970.0
255	7431.0	4970.0
256	7431.0	4970.0
257	7431.0	4970.0
258	7431.0	4970.0
259	7431.0	4970.0
260	7431.0	5209.0
261	7431.0	4970.0
262	7431.0	4970.0
263	7431.0	4970.0
264	7431.0	4970.0
265	7431.0	4970.0
266	7431.0	4970.0
267	7431.0	4970.0
268	7431.0	4970.0
269	7431.0	4970.0
270	7431.0	4970.0
271	7431.0	4970.0
272	7431.0	4970.0
273	7431.0	4970.0
274	7431.0	4970.0
275	7622.0	4970.0
276	7622.0	4970.0
277	7622.0	4970.0
278	7622.0	4970.0
279	7622.0	4970.0
280	7622.0	5257.0
281	7622.0	4970.0
282	7622.0	4970.0
283	7622.0	4970.0
284	7622.0	4970.0
285	7622.0	4970.0
286	7622.0	4970.0
287	7622.0	4970.0
288	7622.0	4970.0
289	7622.0	4970.0
290	7622.0	4970.0
291	7622.0	4970.0
292	7622.0	4970.0
293	7622.0	4970.0
294	7622.0	4970.0
295	7622.0	4970.0
296	7622.0	4970.0
297	7622.0	4970.0
298	7622.0	4970.0
299	7622.0	4970.0
300	7622.0	5169.0
301	7622.0	4970.0
302	7622.0	4970.0
303	7717.0	4970.0
304	7717.0	4970.0
305	7717.0	5155.0
306	7717.0	5155.0
307	7717.0	5155.0
308	7717.0	5169.0
309	7717.0	5169.0
310	7717.0	5169.0
311	7717.0	5169.0
312	7717.0	5169.0
313	7717.0	5169.0
314	7717.0	5169.0
315	7717.0	5169.0
316	7717.0	5169.0
317	7717.0	5169.0
318	7717.0	5169.0
319	7717.0	5169.0
320	7717.0	5351.0
321	7717.0	5169.0
322	7717.0	5169.0
323	7717.0	5169.0
324	7717.0	5169.0
325	7717.0	5193.0
326	7717.0	5193.0
327	7717.0	5193.0
328	7717.0	5193.0
329	7717.0	5193.0
330	7717.0	5193.0
331	7717.0	5193.0
332	7717.0	5193.0
333	7717.0	5193.0
334	7717.0	5193.0
335	7717.0	5193.0
336	7717.0	5193.0
337	7717.0	5193.0
338	7717.0	5193.0
339	7717.0	5193.0
340	7717.0	5296.0
341	7717.0	5193.0
342	7717.0	5193.0
343	7717.0	5193.0
344	7717.0	5193.0
345	7717.0	5193.0
346	7717.0	5193.0
347	7717.0	5193.0
348	7717.0	5209.0
349	7717.0	5209.0
350	7717.0	5209.0
351	7717.0	5209.0
352	7717.0	5209.0
353	7717.0	5209.0
354	7717.0	5209.0
355	7717.0	5209.0
356	7717.0	5209.0
357	7717.0	5209.0
358	7717.0	5209.0
359	7717.0	5209.0
360	7717.0	5247.0
361	7717.0	5209.0
362	7717.0	5209.0
363	7717.0	5209.0
364	7717.0	5209.0
365	7717.0	5209.0
366	7717.0	5209.0
367	7717.0	5209.0
368	7717.0	5209.0
369	7717.0	5209.0
370	7717.0	5209.0
371	7717.0	5209.0
372	7717.0	5209.0
373	7717.0	5209.0
374	7717.0	5209.0
375	7717.0	5209.0
376	7717.0	5209.0
377	7717.0	5209.0
378	7717.0	5209.0
379	7717.0	5209.0
380	7717.0	5301.0
381	7717.0	5209.0
382	7717.0	5209.0
383	7717.0	5209.0
384	7717.0	5209.0
385	7717.0	5209.0
386	7717.0	5209.0
387	7717.0	5209.0
388	7717.0	5209.0
389	7717.0	5209.0
390	7717.0	5209.0
391	7717.0	5209.0
392	7717.0	5209.0
393	7717.0	5209.0
394	7717.0	5209.0
395	7717.0	5209.0
396	7717.0	5209.0
397	7717.0	5209.0
398	7717.0	5209.0
399	7717.0	5209.0
400	7717.0	5316.0
401	7717.0	5209.0
402	7717.0	5209.0
403	7717.0	5209.0
404	7717.0	5209.0
405	7717.0	5209.0
406	7717.0	5209.0
407	7717.0	5209.0
408	7717.0	5209.0
409	7717.0	5209.0
410	7717.0	5209.0
411	7717.0	5209.0
412	7717.0	5209.0
413	7717.0	5209.0
414	7717.0	5209.0
415	7717.0	5209.0
416	7717.0	5209.0
417	7717.0	5209.0
418	7717.0	5209.0
419	7717.0	5209.0
420	7717.0	5380.0
421	7717.0	5209.0
422	7717.0	5209.0
423	7717.0	5209.0
424	7717.0	5209.0
425	7717.0	5209.0
426	7717.0	5209.0
427	7717.0	5209.0
428	7717.0	5209.0
429	7717.0	5209.0
430	7717.0	5209.0
431	7717.0	5209.0
432	7717.0	5209.0
433	7717.0	5209.0
434	7717.0	5209.0
435	7717.0	5209.0
436	7717.0	5209.0
437	7717.0	5209.0
438	7717.0	5209.0
439	7717.0	5209.0
440	7717.0	5292.0
441	7717.0	5209.0
442	7717.0	5209.0
443	7717.0	5209.0
444	7717.0	5209.0
445	7717.0	5209.0
446	7717.0	5209.0
447	7717.0	5209.0
448	7717.0	5209.0
449	7717.0	5209.0
450	7717.0	5209.0
451	7717.0	5209.0
452	7717.0	5209.0
453	7717.0	5209.0
454	7717.0	5209.0
455	7717.0	5209.0
456	7717.0	5209.0
457	7717.0	5209.0
458	7717.0	5209.0
459	7717.0	5209.0
460	7717.0	5380.0
461	7717.0	5209.0
462	7717.0	5209.0
463	7717.0	5209.0
464	7717.0	5209.0
465	7717.0	5209.0
466	7717.0	5209.0
467	7717.0	5209.0
468	7717.0	5209.0
469	7717.0	5209.0
470	7717.0	5209.0
471	7717.0	5209.0
472	7717.0	5209.0
473	7717.0	5209.0
474	7717.0	5209.0
475	7717.0	5209.0
476	7717.0	5209.0
477	7717.0	5209.0
478	7717.0	5209.0
479	7717.0	5209.0
480	7717.0	5353.0
481	7717.0	5209.0
482	7717.0	5209.0
483	7717.0	5209.0
484	7717.0	5209.0
485	7717.0	5209.0
486	7717.0	5270.0
487	7717.0	5270.0
488	7717.0	5270.0
489	7717.0	5270.0
490	7717.0	5270.0
491	7717.0	5270.0
492	7717.0	5270.0
493	7717.0	5270.0
494	7717.0	5270.0
495	7717.0	5270.0
496	7717.0	5270.0
497	7717.0	5270.0
498	7717.0	5270.0
499	7717.0	5270.0
500	7717.0	5353.0
501	7717.0	5270.0
502	7717.0	5270.0
503	7717.0	5270.0
504	7717.0	5270.0
505	7717.0	5270.0
506	7717.0	5270.0
507	7717.0	5270.0
508	7717.0	5270.0
509	7717.0	5270.0
510	7717.0	5270.0
511	7717.0	5270.0
512	7717.0	5270.0
513	7717.0	5270.0
514	7717.0	5270.0
515	7717.0	5270.0
516	7717.0	5270.0
517	7717.0	5270.0
518	7717.0	5270.0
519	7717.0	5270.0
520	7717.0	5393.0
521	7717.0	5270.0
522	7717.0	5270.0
523	7717.0	5270.0
524	7717.0	5270.0
525	7717.0	5270.0
526	7717.0	5270.0
527	7717.0	5270.0
528	7717.0	5270.0
529	7717.0	5270.0
530	7717.0	5270.0
531	7717.0	5353.0
532	7717.0	5353.0
533	7717.0	5353.0
534	7717.0	5353.0
535	7717.0	5353.0
536	7717.0	5353.0
537	7717.0	5353.0
538	7717.0	5353.0
539	7717.0	5353.0
540	7717.0	5412.0
541	7717.0	5353.0
542	7717.0	5353.0
543	7717.0	5353.0
544	7717.0	5353.0
545	7717.0	5353.0
546	7717.0	5353.0
547	7717.0	5353.0
548	7717.0	5353.0
549	7717.0	5353.0
550	7717.0	5353.0
551	7717.0	5353.0
552	7717.0	5353.0
553	7717.0	5353.0
554	7717.0	5353.0
555	7717.0	5353.0
556	7717.0	5353.0
557	7717.0	5353.0
558	7717.0	5353.0
559	7717.0	5380.0
560	7717.0	5380.0
561	7717.0	5380.0
562	7717.0	5380.0
563	7717.0	5380.0
564	7717.0	5380.0
565	7717.0	5380.0
566	7717.0	5380.0
567	7717.0	5380.0
568	7717.0	5380.0
569	7717.0	5380.0
570	7717.0	5380.0
571	7717.0	5380.0
572	7717.0	5380.0
573	7717.0	5380.0
574	7717.0	5380.0
575	7717.0	5380.0
576	7717.0	5380.0
577	7717.0	5380.0
578	7717.0	5380.0
579	7717.0	5380.0
580	7717.0	5470.0
581	7717.0	5380.0
582	7717.0	5380.0
583	7717.0	5380.0
584	7717.0	5380.0
585	7717.0	5380.0
586	7717.0	5380.0
587	7717.0	5380.0
588	7717.0	5380.0
589	7717.0	5380.0
590	7717.0	5380.0
591	7717.0	5380.0
592	7717.0	5380.0
593	7717.0	5380.0
594	7717.0	5380.0
595	7717.0	5380.0
596	7717.0	5380.0
597	7717.0	5380.0
598	7717.0	5380.0
599	7717.0	5380.0
600	7717.0	5380.0
601	7717.0	5380.0
602	7717.0	5380.0
603	7717.0	5380.0
604	7717.0	5380.0
605	7717.0	5380.0
606	7717.0	5380.0
607	7717.0	5380.0
608	7717.0	5380.0
609	7717.0	5380.0
610	7717.0	5380.0
611	7717.0	5380.0
612	7717.0	5380.0
613	7717.0	5380.0
614	7717.0	5380.0
615	7717.0	5380.0
616	7717.0	5380.0
617	7717.0	5380.0
618	7717.0	5380.0
619	7717.0	5380.0
620	7717.0	5380.0
621	7717.0	5380.0
622	7717.0	5380.0
623	7717.0	5380.0
624	7717.0	5380.0
625	7717.0	5380.0
626	7717.0	5380.0
627	7717.0	5380.0
628	7717.0	5380.0
629	7717.0	5380.0
630	7717.0	5380.0
631	7717.0	5380.0
632	7717.0	5380.0
633	7717.0	5380.0
634	7717.0	5380.0
635	7717.0	5380.0
636	7717.0	5380.0
637	7717.0	5380.0
638	7717.0	5380.0
639	7717.0	5380.0
640	7717.0	5409.0
641	7717.0	5380.0
642	7717.0	5380.0
643	7717.0	5380.0
644	7717.0	5380.0
645	7717.0	5380.0
646	7717.0	5380.0
647	7717.0	5380.0
648	7717.0	5380.0
649	7717.0	5380.0
650	7717.0	5380.0
651	7717.0	5380.0
652	7717.0	5380.0
653	7717.0	5380.0
654	7717.0	5380.0
655	7717.0	5380.0
656	7717.0	5380.0
657	7717.0	5380.0
658	7717.0	5380.0
659	7717.0	5380.0
660	7717.0	5432.0
661	7717.0	5380.0
662	7717.0	5380.0
663	7717.0	5380.0
664	7717.0	5380.0
665	7717.0	5380.0
666	7717.0	5380.0
667	7717.0	5380.0
668	7717.0	5380.0
669	7717.0	5380.0
670	7717.0	5380.0
671	7717.0	5380.0
672	7717.0	5380.0
673	7717.0	5380.0
674	7717.0	5380.0
675	7717.0	5380.0
676	7717.0	5380.0
677	7717.0	5380.0
678	7717.0	5380.0
679	7717.0	5380.0
680	7717.0	5380.0
681	7717.0	5380.0
682	7717.0	5380.0
683	7717.0	5380.0
684	7717.0	5380.0
685	7717.0	5380.0
686	7717.0	5380.0
687	7717.0	5380.0
688	7717.0	5380.0
689	7717.0	5380.0
690	7717.0	5380.0
691	7717.0	5380.0
692	7717.0	5380.0
693	7717.0	5380.0
694	7717.0	5380.0
695	7717.0	5380.0
696	7717.0	5380.0
697	7717.0	5380.0
698	7717.0	5380.0
699	7717.0	5380.0
700	7717.0	5454.0
701	7717.0	5380.0
702	7717.0	5380.0
703	7717.0	5380.0
704	7717.0	5380.0
705	7717.0	5380.0
706	7717.0	5380.0
707	7717.0	5380.0
708	7717.0	5380.0
709	7717.0	5380.0
710	7717.0	5380.0
711	7717.0	5380.0
712	7717.0	5380.0
713	7717.0	5380.0
714	7717.0	5380.0
715	7717.0	5380.0
716	7717.0	5380.0
717	7717.0	5380.0
718	7717.0	5380.0
719	7717.0	5380.0
720	7717.0	5380.0
721	7717.0	5380.0
722	7717.0	5380.0
723	7717.0	5380.0
724	7717.0	5380.0
725	7717.0	5380.0
726	7717.0	5380.0
727	7717.0	5380.0
728	7717.0	5380.0
729	7717.0	5380.0
730	7717.0	5380.0
731	7717.0	5380.0
732	7717.0	5380.0
733	7717.0	5380.0
734	7717.0	5380.0
735	7717.0	5380.0
736	7717.0	5380.0
737	7717.0	5380.0
738	7717.0	5380.0
739	7717.0	5380.0
740	7717.0	5583.0
741	7717.0	5380.0
742	7717.0	5380.0
743	7717.0	5380.0
744	7717.0	5380.0
745	7717.0	5380.0
746	7717.0	5380.0
747	7717.0	5380.0
748	7717.0	5380.0
749	7717.0	5380.0
750	7717.0	5380.0
751	7717.0	5380.0
752	7717.0	5380.0
753	7717.0	5380.0
754	7717.0	5380.0
755	7717.0	5380.0
756	7717.0	5380.0
757	7717.0	5380.0
758	7717.0	5380.0
759	7717.0	5380.0
760	7717.0	5454.0
761	7717.0	5380.0
762	7717.0	5380.0
763	7717.0	5380.0
764	7717.0	5380.0
765	7717.0	5380.0
766	7717.0	5380.0
767	7717.0	5380.0
768	7717.0	5380.0
769	7717.0	5380.0
770	7717.0	5380.0
771	7717.0	5380.0
772	7717.0	5380.0
773	7717.0	5380.0
774	7717.0	5380.0
775	7717.0	5380.0
776	7717.0	5380.0
777	7717.0	5380.0
778	7717.0	5380.0
779	7717.0	5380.0
780	7717.0	5500.0
781	7717.0	5380.0
782	7717.0	5380.0
783	7717.0	5380.0
784	7717.0	5380.0
785	7717.0	5380.0
786	7717.0	5380.0
787	7717.0	5380.0
788	7717.0	5380.0
789	7717.0	5380.0
790	7717.0	5380.0
791	7717.0	5380.0
792	7717.0	5380.0
793	7717.0	5380.0
794	7717.0	5380.0
795	7717.0	5380.0
796	7717.0	5380.0
797	7717.0	5380.0
798	7717.0	5380.0
799	7717.0	5380.0
800	7717.0	5465.0
801	7717.0	5380.0
802	7717.0	5380.0
803	7717.0	5380.0
804	7717.0	5380.0
805	7717.0	5380.0
806	7717.0	5380.0
807	7717.0	5380.0
808	7717.0	5380.0
809	7717.0	5380.0
810	7717.0	5380.0
811	7717.0	5380.0
812	7717.0	5380.0
813	7717.0	5380.0
814	7717.0	5380.0
815	7717.0	5380.0
816	7717.0	5380.0
817	7717.0	5380.0
818	7717.0	5380.0
819	7717.0	5454.0
820	7717.0	5454.0
821	7717.0	5454.0
822	7717.0	5454.0
823	7717.0	5454.0
824	7717.0	5454.0
825	7717.0	5454.0
826	7717.0	5454.0
827	7717.0	5454.0
828	7717.0	5454.0
829	7717.0	5454.0
830	7717.0	5454.0
831	7717.0	5454.0
832	7717.0	5454.0
833	7717.0	5454.0
834	7717.0	5454.0
835	7717.0	5454.0
836	7717.0	5454.0
837	7717.0	5454.0
838	7717.0	5454.0
839	7717.0	5454.0
840	7717.0	5477.0
841	7717.0	5454.0
842	7717.0	5454.0
843	7717.0	5454.0
844	7717.0	5454.0
845	7717.0	5454.0
846	7717.0	5454.0
847	7717.0	5454.0
848	7717.0	5454.0
849	7717.0	5454.0
850	7717.0	5454.0
851	7717.0	5454.0
852	7717.0	5454.0
853	7717.0	5454.0
854	7717.0	5454.0
855	7717.0	5454.0
856	7717.0	5454.0
857	7717.0	5454.0
858	7717.0	5454.0
859	7717.0	5454.0
860	7717.0	5465.0
861	7717.0	5454.0
862	7717.0	5454.0
863	7717.0	5454.0
864	7717.0	5454.0
865	7717.0	5454.0
866	7717.0	5454.0
867	7717.0	5454.0
868	7717.0	5454.0
869	7717.0	5454.0
870	7717.0	5454.0
871	7717.0	5454.0
872	7717.0	5454.0
873	7717.0	5454.0
874	7717.0	5454.0
875	7717.0	5454.0
876	7717.0	5454.0
877	7717.0	5454.0
878	7717.0	5454.0
879	7717.0	5454.0
880	7717.0	5454.0
881	7717.0	5454.0
882	7717.0	5454.0
883	7717.0	5454.0
884	7717.0	5454.0
885	7717.0	5454.0
886	7717.0	5454.0
887	7717.0	5454.0
888	7717.0	5454.0
889	7717.0	5454.0
890	7717.0	5454.0
891	7717.0	5454.0
892	7717.0	5454.0
893	7717.0	5454.0
894	7717.0	5454.0
895	7717.0	5454.0
896	7717.0	5454.0
897	7717.0	5454.0
898	7717.0	5454.0
899	7717.0	5454.0
900	7717.0	5556.0
901	7717.0	5454.0
902	7717.0	5454.0
903	7717.0	5454.0
904	7717.0	5454.0
905	7717.0	5454.0
906	7717.0	5454.0
907	7717.0	5454.0
908	7717.0	5454.0
909	7717.0	5454.0
910	7717.0	5454.0
911	7717.0	5454.0
912	7717.0	5454.0
913	7717.0	5454.0
914	7717.0	5454.0
915	7717.0	5454.0
916	7717.0	5454.0
917	7717.0	5454.0
918	7717.0	5454.0
919	7717.0	5454.0
920	7717.0	5477.0
921	7717.0	5454.0
922	7717.0	5454.0
923	7717.0	5454.0
924	7717.0	5454.0
925	7717.0	5454.0
926	7717.0	5454.0
927	7717.0	5454.0
928	7717.0	5454.0
929	7717.0	5454.0
930	7717.0	5454.0
931	7717.0	5454.0
932	7717.0	5454.0
933	7717.0	5454.0
934	7717.0	5454.0
935	7717.0	5454.0
936	7717.0	5454.0
937	7717.0	5454.0
938	7717.0	5454.0
939	7717.0	5454.0
940	7717.0	5477.0
941	7717.0	5454.0
942	7717.0	5454.0
943	7717.0	5454.0
944	7717.0	5454.0
945	7717.0	5454.0
946	7717.0	5454.0
947	7717.0	5454.0
948	7717.0	5454.0
949	7717.0	5454.0
950	7717.0	5454.0
951	7717.0	5454.0
952	7717.0	5454.0
953	7717.0	5454.0
954	7717.0	5454.0
955	7717.0	5454.0
956	7717.0	5454.0
957	7717.0	5454.0
958	7717.0	5454.0
959	7717.0	5454.0
960	7717.0	5501.0
961	7717.0	5454.0
962	7717.0	5454.0
963	7717.0	5454.0
964	7717.0	5454.0
965	7717.0	5454.0
966	7717.0	5454.0
967	7717.0	5454.0
968	7717.0	5454.0
969	7717.0	5454.0
970	7717.0	5454.0
971	7717.0	5454.0
972	7717.0	5454.0
973	7717.0	5454.0
974	7717.0	5454.0
975	7717.0	5454.0
976	7717.0	5454.0
977	7717.0	5454.0
978	7717.0	5454.0
979	7717.0	5454.0
980	7717.0	5526.0
981	7717.0	5454.0
982	7717.0	5454.0
983	7717.0	5454.0
984	7717.0	5454.0
985	7717.0	5454.0
986	7717.0	5454.0
987	7717.0	5454.0
988	7717.0	5454.0
989	7717.0	5454.0
990	7717.0	5454.0
991	7717.0	5454.0
992	7717.0	5454.0
993	7717.0	5454.0
994	7717.0	5454.0
995	7717.0	5454.0
996	7717.0	5454.0
997	7717.0	5454.0
998	7717.0	5454.0
999	7717.0	5454.0
1000	7717.0	5477.0
