0	6155.0	1801.0
1	6155.0	2406.0
2	6241.0	2703.0
3	6294.0	2882.0
4	6294.0	2933.0
5	6294.0	2933.0
6	6294.0	2933.0
7	6294.0	3188.0
8	6294.0	3188.0
9	6703.0	3386.0
10	6703.0	3474.0
11	6703.0	3665.0
12	6703.0	3665.0
13	6703.0	3677.0
14	6703.0	3677.0
15	6703.0	3684.0
16	6703.0	3684.0
17	6703.0	3684.0
18	6805.0	3684.0
19	6805.0	3684.0
20	6805.0	3940.0
21	6805.0	3914.0
22	6805.0	3914.0
23	6805.0	3914.0
24	6805.0	3914.0
25	6805.0	3962.0
26	6805.0	3962.0
27	6805.0	3962.0
28	6805.0	3962.0
29	6805.0	3962.0
30	6805.0	3962.0
31	6805.0	3962.0
32	6805.0	3962.0
33	6805.0	3962.0
34	6805.0	3962.0
35	6805.0	3962.0
36	6867.0	4129.0
37	6867.0	4129.0
38	6891.0	4129.0
39	6891.0	4129.0
40	6952.0	4216.0
41	6952.0	4129.0
42	6952.0	4214.0
43	6952.0	4214.0
44	6952.0	4214.0
45	6952.0	4214.0
46	7051.0	4214.0
47	7051.0	4214.0
48	7051.0	4214.0
49	7051.0	4233.0
50	7051.0	4233.0
51	7051.0	4233.0
52	7051.0	4297.0
53	7051.0	4297.0
54	7051.0	4325.0
55	7051.0	4325.0
56	7051.0	4325.0
57	7051.0	4325.0
58	7051.0	4325.0
59	7051.0	4325.0
60	7051.0	4516.0
61	7051.0	4325.0
62	7051.0	4325.0
63	7051.0	4325.0
64	7051.0	4388.0
65	7051.0	4388.0
66	7051.0	4388.0
67	7051.0	4388.0
68	7051.0	4388.0
69	7051.0	4388.0
70	7051.0	4388.0
71	7051.0	4388.0
72	7051.0	4388.0
73	7064.0	4388.0
74	7064.0	4388.0
75	7064.0	4467.0
76	7064.0	4467.0
77	7064.0	4473.0
78	7064.0	4473.0
79	7064.0	4473.0
80	7064.0	4473.0
81	7064.0	4473.0
82	7064.0	4473.0
83	7064.0	4508.0
84	7064.0	4508.0
85	7064.0	4508.0
86	7064.0	4508.0
87	7064.0	4508.0
88	7064.0	4508.0
89	7064.0	4557.0
90	7064.0	4557.0
91	7064.0	4557.0
92	7064.0	4557.0
93	7064.0	4557.0
94	7064.0	4557.0
95	7064.0	4557.0
96	7064.0	4557.0
97	7064.0	4557.0
98	7064.0	4557.0
99	7064.0	4557.0
100	7064.0	4577.0
101	7064.0	4557.0
102	7064.0	4557.0
103	7064.0	4557.0
104	7064.0	4557.0
105	7064.0	4557.0
106	7064.0	4557.0
107	7064.0	4557.0
108	7064.0	4557.0
109	7064.0	4557.0
110	7064.0	4557.0
111	7064.0	4557.0
112	7064.0	4557.0
113	7064.0	4557.0
114	7064.0	4557.0
115	7064.0	4557.0
116	7064.0	4557.0
117	7064.0	4557.0
118	7064.0	4557.0
119	7064.0	4557.0
120	7064.0	4772.0
121	7064.0	4577.0
122	7064.0	4577.0
123	7064.0	4577.0
124	7064.0	4577.0
125	7064.0	4577.0
126	7064.0	4577.0
127	7064.0	4577.0
128	7064.0	4577.0
129	7064.0	4577.0
130	7064.0	4577.0
131	7064.0	4577.0
132	7064.0	4577.0
133	7064.0	4577.0
134	7064.0	4699.0
135	7064.0	4699.0
136	7064.0	4699.0
137	7064.0	4699.0
138	7064.0	4699.0
139	7064.0	4699.0
140	7064.0	4772.0
141	7064.0	4699.0
142	7064.0	4699.0
143	7064.0	4699.0
144	7064.0	4699.0
145	7064.0	4699.0
146	7064.0	4699.0
147	7064.0	4699.0
148	7064.0	4699.0
149	7064.0	4699.0
150	7064.0	4699.0
151	7064.0	4699.0
152	7064.0	4699.0
153	7064.0	4699.0
154	7064.0	4787.0
155	7064.0	4787.0
156	7064.0	4787.0
157	7064.0	4787.0
158	7064.0	4787.0
159	7064.0	4787.0
160	7064.0	4949.0
161	7064.0	4853.0
162	7064.0	4866.0
163	7064.0	4866.0
164	7216.0	4866.0
165	7216.0	4866.0
166	7216.0	4866.0
167	7216.0	4866.0
168	7216.0	4866.0
169	7216.0	4866.0
170	7216.0	4866.0
171	7216.0	4866.0
172	7216.0	4866.0
173	7216.0	4866.0
174	7216.0	4866.0
175	7216.0	4866.0
176	7216.0	4866.0
177	7216.0	4866.0
178	7216.0	4866.0
179	7216.0	4866.0
180	7216.0	5017.0
181	7216.0	4866.0
182	7216.0	4866.0
183	7216.0	4866.0
184	7216.0	4866.0
185	7216.0	4866.0
186	7216.0	4866.0
187	7216.0	4866.0
188	7216.0	4866.0
189	7216.0	4866.0
190	7216.0	4866.0
191	7216.0	4866.0
192	7216.0	4866.0
193	7216.0	4866.0
194	7216.0	4866.0
195	7216.0	4866.0
196	7216.0	4866.0
197	7216.0	4866.0
198	7216.0	4866.0
199	7216.0	4866.0
200	7216.0	4896.0
201	7216.0	4866.0
202	7216.0	4866.0
203	7216.0	4866.0
204	7216.0	4866.0
205	7216.0	4866.0
206	7216.0	4866.0
207	7216.0	4901.0
208	7216.0	4901.0
209	7216.0	4901.0
210	7216.0	4901.0
211	7216.0	4901.0
212	7216.0	4901.0
213	7216.0	4901.0
214	7216.0	4901.0
215	7216.0	4901.0
216	7216.0	4901.0
217	7216.0	4901.0
218	7216.0	4901.0
219	7216.0	4901.0
220	7216.0	4918.0
221	7216.0	4901.0
222	7216.0	4901.0
223	7216.0	4901.0
224	7216.0	4901.0
225	7216.0	4982.0
226	7216.0	4982.0
227	7216.0	4982.0
228	7216.0	4982.0
229	7216.0	4982.0
230	7216.0	4982.0
231	7216.0	4982.0
232	7216.0	4982.0
233	7216.0	4982.0
234	7216.0	4982.0
235	7216.0	4982.0
236	7216.0	4982.0
237	7216.0	4982.0
238	7216.0	4982.0
239	7216.0	4982.0
240	7216.0	4982.0
241	7216.0	4982.0
242	7216.0	4982.0
243	7216.0	4982.0
244	7216.0	4982.0
245	7216.0	4982.0
246	7216.0	4982.0
247	7216.0	4982.0
248	7216.0	4982.0
249	7216.0	4982.0
250	7216.0	4982.0
251	7216.0	4982.0
252	7216.0	4982.0
253	7216.0	4982.0
254	7216.0	4982.0
255	7216.0	4982.0
256	7216.0	4982.0
257	7216.0	4982.0
258	7216.0	4982.0
259	7216.0	4982.0
260	7216.0	5030.0
261	7216.0	4982.0
262	7216.0	4982.0
263	7216.0	4982.0
264	7216.0	4982.0
265	7216.0	4982.0
266	7216.0	4982.0
267	7216.0	4982.0
268	7216.0	4982.0
269	7216.0	4982.0
270	7216.0	4982.0
271	7216.0	4982.0
272	7216.0	4982.0
273	7216.0	4982.0
274	7216.0	4982.0
275	7216.0	4982.0
276	7216.0	4982.0
277	7216.0	4982.0
278	7216.0	4982.0
279	7216.0	4982.0
280	7216.0	5157.0
281	7216.0	4982.0
282	7216.0	4982.0
283	7216.0	4982.0
284	7216.0	4982.0
285	7216.0	4982.0
286	7216.0	4982.0
287	7216.0	4982.0
288	7216.0	4982.0
289	7216.0	4982.0
290	7216.0	4982.0
291	7216.0	4982.0
292	7216.0	4982.0
293	7216.0	4982.0
294	7216.0	4982.0
295	7216.0	4982.0
296	7216.0	4982.0
297	7216.0	4982.0
298	7216.0	4982.0
299	7216.0	4982.0
300	7216.0	5142.0
301	7467.0	4982.0
302	7467.0	4982.0
303	7467.0	5050.0
304	7467.0	5050.0
305	7467.0	5050.0
306	7467.0	5050.0
307	7467.0	5050.0
308	7467.0	5050.0
309	7467.0	5050.0
310	7467.0	5050.0
311	7467.0	5050.0
312	7467.0	5050.0
313	7467.0	5050.0
314	7467.0	5050.0
315	7467.0	5050.0
316	7467.0	5050.0
317	7467.0	5050.0
318	7467.0	5050.0
319	7467.0	5050.0
320	7467.0	5087.0
321	7467.0	5050.0
322	7467.0	5050.0
323	7467.0	5050.0
324	7467.0	5050.0
325	7467.0	5050.0
326	7467.0	5050.0
327	7467.0	5050.0
328	7467.0	5050.0
329	7467.0	5050.0
330	7467.0	5050.0
331	7467.0	5050.0
332	7467.0	5050.0
333	7467.0	5050.0
334	7467.0	5050.0
335	7467.0	5050.0
336	7467.0	5050.0
337	7467.0	5050.0
338	7467.0	5050.0
339	7467.0	5050.0
340	7467.0	5050.0
341	7467.0	5050.0
342	7467.0	5050.0
343	7467.0	5050.0
344	7467.0	5050.0
345	7467.0	5050.0
346	7467.0	5050.0
347	7467.0	5050.0
348	7467.0	5050.0
349	7467.0	5050.0
350	7467.0	5050.0
351	7467.0	5050.0
352	7467.0	5050.0
353	7467.0	5050.0
354	7467.0	5050.0
355	7467.0	5050.0
356	7467.0	5050.0
357	7467.0	5050.0
358	7467.0	5050.0
359	7467.0	5050.0
360	7467.0	5198.0
361	7467.0	5050.0
362	7467.0	5050.0
363	7467.0	5050.0
364	7467.0	5050.0
365	7467.0	5050.0
366	7467.0	5050.0
367	7467.0	5111.0
368	7467.0	5111.0
369	7467.0	5111.0
370	7467.0	5111.0
371	7467.0	5111.0
372	7467.0	5111.0
373	7467.0	5111.0
374	7467.0	5111.0
375	7467.0	5111.0
376	7467.0	5111.0
377	7467.0	5111.0
378	7467.0	5111.0
379	7467.0	5111.0
380	7467.0	5111.0
381	7467.0	5111.0
382	7467.0	5111.0
383	7467.0	5111.0
384	7467.0	5111.0
385	7467.0	5111.0
386	7467.0	5111.0
387	7467.0	5111.0
388	7467.0	5111.0
389	7467.0	5111.0
390	7467.0	5111.0
391	7467.0	5111.0
392	7467.0	5111.0
393	7467.0	5111.0
394	7467.0	5111.0
395	7467.0	5111.0
396	7467.0	5111.0
397	7467.0	5111.0
398	7467.0	5111.0
399	7467.0	5111.0
400	7467.0	5200.0
401	7467.0	5111.0
402	7467.0	5111.0
403	7467.0	5111.0
404	7467.0	5111.0
405	7467.0	5111.0
406	7467.0	5111.0
407	7467.0	5111.0
408	7467.0	5111.0
409	7467.0	5111.0
410	7467.0	5111.0
411	7467.0	5111.0
412	7467.0	5111.0
413	7467.0	5111.0
414	7467.0	5111.0
415	7467.0	5111.0
416	7467.0	5111.0
417	7467.0	5111.0
418	7467.0	5192.0
419	7467.0	5192.0
420	7467.0	5310.0
421	7467.0	5192.0
422	7467.0	5192.0
423	7467.0	5192.0
424	7467.0	5192.0
425	7467.0	5192.0
426	7467.0	5192.0
427	7467.0	5192.0
428	7467.0	5192.0
429	7467.0	5192.0
430	7467.0	5216.0
431	7467.0	5216.0
432	7467.0	5216.0
433	7467.0	5216.0
434	7467.0	5216.0
435	7467.0	5216.0
436	7467.0	5216.0
437	7467.0	5216.0
438	7467.0	5216.0
439	7467.0	5216.0
440	7467.0	5236.0
441	7467.0	5216.0
442	7467.0	5216.0
443	7467.0	5216.0
444	7467.0	5216.0
445	7467.0	5216.0
446	7467.0	5216.0
447	7467.0	5216.0
448	7467.0	5216.0
449	7467.0	5216.0
450	7467.0	5216.0
451	7467.0	5216.0
452	7467.0	5216.0
453	7467.0	5216.0
454	7467.0	5216.0
455	7467.0	5216.0
456	7467.0	5216.0
457	7467.0	5216.0
458	7467.0	5216.0
459	7467.0	5216.0
460	7467.0	5277.0
461	7467.0	5216.0
462	7467.0	5216.0
463	7467.0	5216.0
464	7467.0	5216.0
465	7467.0	5216.0
466	7467.0	5216.0
467	7467.0	5216.0
468	7467.0	5216.0
469	7467.0	5216.0
470	7467.0	5216.0
471	7467.0	5216.0
472	7467.0	5216.0
473	7467.0	5216.0
474	7467.0	5216.0
475	7467.0	5216.0
476	7467.0	5216.0
477	7467.0	5216.0
478	7467.0	5216.0
479	7467.0	5216.0
480	7467.0	5341.0
481	7467.0	5216.0
482	7467.0	5216.0
483	7467.0	5216.0
484	7467.0	5216.0
485	7467.0	5216.0
486	7467.0	5216.0
487	7467.0	5216.0
488	7467.0	5216.0
489	7467.0	5216.0
490	7467.0	5216.0
491	7467.0	5216.0
492	7467.0	5216.0
493	7467.0	5216.0
494	7467.0	5216.0
495	7467.0	5216.0
496	7467.0	5216.0
497	7467.0	5216.0
498	7467.0	5216.0
499	7467.0	5216.0
500	7467.0	5216.0
501	7467.0	5216.0
502	7467.0	5216.0
503	7467.0	5216.0
504	7467.0	5216.0
505	7531.0	5216.0
506	7531.0	5216.0
507	7531.0	5216.0
508	7531.0	5216.0
509	7531.0	5216.0
510	7531.0	5216.0
511	7531.0	5216.0
512	7531.0	5216.0
513	7531.0	5216.0
514	7531.0	5216.0
515	7531.0	5216.0
516	7531.0	5216.0
517	7531.0	5216.0
518	7531.0	5216.0
519	7531.0	5216.0
520	7531.0	5262.0
521	7531.0	5216.0
522	7531.0	5216.0
523	7531.0	5216.0
524	7531.0	5216.0
525	7531.0	5216.0
526	7531.0	5216.0
527	7531.0	5216.0
528	7531.0	5216.0
529	7531.0	5216.0
530	7531.0	5216.0
531	7531.0	5216.0
532	7531.0	5216.0
533	7531.0	5216.0
534	7531.0	5216.0
535	7531.0	5216.0
536	7531.0	5216.0
537	7531.0	5216.0
538	7531.0	5216.0
539	7531.0	5216.0
540	7531.0	5319.0
541	7531.0	5216.0
542	7531.0	5216.0
543	7531.0	5216.0
544	7531.0	5216.0
545	7531.0	5216.0
546	7531.0	5216.0
547	7531.0	5216.0
548	7531.0	5216.0
549	7531.0	5216.0
550	7531.0	5216.0
551	7531.0	5216.0
552	7531.0	5216.0
553	7531.0	5216.0
554	7531.0	5216.0
555	7531.0	5216.0
556	7531.0	5314.0
557	7531.0	5314.0
558	7531.0	5314.0
559	7531.0	5314.0
560	7531.0	5323.0
561	7531.0	5314.0
562	7531.0	5314.0
563	7531.0	5314.0
564	7531.0	5314.0
565	7531.0	5314.0
566	7531.0	5314.0
567	7531.0	5314.0
568	7531.0	5314.0
569	7531.0	5314.0
570	7531.0	5314.0
571	7531.0	5314.0
572	7531.0	5314.0
573	7531.0	5314.0
574	7531.0	5314.0
575	7531.0	5314.0
576	7531.0	5314.0
577	7531.0	5314.0
578	7531.0	5314.0
579	7531.0	5314.0
580	7531.0	5392.0
581	7531.0	5314.0
582	7531.0	5314.0
583	7531.0	5314.0
584	7531.0	5314.0
585	7531.0	5314.0
586	7531.0	5314.0
587	7531.0	5314.0
588	7531.0	5314.0
589	7531.0	5314.0
590	7531.0	5314.0
591	7531.0	5314.0
592	7531.0	5314.0
593	7531.0	5314.0
594	7531.0	5314.0
595	7531.0	5314.0
596	7531.0	5314.0
597	7531.0	5314.0
598	7531.0	5314.0
599	7531.0	5314.0
600	7531.0	5314.0
601	7531.0	5314.0
602	7531.0	5314.0
603	7531.0	5314.0
604	7531.0	5314.0
605	7531.0	5314.0
606	7531.0	5314.0
607	7531.0	5314.0
608	7531.0	5314.0
609	7531.0	5314.0
610	7531.0	5314.0
611	7531.0	5314.0
612	7531.0	5314.0
613	7531.0	5314.0
614	7531.0	5314.0
615	7531.0	5314.0
616	7531.0	5314.0
617	7531.0	5314.0
618	7531.0	5314.0
619	7531.0	5314.0
620	7531.0	5314.0
621	7531.0	5314.0
622	7531.0	5314.0
623	7531.0	5314.0
624	7531.0	5314.0
625	7531.0	5314.0
626	7531.0	5314.0
627	7531.0	5314.0
628	7531.0	5314.0
629	7531.0	5314.0
630	7531.0	5314.0
631	7531.0	5314.0
632	7531.0	5314.0
633	7531.0	5314.0
634	7531.0	5314.0
635	7531.0	5314.0
636	7531.0	5314.0
637	7531.0	5314.0
638	7531.0	5314.0
639	7531.0	5314.0
640	7531.0	5314.0
641	7531.0	5314.0
642	7531.0	5314.0
643	7531.0	5314.0
644	7531.0	5314.0
645	7531.0	5314.0
646	7531.0	5314.0
647	7531.0	5314.0
648	7531.0	5323.0
649	7531.0	5323.0
650	7531.0	5323.0
651	7531.0	5323.0
652	7531.0	5323.0
653	7531.0	5323.0
654	7531.0	5323.0
655	7531.0	5323.0
656	7531.0	5323.0
657	7531.0	5323.0
658	7531.0	5323.0
659	7531.0	5323.0
660	7531.0	5428.0
661	7531.0	5323.0
662	7531.0	5323.0
663	7531.0	5323.0
664	7531.0	5323.0
665	7531.0	5323.0
666	7531.0	5323.0
667	7531.0	5323.0
668	7531.0	5323.0
669	7531.0	5323.0
670	7531.0	5323.0
671	7531.0	5323.0
672	7531.0	5323.0
673	7531.0	5323.0
674	7531.0	5364.0
675	7531.0	5364.0
676	7531.0	5364.0
677	7531.0	5364.0
678	7531.0	5364.0
679	7531.0	5364.0
680	7531.0	5372.0
681	7531.0	5364.0
682	7531.0	5364.0
683	7531.0	5364.0
684	7531.0	5364.0
685	7531.0	5364.0
686	7531.0	5364.0
687	7531.0	5364.0
688	7531.0	5364.0
689	7531.0	5364.0
690	7531.0	5364.0
691	7531.0	5364.0
692	7531.0	5364.0
693	7531.0	5364.0
694	7531.0	5364.0
695	7531.0	5364.0
696	7531.0	5364.0
697	7531.0	5364.0
698	7531.0	5364.0
699	7531.0	5364.0
700	7531.0	5372.0
701	7531.0	5364.0
702	7531.0	5364.0
703	7531.0	5364.0
704	7531.0	5364.0
705	7531.0	5364.0
706	7531.0	5364.0
707	7531.0	5364.0
708	7531.0	5364.0
709	7531.0	5364.0
710	7531.0	5364.0
711	7531.0	5364.0
712	7531.0	5364.0
713	7531.0	5364.0
714	7531.0	5364.0
715	7531.0	5364.0
716	7531.0	5364.0
717	7531.0	5364.0
718	7531.0	5364.0
719	7531.0	5364.0
720	7531.0	5419.0
721	7531.0	5364.0
722	7531.0	5364.0
723	7531.0	5364.0
724	7531.0	5364.0
725	7531.0	5364.0
726	7531.0	5364.0
727	7531.0	5364.0
728	7531.0	5364.0
729	7531.0	5364.0
730	7531.0	5364.0
731	7531.0	5364.0
732	7531.0	5364.0
733	7531.0	5364.0
734	7531.0	5364.0
735	7531.0	5364.0
736	7531.0	5364.0
737	7531.0	5364.0
738	7531.0	5364.0
739	7531.0	5364.0
740	7531.0	5461.0
741	7531.0	5364.0
742	7531.0	5364.0
743	7531.0	5364.0
744	7531.0	5364.0
745	7531.0	5364.0
746	7531.0	5364.0
747	7531.0	5364.0
748	7531.0	5364.0
749	7531.0	5364.0
750	7531.0	5364.0
751	7531.0	5364.0
752	7531.0	5364.0
753	7531.0	5364.0
754	7531.0	5364.0
755	7531.0	5364.0
756	7531.0	5364.0
757	7531.0	5364.0
758	7531.0	5364.0
759	7531.0	5364.0
760	7531.0	5428.0
761	7531.0	5364.0
762	7531.0	5364.0
763	7531.0	5364.0
764	7531.0	5364.0
765	7531.0	5364.0
766	7531.0	5364.0
767	7531.0	5364.0
768	7531.0	5364.0
769	7531.0	5364.0
770	7531.0	5364.0
771	7531.0	5364.0
772	7531.0	5364.0
773	7531.0	5364.0
774	7531.0	5364.0
775	7531.0	5364.0
776	7531.0	5364.0
777	7531.0	5364.0
778	7531.0	5364.0
779	7531.0	5364.0
780	7531.0	5428.0
781	7531.0	5364.0
782	7531.0	5364.0
783	7531.0	5364.0
784	7531.0	5364.0
785	7531.0	5364.0
786	7531.0	5364.0
787	7531.0	5364.0
788	7531.0	5364.0
789	7531.0	5364.0
790	7531.0	5364.0
791	7531.0	5364.0
792	7531.0	5364.0
793	7531.0	5364.0
794	7531.0	5364.0
795	7531.0	5364.0
796	7531.0	5364.0
797	7531.0	5364.0
798	7531.0	5364.0
799	7531.0	5364.0
800	7531.0	5462.0
801	7531.0	5364.0
802	7531.0	5364.0
803	7531.0	5364.0
804	7531.0	5364.0
805	7531.0	5364.0
806	7531.0	5364.0
807	7531.0	5364.0
808	7531.0	5364.0
809	7531.0	5364.0
810	7531.0	5364.0
811	7531.0	5364.0
812	7531.0	5364.0
813	7531.0	5364.0
814	7531.0	5364.0
815	7531.0	5364.0
816	7531.0	5364.0
817	7531.0	5364.0
818	7531.0	5364.0
819	7531.0	5364.0
820	7531.0	5364.0
821	7531.0	5364.0
822	7531.0	5364.0
823	7531.0	5364.0
824	7531.0	5364.0
825	7531.0	5364.0
826	7531.0	5364.0
827	7531.0	5364.0
828	7531.0	5364.0
829	7531.0	5364.0
830	7531.0	5364.0
831	7531.0	5364.0
832	7531.0	5364.0
833	7531.0	5364.0
834	7531.0	5364.0
835	7531.0	5364.0
836	7531.0	5364.0
837	7531.0	5364.0
838	7531.0	5364.0
839	7531.0	5364.0
840	7531.0	5428.0
841	7531.0	5364.0
842	7531.0	5364.0
843	7531.0	5364.0
844	7531.0	5364.0
845	7531.0	5364.0
846	7531.0	5364.0
847	7531.0	5364.0
848	7531.0	5364.0
849	7531.0	5364.0
850	7531.0	5364.0
851	7531.0	5364.0
852	7531.0	5364.0
853	7531.0	5364.0
854	7531.0	5364.0
855	7531.0	5364.0
856	7531.0	5364.0
857	7531.0	5364.0
858	7531.0	5364.0
859	7531.0	5364.0
860	7531.0	5364.0
861	7531.0	5364.0
862	7531.0	5364.0
863	7531.0	5364.0
864	7531.0	5364.0
865	7531.0	5364.0
866	7531.0	5364.0
867	7531.0	5364.0
868	7531.0	5364.0
869	7531.0	5364.0
870	7531.0	5364.0
871	7531.0	5364.0
872	7531.0	5364.0
873	7531.0	5364.0
874	7531.0	5364.0
875	7531.0	5364.0
876	7531.0	5364.0
877	7531.0	5364.0
878	7531.0	5364.0
879	7531.0	5364.0
880	7531.0	5428.0
881	7531.0	5364.0
882	7531.0	5364.0
883	7531.0	5364.0
884	7531.0	5364.0
885	7531.0	5364.0
886	7531.0	5364.0
887	7531.0	5364.0
888	7531.0	5364.0
889	7531.0	5364.0
890	7531.0	5364.0
891	7531.0	5364.0
892	7531.0	5364.0
893	7531.0	5364.0
894	7531.0	5364.0
895	7531.0	5364.0
896	7531.0	5364.0
897	7531.0	5364.0
898	7531.0	5364.0
899	7531.0	5364.0
900	7531.0	5534.0
901	7531.0	5364.0
902	7531.0	5364.0
903	7531.0	5364.0
904	7531.0	5364.0
905	7531.0	5364.0
906	7531.0	5364.0
907	7531.0	5364.0
908	7531.0	5364.0
909	7531.0	5364.0
910	7531.0	5364.0
911	7531.0	5364.0
912	7531.0	5364.0
913	7531.0	5364.0
914	7531.0	5364.0
915	7531.0	5364.0
916	7531.0	5364.0
917	7531.0	5364.0
918	7531.0	5364.0
919	7531.0	5364.0
920	7531.0	5517.0
921	7531.0	5364.0
922	7531.0	5364.0
923	7531.0	5364.0
924	7531.0	5364.0
925	7531.0	5364.0
926	7531.0	5364.0
927	7531.0	5364.0
928	7531.0	5364.0
929	7531.0	5364.0
930	7531.0	5364.0
931	7531.0	5364.0
932	7531.0	5364.0
933	7531.0	5364.0
934	7531.0	5364.0
935	7531.0	5364.0
936	7531.0	5364.0
937	7531.0	5364.0
938	7531.0	5364.0
939	7531.0	5364.0
940	7531.0	5364.0
941	7531.0	5364.0
942	7531.0	5364.0
943	7531.0	5364.0
944	7531.0	5364.0
945	7531.0	5364.0
946	7531.0	5364.0
947	7531.0	5364.0
948	7531.0	5364.0
949	7531.0	5364.0
950	7531.0	5364.0
951	7531.0	5364.0
952	7531.0	5364.0
953	7531.0	5364.0
954	7531.0	5364.0
955	7531.0	5364.0
956	7531.0	5364.0
957	7531.0	5364.0
958	7531.0	5364.0
959	7531.0	5364.0
960	7531.0	5364.0
961	7531.0	5364.0
962	7531.0	5364.0
963	7531.0	5364.0
964	7531.0	5364.0
965	7531.0	5364.0
966	7531.0	5364.0
967	7531.0	5364.0
968	7531.0	5364.0
969	7531.0	5364.0
970	7531.0	5364.0
971	7531.0	5364.0
972	7531.0	5428.0
973	7531.0	5428.0
974	7531.0	5428.0
975	7531.0	5428.0
976	7531.0	5428.0
977	7531.0	5428.0
978	7531.0	5428.0
979	7531.0	5428.0
980	7531.0	5439.0
981	7531.0	5428.0
982	7531.0	5428.0
983	7531.0	5428.0
984	7531.0	5428.0
985	7531.0	5428.0
986	7531.0	5428.0
987	7531.0	5428.0
988	7531.0	5428.0
989	7531.0	5428.0
990	7531.0	5428.0
991	7531.0	5428.0
992	7531.0	5428.0
993	7531.0	5428.0
994	7531.0	5428.0
995	7531.0	5428.0
996	7531.0	5428.0
997	7531.0	5428.0
998	7531.0	5428.0
999	7531.0	5428.0
1000	7531.0	5462.0
