0	6284.0	1864.0
1	6284.0	2310.0
2	6547.0	2549.0
3	6547.0	2876.0
4	6547.0	2876.0
5	6547.0	3045.0
6	6616.0	3244.0
7	6616.0	3299.0
8	6616.0	3405.0
9	6616.0	3405.0
10	6616.0	3405.0
11	6616.0	3405.0
12	6616.0	3478.0
13	6616.0	3558.0
14	6616.0	3558.0
15	6616.0	3558.0
16	6616.0	3558.0
17	6616.0	3558.0
18	6616.0	3558.0
19	6616.0	3558.0
20	6616.0	4013.0
21	6616.0	3956.0
22	6616.0	3956.0
23	6616.0	3956.0
24	6616.0	3977.0
25	6835.0	3977.0
26	6835.0	3977.0
27	6835.0	3977.0
28	6835.0	3977.0
29	6835.0	3977.0
30	6835.0	3977.0
31	6835.0	3977.0
32	6835.0	4077.0
33	6835.0	4088.0
34	6835.0	4088.0
35	6835.0	4088.0
36	6835.0	4088.0
37	6835.0	4088.0
38	6835.0	4096.0
39	7063.0	4199.0
40	7063.0	4199.0
41	7063.0	4294.0
42	7063.0	4294.0
43	7063.0	4294.0
44	7063.0	4294.0
45	7063.0	4294.0
46	7063.0	4294.0
47	7063.0	4294.0
48	7063.0	4294.0
49	7063.0	4317.0
50	7063.0	4317.0
51	7063.0	4317.0
52	7063.0	4317.0
53	7063.0	4317.0
54	7063.0	4317.0
55	7063.0	4317.0
56	7063.0	4357.0
57	7063.0	4357.0
58	7063.0	4357.0
59	7063.0	4357.0
60	7063.0	4388.0
61	7063.0	4357.0
62	7063.0	4357.0
63	7063.0	4357.0
64	7063.0	4357.0
65	7063.0	4357.0
66	7063.0	4357.0
67	7063.0	4357.0
68	7063.0	4357.0
69	7063.0	4357.0
70	7063.0	4357.0
71	7063.0	4357.0
72	7063.0	4394.0
73	7063.0	4394.0
74	7063.0	4394.0
75	7063.0	4394.0
76	7063.0	4394.0
77	7063.0	4394.0
78	7063.0	4394.0
79	7063.0	4394.0
80	7063.0	4464.0
81	7063.0	4394.0
82	7063.0	4394.0
83	7063.0	4394.0
84	7063.0	4394.0
85	7063.0	4394.0
86	7063.0	4394.0
87	7063.0	4394.0
88	7063.0	4394.0
89	7063.0	4453.0
90	7063.0	4453.0
91	7063.0	4453.0
92	7063.0	4453.0
93	7063.0	4453.0
94	7063.0	4453.0
95	7063.0	4453.0
96	7063.0	4453.0
97	7063.0	4453.0
98	7063.0	4453.0
99	7063.0	4453.0
100	7063.0	4569.0
101	7063.0	4464.0
102	7063.0	4464.0
103	7063.0	4464.0
104	7063.0	4464.0
105	7063.0	4464.0
106	7063.0	4464.0
107	7063.0	4464.0
108	7063.0	4464.0
109	7063.0	4571.0
110	7063.0	4571.0
111	7063.0	4571.0
112	7063.0	4571.0
113	7063.0	4571.0
114	7063.0	4571.0
115	7063.0	4571.0
116	7287.0	4571.0
117	7287.0	4571.0
118	7287.0	4571.0
119	7287.0	4571.0
120	7287.0	4658.0
121	7287.0	4571.0
122	7287.0	4571.0
123	7287.0	4571.0
124	7287.0	4571.0
125	7287.0	4571.0
126	7287.0	4571.0
127	7287.0	4571.0
128	7287.0	4571.0
129	7287.0	4571.0
130	7287.0	4571.0
131	7287.0	4571.0
132	7287.0	4571.0
133	7287.0	4571.0
134	7287.0	4571.0
135	7287.0	4571.0
136	7287.0	4571.0
137	7287.0	4571.0
138	7287.0	4571.0
139	7287.0	4571.0
140	7287.0	4790.0
141	7358.0	4684.0
142	7358.0	4684.0
143	7358.0	4684.0
144	7358.0	4684.0
145	7358.0	4684.0
146	7358.0	4684.0
147	7358.0	4684.0
148	7358.0	4691.0
149	7358.0	4691.0
150	7358.0	4691.0
151	7358.0	4691.0
152	7358.0	4691.0
153	7358.0	4691.0
154	7358.0	4691.0
155	7358.0	4691.0
156	7358.0	4691.0
157	7358.0	4691.0
158	7358.0	4691.0
159	7358.0	4691.0
160	7358.0	4792.0
161	7358.0	4691.0
162	7358.0	4691.0
163	7358.0	4691.0
164	7358.0	4691.0
165	7358.0	4691.0
166	7358.0	4691.0
167	7358.0	4691.0
168	7358.0	4691.0
169	7358.0	4691.0
170	7358.0	4691.0
171	7358.0	4691.0
172	7358.0	4691.0
173	7358.0	4691.0
174	7358.0	4691.0
175	7358.0	4691.0
176	7358.0	4792.0
177	7358.0	4792.0
178	7358.0	4792.0
179	7358.0	4792.0
180	7358.0	4792.0
181	7358.0	4792.0
182	7358.0	4792.0
183	7358.0	4792.0
184	7358.0	4792.0
185	7358.0	4792.0
186	7358.0	4792.0
187	7358.0	4792.0
188	7358.0	4792.0
189	7358.0	4792.0
190	7358.0	4792.0
191	7358.0	4792.0
192	7358.0	4792.0
193	7358.0	4792.0
194	7358.0	4792.0
195	7358.0	4792.0
196	7358.0	4792.0
197	7358.0	4792.0
198	7358.0	4792.0
199	7358.0	4792.0
200	7358.0	4920.0
201	7358.0	4792.0
202	7358.0	4792.0
203	7358.0	4792.0
204	7358.0	4792.0
205	7358.0	4792.0
206	7358.0	4792.0
207	7358.0	4792.0
208	7358.0	4792.0
209	7358.0	4792.0
210	7358.0	4792.0
211	7358.0	4792.0
212	7358.0	4792.0
213	7358.0	4792.0
214	7358.0	4792.0
215	7358.0	4792.0
216	7358.0	4792.0
217	7358.0	4792.0
218	7358.0	4792.0
219	7358.0	4792.0
220	7358.0	4938.0
221	7358.0	4792.0
222	7358.0	4792.0
223	7358.0	4792.0
224	7358.0	4792.0
225	7358.0	4792.0
226	7358.0	4792.0
227	7358.0	4792.0
228	7358.0	4792.0
229	7358.0	4792.0
230	7358.0	4792.0
231	7358.0	4792.0
232	7358.0	4792.0
233	7358.0	4792.0
234	7358.0	4792.0
235	7358.0	4792.0
236	7358.0	4792.0
237	7358.0	4792.0
238	7358.0	4792.0
239	7358.0	4792.0
240	7358.0	4792.0
241	7358.0	4833.0
242	7358.0	4833.0
243	7358.0	4833.0
244	7358.0	4833.0
245	7358.0	4833.0
246	7358.0	4833.0
247	7358.0	4833.0
248	7358.0	4833.0
249	7358.0	4833.0
250	7358.0	4833.0
251	7358.0	4833.0
252	7358.0	4833.0
253	7358.0	4833.0
254	7358.0	4833.0
255	7358.0	4833.0
256	7358.0	4833.0
257	7358.0	4833.0
258	7358.0	4833.0
259	7358.0	4833.0
260	7358.0	4937.0
261	7358.0	4833.0
262	7358.0	4833.0
263	7358.0	4833.0
264	7358.0	4833.0
265	7358.0	4833.0
266	7358.0	4878.0
267	7358.0	4878.0
268	7358.0	4878.0
269	7358.0	4878.0
270	7358.0	4878.0
271	7358.0	4878.0
272	7358.0	4878.0
273	7358.0	4878.0
274	7358.0	4878.0
275	7358.0	4878.0
276	7358.0	4878.0
277	7358.0	4878.0
278	7358.0	4878.0
279	7358.0	4878.0
280	7358.0	4878.0
281	7358.0	4878.0
282	7358.0	4878.0
283	7358.0	4878.0
284	7358.0	4878.0
285	7358.0	4878.0
286	7358.0	4878.0
287	7358.0	4878.0
288	7358.0	4878.0
289	7358.0	4878.0
290	7358.0	4878.0
291	7358.0	4878.0
292	7358.0	4878.0
293	7358.0	4878.0
294	7358.0	4878.0
295	7358.0	4878.0
296	7358.0	4878.0
297	7358.0	4878.0
298	7358.0	4878.0
299	7358.0	4878.0
300	7358.0	5117.0
301	7358.0	4878.0
302	7358.0	4878.0
303	7358.0	4878.0
304	7358.0	4878.0
305	7358.0	4878.0
306	7358.0	4878.0
307	7358.0	4878.0
308	7358.0	4878.0
309	7358.0	4878.0
310	7358.0	4878.0
311	7358.0	4878.0
312	7358.0	4878.0
313	7358.0	4878.0
314	7358.0	4878.0
315	7358.0	4878.0
316	7588.0	4878.0
317	7588.0	4878.0
318	7588.0	4878.0
319	7588.0	4878.0
320	7588.0	5074.0
321	7588.0	4878.0
322	7588.0	4878.0
323	7588.0	4878.0
324	7588.0	4878.0
325	7588.0	4878.0
326	7588.0	4878.0
327	7588.0	4878.0
328	7588.0	4878.0
329	7588.0	4878.0
330	7588.0	4878.0
331	7588.0	4878.0
332	7588.0	4878.0
333	7588.0	4878.0
334	7588.0	4878.0
335	7588.0	4878.0
336	7588.0	4878.0
337	7588.0	4878.0
338	7588.0	4878.0
339	7588.0	4878.0
340	7588.0	5146.0
341	7588.0	4887.0
342	7588.0	4887.0
343	7588.0	4887.0
344	7588.0	4887.0
345	7588.0	4887.0
346	7588.0	4887.0
347	7588.0	4887.0
348	7588.0	4887.0
349	7588.0	4887.0
350	7588.0	4887.0
351	7588.0	4887.0
352	7588.0	4887.0
353	7588.0	4887.0
354	7588.0	4887.0
355	7588.0	4887.0
356	7588.0	4887.0
357	7588.0	4887.0
358	7588.0	5022.0
359	7588.0	5022.0
360	7588.0	5096.0
361	7588.0	5065.0
362	7588.0	5065.0
363	7588.0	5065.0
364	7588.0	5065.0
365	7588.0	5065.0
366	7588.0	5065.0
367	7588.0	5065.0
368	7588.0	5065.0
369	7588.0	5065.0
370	7588.0	5065.0
371	7588.0	5065.0
372	7588.0	5065.0
373	7588.0	5065.0
374	7588.0	5065.0
375	7588.0	5065.0
376	7588.0	5065.0
377	7588.0	5065.0
378	7588.0	5065.0
379	7588.0	5065.0
380	7588.0	5124.0
381	7588.0	5065.0
382	7588.0	5065.0
383	7588.0	5065.0
384	7588.0	5065.0
385	7588.0	5065.0
386	7588.0	5065.0
387	7588.0	5065.0
388	7588.0	5065.0
389	7588.0	5065.0
390	7588.0	5065.0
391	7588.0	5065.0
392	7588.0	5065.0
393	7588.0	5065.0
394	7588.0	5065.0
395	7588.0	5065.0
396	7588.0	5065.0
397	7588.0	5065.0
398	7588.0	5065.0
399	7588.0	5065.0
400	7588.0	5065.0
401	7588.0	5065.0
402	7588.0	5065.0
403	7588.0	5065.0
404	7588.0	5065.0
405	7588.0	5065.0
406	7588.0	5065.0
407	7588.0	5065.0
408	7588.0	5065.0
409	7588.0	5065.0
410	7588.0	5065.0
411	7588.0	5065.0
412	7588.0	5065.0
413	7588.0	5065.0
414	7588.0	5065.0
415	7588.0	5065.0
416	7588.0	5065.0
417	7588.0	5065.0
418	7588.0	5065.0
419	7588.0	5065.0
420	7588.0	5116.0
421	7588.0	5065.0
422	7588.0	5065.0
423	7588.0	5065.0
424	7588.0	5065.0
425	7588.0	5065.0
426	7588.0	5065.0
427	7588.0	5065.0
428	7588.0	5065.0
429	7588.0	5065.0
430	7588.0	5065.0
431	7588.0	5065.0
432	7588.0	5065.0
433	7588.0	5065.0
434	7588.0	5065.0
435	7588.0	5065.0
436	7588.0	5065.0
437	7588.0	5065.0
438	7588.0	5065.0
439	7588.0	5065.0
440	7588.0	5230.0
441	7588.0	5065.0
442	7588.0	5065.0
443	7588.0	5065.0
444	7588.0	5065.0
445	7588.0	5065.0
446	7588.0	5065.0
447	7588.0	5065.0
448	7588.0	5065.0
449	7588.0	5065.0
450	7588.0	5065.0
451	7588.0	5065.0
452	7588.0	5065.0
453	7588.0	5065.0
454	7588.0	5065.0
455	7588.0	5065.0
456	7588.0	5065.0
457	7588.0	5065.0
458	7588.0	5065.0
459	7588.0	5065.0
460	7588.0	5136.0
461	7588.0	5065.0
462	7588.0	5065.0
463	7588.0	5065.0
464	7588.0	5065.0
465	7588.0	5065.0
466	7588.0	5065.0
467	7588.0	5065.0
468	7588.0	5065.0
469	7588.0	5065.0
470	7588.0	5065.0
471	7588.0	5065.0
472	7588.0	5065.0
473	7588.0	5065.0
474	7588.0	5065.0
475	7588.0	5065.0
476	7588.0	5065.0
477	7588.0	5065.0
478	7588.0	5065.0
479	7588.0	5065.0
480	7588.0	5065.0
481	7588.0	5065.0
482	7588.0	5065.0
483	7588.0	5065.0
484	7588.0	5065.0
485	7588.0	5065.0
486	7588.0	5065.0
487	7588.0	5065.0
488	7588.0	5065.0
489	7588.0	5065.0
490	7588.0	5065.0
491	7588.0	5065.0
492	7588.0	5065.0
493	7588.0	5065.0
494	7588.0	5065.0
495	7588.0	5065.0
496	7588.0	5065.0
497	7588.0	5065.0
498	7588.0	5065.0
499	7588.0	5065.0
500	7588.0	5292.0
501	7588.0	5065.0
502	7588.0	5065.0
503	7588.0	5065.0
504	7588.0	5065.0
505	7588.0	5065.0
506	7588.0	5065.0
507	7588.0	5065.0
508	7588.0	5065.0
509	7588.0	5065.0
510	7588.0	5065.0
511	7588.0	5065.0
512	7588.0	5065.0
513	7588.0	5065.0
514	7588.0	5065.0
515	7588.0	5065.0
516	7588.0	5065.0
517	7588.0	5065.0
518	7588.0	5065.0
519	7588.0	5065.0
520	7588.0	5307.0
521	7588.0	5065.0
522	7588.0	5065.0
523	7588.0	5065.0
524	7588.0	5065.0
525	7588.0	5065.0
526	7588.0	5065.0
527	7588.0	5065.0
528	7588.0	5065.0
529	7588.0	5065.0
530	7588.0	5065.0
531	7588.0	5065.0
532	7588.0	5065.0
533	7588.0	5065.0
534	7588.0	5065.0
535	7588.0	5065.0
536	7588.0	5065.0
537	7588.0	5065.0
538	7588.0	5065.0
539	7588.0	5065.0
540	7588.0	5237.0
541	7588.0	5065.0
542	7588.0	5065.0
543	7588.0	5065.0
544	7588.0	5065.0
545	7588.0	5065.0
546	7588.0	5065.0
547	7588.0	5065.0
548	7588.0	5065.0
549	7588.0	5065.0
550	7588.0	5065.0
551	7588.0	5065.0
552	7588.0	5065.0
553	7588.0	5065.0
554	7588.0	5065.0
555	7588.0	5065.0
556	7588.0	5065.0
557	7588.0	5065.0
558	7588.0	5065.0
559	7588.0	5065.0
560	7588.0	5065.0
561	7588.0	5065.0
562	7588.0	5065.0
563	7588.0	5065.0
564	7588.0	5065.0
565	7588.0	5230.0
566	7588.0	5230.0
567	7588.0	5230.0
568	7588.0	5230.0
569	7588.0	5230.0
570	7588.0	5230.0
571	7588.0	5230.0
572	7588.0	5230.0
573	7588.0	5230.0
574	7588.0	5230.0
575	7588.0	5230.0
576	7588.0	5230.0
577	7588.0	5230.0
578	7588.0	5230.0
579	7588.0	5230.0
580	7588.0	5230.0
581	7588.0	5230.0
582	7588.0	5230.0
583	7588.0	5230.0
584	7588.0	5230.0
585	7588.0	5230.0
586	7588.0	5230.0
587	7588.0	5230.0
588	7588.0	5230.0
589	7588.0	5230.0
590	7588.0	5230.0
591	7588.0	5230.0
592	7588.0	5230.0
593	7588.0	5230.0
594	7588.0	5230.0
595	7588.0	5230.0
596	7588.0	5230.0
597	7588.0	5230.0
598	7588.0	5230.0
599	7588.0	5230.0
600	7588.0	5338.0
601	7588.0	5230.0
602	7588.0	5230.0
603	7588.0	5230.0
604	7588.0	5230.0
605	7588.0	5230.0
606	7588.0	5230.0
607	7588.0	5230.0
608	7588.0	5230.0
609	7588.0	5230.0
610	7588.0	5230.0
611	7588.0	5230.0
612	7588.0	5230.0
613	7588.0	5230.0
614	7588.0	5230.0
615	7588.0	5230.0
616	7588.0	5230.0
617	7588.0	5230.0
618	7588.0	5230.0
619	7588.0	5230.0
620	7588.0	5333.0
621	7588.0	5230.0
622	7588.0	5230.0
623	7588.0	5230.0
624	7588.0	5230.0
625	7588.0	5230.0
626	7588.0	5230.0
627	7588.0	5230.0
628	7588.0	5230.0
629	7588.0	5230.0
630	7588.0	5230.0
631	7588.0	5230.0
632	7588.0	5230.0
633	7588.0	5230.0
634	7588.0	5230.0
635	7588.0	5230.0
636	7588.0	5238.0
637	7588.0	5238.0
638	7588.0	5238.0
639	7588.0	5238.0
640	7588.0	5323.0
641	7588.0	5238.0
642	7588.0	5238.0
643	7588.0	5238.0
644	7588.0	5238.0
645	7588.0	5238.0
646	7588.0	5238.0
647	7588.0	5238.0
648	7588.0	5238.0
649	7588.0	5238.0
650	7588.0	5238.0
651	7588.0	5238.0
652	7588.0	5238.0
653	7588.0	5238.0
654	7588.0	5238.0
655	7588.0	5238.0
656	7588.0	5238.0
657	7588.0	5238.0
658	7588.0	5238.0
659	7588.0	5238.0
660	7588.0	5238.0
661	7588.0	5238.0
662	7588.0	5238.0
663	7588.0	5238.0
664	7588.0	5238.0
665	7588.0	5238.0
666	7588.0	5238.0
667	7588.0	5238.0
668	7588.0	5238.0
669	7588.0	5238.0
670	7588.0	5238.0
671	7588.0	5238.0
672	7588.0	5238.0
673	7588.0	5238.0
674	7588.0	5238.0
675	7588.0	5238.0
676	7588.0	5238.0
677	7588.0	5238.0
678	7588.0	5238.0
679	7588.0	5238.0
680	7588.0	5333.0
681	7588.0	5238.0
682	7588.0	5238.0
683	7588.0	5238.0
684	7588.0	5238.0
685	7588.0	5238.0
686	7588.0	5238.0
687	7588.0	5238.0
688	7588.0	5238.0
689	7588.0	5238.0
690	7588.0	5238.0
691	7588.0	5238.0
692	7588.0	5238.0
693	7588.0	5238.0
694	7588.0	5238.0
695	7588.0	5238.0
696	7588.0	5238.0
697	7588.0	5238.0
698	7588.0	5238.0
699	7588.0	5238.0
700	7588.0	5351.0
701	7588.0	5238.0
702	7588.0	5238.0
703	7588.0	5238.0
704	7588.0	5238.0
705	7588.0	5238.0
706	7588.0	5238.0
707	7588.0	5238.0
708	7588.0	5238.0
709	7588.0	5238.0
710	7588.0	5238.0
711	7588.0	5238.0
712	7588.0	5238.0
713	7588.0	5238.0
714	7588.0	5238.0
715	7588.0	5238.0
716	7588.0	5238.0
717	7588.0	5238.0
718	7588.0	5238.0
719	7588.0	5256.0
720	7588.0	5338.0
721	7588.0	5256.0
722	7588.0	5256.0
723	7588.0	5256.0
724	7588.0	5256.0
725	7588.0	5256.0
726	7588.0	5256.0
727	7588.0	5256.0
728	7588.0	5256.0
729	7588.0	5256.0
730	7588.0	5256.0
731	7588.0	5256.0
732	7588.0	5256.0
733	7588.0	5256.0
734	7588.0	5256.0
735	7588.0	5256.0
736	7588.0	5256.0
737	7588.0	5256.0
738	7588.0	5256.0
739	7588.0	5256.0
740	7588.0	5344.0
741	7588.0	5256.0
742	7588.0	5256.0
743	7588.0	5256.0
744	7588.0	5256.0
745	7588.0	5256.0
746	7588.0	5256.0
747	7588.0	5256.0
748	7588.0	5256.0
749	7588.0	5256.0
750	7588.0	5256.0
751	7588.0	5256.0
752	7588.0	5256.0
753	7588.0	5256.0
754	7588.0	5256.0
755	7588.0	5256.0
756	7588.0	5256.0
757	7588.0	5256.0
758	7588.0	5256.0
759	7588.0	5256.0
760	7588.0	5409.0
761	7588.0	5256.0
762	7588.0	5256.0
763	7588.0	5256.0
764	7588.0	5256.0
765	7588.0	5256.0
766	7588.0	5256.0
767	7588.0	5256.0
768	7588.0	5256.0
769	7588.0	5256.0
770	7588.0	5256.0
771	7588.0	5256.0
772	7588.0	5256.0
773	7588.0	5256.0
774	7588.0	5256.0
775	7588.0	5256.0
776	7588.0	5256.0
777	7588.0	5256.0
778	7588.0	5256.0
779	7588.0	5256.0
780	7588.0	5256.0
781	7588.0	5256.0
782	7588.0	5256.0
783	7588.0	5256.0
784	7588.0	5256.0
785	7588.0	5256.0
786	7588.0	5256.0
787	7588.0	5256.0
788	7588.0	5256.0
789	7588.0	5256.0
790	7588.0	5256.0
791	7588.0	5256.0
792	7588.0	5256.0
793	7588.0	5256.0
794	7588.0	5256.0
795	7588.0	5256.0
796	7588.0	5256.0
797	7588.0	5256.0
798	7588.0	5256.0
799	7588.0	5256.0
800	7588.0	5430.0
801	7588.0	5256.0
802	7588.0	5256.0
803	7588.0	5256.0
804	7588.0	5256.0
805	7588.0	5256.0
806	7588.0	5256.0
807	7588.0	5256.0
808	7588.0	5256.0
809	7588.0	5256.0
810	7588.0	5256.0
811	7588.0	5256.0
812	7588.0	5256.0
813	7588.0	5256.0
814	7588.0	5256.0
815	7588.0	5256.0
816	7588.0	5256.0
817	7588.0	5256.0
818	7588.0	5256.0
819	7588.0	5256.0
820	7588.0	5438.0
821	7588.0	5256.0
822	7588.0	5256.0
823	7588.0	5256.0
824	7588.0	5256.0
825	7588.0	5256.0
826	7588.0	5256.0
827	7588.0	5256.0
828	7588.0	5256.0
829	7588.0	5256.0
830	7588.0	5256.0
831	7588.0	5256.0
832	7588.0	5256.0
833	7588.0	5256.0
834	7588.0	5256.0
835	7588.0	5256.0
836	7588.0	5256.0
837	7588.0	5256.0
838	7588.0	5256.0
839	7588.0	5256.0
840	7588.0	5344.0
841	7588.0	5256.0
842	7588.0	5256.0
843	7588.0	5256.0
844	7588.0	5256.0
845	7588.0	5256.0
846	7588.0	5256.0
847	7588.0	5256.0
848	7588.0	5256.0
849	7588.0	5256.0
850	7588.0	5256.0
851	7588.0	5256.0
852	7588.0	5256.0
853	7588.0	5256.0
854	7588.0	5256.0
855	7588.0	5256.0
856	7588.0	5256.0
857	7588.0	5256.0
858	7588.0	5256.0
859	7588.0	5256.0
860	7588.0	5344.0
861	7588.0	5256.0
862	7588.0	5256.0
863	7588.0	5256.0
864	7588.0	5256.0
865	7588.0	5256.0
866	7588.0	5256.0
867	7588.0	5256.0
868	7588.0	5256.0
869	7588.0	5256.0
870	7588.0	5256.0
871	7588.0	5256.0
872	7588.0	5256.0
873	7588.0	5256.0
874	7588.0	5256.0
875	7588.0	5256.0
876	7588.0	5256.0
877	7588.0	5256.0
878	7588.0	5256.0
879	7588.0	5256.0
880	7588.0	5417.0
881	7588.0	5256.0
882	7588.0	5256.0
883	7588.0	5256.0
884	7588.0	5256.0
885	7588.0	5256.0
886	7588.0	5256.0
887	7588.0	5256.0
888	7588.0	5256.0
889	7588.0	5256.0
890	7588.0	5256.0
891	7588.0	5256.0
892	7588.0	5256.0
893	7588.0	5256.0
894	7588.0	5256.0
895	7588.0	5256.0
896	7588.0	5256.0
897	7588.0	5256.0
898	7588.0	5256.0
899	7588.0	5256.0
900	7588.0	5344.0
901	7588.0	5256.0
902	7588.0	5256.0
903	7588.0	5256.0
904	7588.0	5256.0
905	7588.0	5256.0
906	7588.0	5256.0
907	7588.0	5256.0
908	7588.0	5256.0
909	7588.0	5256.0
910	7588.0	5256.0
911	7588.0	5256.0
912	7588.0	5256.0
913	7588.0	5256.0
914	7588.0	5256.0
915	7588.0	5256.0
916	7588.0	5256.0
917	7588.0	5256.0
918	7588.0	5256.0
919	7588.0	5256.0
920	7588.0	5256.0
921	7588.0	5256.0
922	7588.0	5256.0
923	7588.0	5256.0
924	7588.0	5256.0
925	7588.0	5256.0
926	7588.0	5256.0
927	7588.0	5256.0
928	7588.0	5256.0
929	7588.0	5256.0
930	7588.0	5256.0
931	7588.0	5256.0
932	7588.0	5256.0
933	7588.0	5256.0
934	7588.0	5256.0
935	7588.0	5256.0
936	7588.0	5256.0
937	7588.0	5256.0
938	7588.0	5256.0
939	7588.0	5256.0
940	7588.0	5461.0
941	7588.0	5256.0
942	7588.0	5256.0
943	7588.0	5256.0
944	7588.0	5256.0
945	7588.0	5256.0
946	7588.0	5256.0
947	7588.0	5256.0
948	7588.0	5256.0
949	7588.0	5256.0
950	7588.0	5256.0
951	7588.0	5256.0
952	7588.0	5256.0
953	7588.0	5256.0
954	7588.0	5256.0
955	7588.0	5256.0
956	7588.0	5256.0
957	7588.0	5256.0
958	7588.0	5256.0
959	7588.0	5256.0
960	7588.0	5344.0
961	7588.0	5256.0
962	7588.0	5256.0
963	7588.0	5256.0
964	7588.0	5256.0
965	7588.0	5256.0
966	7588.0	5256.0
967	7588.0	5256.0
968	7588.0	5256.0
969	7588.0	5256.0
970	7588.0	5256.0
971	7588.0	5256.0
972	7588.0	5256.0
973	7588.0	5256.0
974	7588.0	5256.0
975	7588.0	5256.0
976	7588.0	5256.0
977	7588.0	5256.0
978	7588.0	5256.0
979	7588.0	5256.0
980	7588.0	5344.0
981	7588.0	5256.0
982	7588.0	5256.0
983	7588.0	5256.0
984	7588.0	5256.0
985	7588.0	5256.0
986	7588.0	5256.0
987	7588.0	5256.0
988	7588.0	5256.0
989	7588.0	5256.0
990	7588.0	5256.0
991	7588.0	5256.0
992	7588.0	5256.0
993	7588.0	5256.0
994	7588.0	5256.0
995	7588.0	5256.0
996	7588.0	5256.0
997	7588.0	5256.0
998	7588.0	5256.0
999	7588.0	5256.0
1000	7588.0	5356.0
