0	5823.0	1594.0
1	5922.0	2287.0
2	5982.0	2442.0
3	5982.0	2691.0
4	5982.0	2952.0
5	5982.0	3014.0
6	5982.0	3049.0
7	6216.0	3377.0
8	6216.0	3439.0
9	6635.0	3439.0
10	6635.0	3511.0
11	6635.0	3511.0
12	6635.0	3518.0
13	6635.0	3518.0
14	6635.0	3557.0
15	6635.0	3557.0
16	6635.0	3557.0
17	6635.0	3557.0
18	6647.0	3557.0
19	6647.0	3646.0
20	6802.0	3767.0
21	6802.0	3646.0
22	6802.0	3683.0
23	6802.0	3683.0
24	6802.0	3767.0
25	6802.0	3767.0
26	6802.0	3859.0
27	6802.0	3859.0
28	6802.0	3859.0
29	6802.0	3859.0
30	6802.0	3898.0
31	6802.0	3898.0
32	6802.0	3898.0
33	6802.0	3898.0
34	6802.0	3898.0
35	6802.0	3898.0
36	6802.0	3898.0
37	6802.0	3898.0
38	6802.0	3898.0
39	6802.0	3898.0
40	6802.0	4139.0
41	6802.0	4126.0
42	6802.0	4126.0
43	6802.0	4126.0
44	6802.0	4126.0
45	6802.0	4126.0
46	6802.0	4148.0
47	6802.0	4148.0
48	6802.0	4148.0
49	6802.0	4148.0
50	6802.0	4148.0
51	6802.0	4148.0
52	6802.0	4148.0
53	6802.0	4148.0
54	6802.0	4148.0
55	6802.0	4148.0
56	6802.0	4148.0
57	6802.0	4148.0
58	6802.0	4148.0
59	6802.0	4148.0
60	6802.0	4260.0
61	6802.0	4369.0
62	6802.0	4369.0
63	6802.0	4369.0
64	6802.0	4425.0
65	6802.0	4425.0
66	6802.0	4425.0
67	6802.0	4425.0
68	6802.0	4425.0
69	6802.0	4425.0
70	6802.0	4425.0
71	6802.0	4425.0
72	6931.0	4425.0
73	6931.0	4425.0
74	6931.0	4425.0
75	6931.0	4425.0
76	6931.0	4425.0
77	6931.0	4425.0
78	6931.0	4425.0
79	6931.0	4425.0
80	6931.0	4527.0
81	6931.0	4425.0
82	6931.0	4425.0
83	6931.0	4425.0
84	6931.0	4425.0
85	6931.0	4476.0
86	6931.0	4526.0
87	6931.0	4527.0
88	6931.0	4527.0
89	7059.0	4527.0
90	7059.0	4527.0
91	7059.0	4527.0
92	7059.0	4527.0
93	7059.0	4527.0
94	7059.0	4527.0
95	7059.0	4527.0
96	7059.0	4527.0
97	7059.0	4527.0
98	7059.0	4527.0
99	7059.0	4527.0
100	7059.0	4681.0
101	7059.0	4572.0
102	7059.0	4572.0
103	7059.0	4572.0
104	7059.0	4572.0
105	7059.0	4572.0
106	7059.0	4572.0
107	7059.0	4572.0
108	7059.0	4572.0
109	7059.0	4572.0
110	7059.0	4572.0
111	7059.0	4572.0
112	7059.0	4572.0
113	7059.0	4572.0
114	7059.0	4572.0
115	7059.0	4572.0
116	7059.0	4572.0
117	7059.0	4572.0
118	7059.0	4572.0
119	7059.0	4613.0
120	7059.0	4687.0
121	7059.0	4613.0
122	7059.0	4681.0
123	7059.0	4681.0
124	7059.0	4681.0
125	7059.0	4681.0
126	7059.0	4681.0
127	7059.0	4681.0
128	7059.0	4681.0
129	7059.0	4681.0
130	7059.0	4681.0
131	7059.0	4681.0
132	7059.0	4681.0
133	7059.0	4681.0
134	7059.0	4681.0
135	7059.0	4681.0
136	7059.0	4681.0
137	7059.0	4681.0
138	7059.0	4681.0
139	7059.0	4681.0
140	7059.0	4727.0
141	7059.0	4681.0
142	7059.0	4681.0
143	7059.0	4681.0
144	7059.0	4681.0
145	7059.0	4727.0
146	7059.0	4727.0
147	7059.0	4727.0
148	7059.0	4727.0
149	7059.0	4730.0
150	7059.0	4735.0
151	7059.0	4735.0
152	7059.0	4735.0
153	7059.0	4735.0
154	7059.0	4735.0
155	7059.0	4735.0
156	7059.0	4735.0
157	7059.0	4735.0
158	7059.0	4735.0
159	7059.0	4735.0
160	7059.0	4826.0
161	7059.0	4735.0
162	7059.0	4735.0
163	7059.0	4735.0
164	7059.0	4735.0
165	7059.0	4735.0
166	7059.0	4735.0
167	7059.0	4735.0
168	7059.0	4735.0
169	7059.0	4768.0
170	7059.0	4768.0
171	7059.0	4768.0
172	7059.0	4768.0
173	7059.0	4768.0
174	7059.0	4779.0
175	7059.0	4779.0
176	7059.0	4779.0
177	7059.0	4779.0
178	7059.0	4779.0
179	7059.0	4779.0
180	7059.0	4826.0
181	7059.0	4779.0
182	7059.0	4779.0
183	7059.0	4779.0
184	7059.0	4779.0
185	7059.0	4779.0
186	7059.0	4779.0
187	7059.0	4779.0
188	7059.0	4779.0
189	7059.0	4779.0
190	7059.0	4779.0
191	7059.0	4779.0
192	7059.0	4779.0
193	7059.0	4779.0
194	7059.0	4779.0
195	7059.0	4779.0
196	7059.0	4779.0
197	7059.0	4779.0
198	7059.0	4779.0
199	7059.0	4779.0
200	7059.0	4901.0
201	7059.0	4779.0
202	7059.0	4779.0
203	7059.0	4779.0
204	7059.0	4779.0
205	7059.0	4779.0
206	7059.0	4779.0
207	7059.0	4779.0
208	7059.0	4779.0
209	7059.0	4779.0
210	7059.0	4880.0
211	7059.0	4880.0
212	7059.0	4880.0
213	7059.0	4880.0
214	7059.0	4880.0
215	7059.0	4880.0
216	7059.0	4880.0
217	7059.0	4880.0
218	7059.0	4880.0
219	7059.0	4880.0
220	7059.0	4976.0
221	7059.0	4880.0
222	7059.0	4880.0
223	7059.0	4880.0
224	7059.0	4880.0
225	7059.0	4880.0
226	7059.0	4880.0
227	7059.0	4880.0
228	7059.0	4880.0
229	7059.0	4880.0
230	7059.0	4880.0
231	7059.0	4880.0
232	7059.0	4880.0
233	7059.0	4880.0
234	7059.0	4880.0
235	7059.0	4880.0
236	7059.0	4880.0
237	7059.0	4880.0
238	7059.0	4880.0
239	7059.0	4880.0
240	7059.0	4880.0
241	7059.0	4880.0
242	7059.0	4880.0
243	7059.0	4880.0
244	7059.0	4880.0
245	7059.0	4880.0
246	7059.0	4880.0
247	7059.0	4880.0
248	7059.0	4880.0
249	7059.0	4880.0
250	7059.0	4880.0
251	7059.0	4880.0
252	7059.0	4880.0
253	7059.0	4880.0
254	7059.0	4880.0
255	7059.0	4880.0
256	7059.0	4880.0
257	7059.0	4880.0
258	7059.0	4880.0
259	7059.0	4880.0
260	7059.0	5102.0
261	7059.0	4880.0
262	7059.0	4880.0
263	7059.0	4880.0
264	7059.0	4880.0
265	7059.0	4880.0
266	7059.0	4880.0
267	7059.0	4880.0
268	7059.0	4880.0
269	7059.0	4880.0
270	7059.0	4891.0
271	7490.0	4891.0
272	7490.0	4891.0
273	7490.0	4891.0
274	7490.0	4891.0
275	7490.0	4891.0
276	7490.0	4891.0
277	7490.0	4891.0
278	7490.0	4891.0
279	7490.0	4891.0
280	7490.0	4891.0
281	7490.0	4891.0
282	7490.0	4891.0
283	7490.0	4891.0
284	7490.0	4891.0
285	7490.0	4891.0
286	7490.0	4891.0
287	7490.0	4891.0
288	7490.0	4891.0
289	7490.0	4891.0
290	7490.0	4891.0
291	7490.0	4891.0
292	7490.0	4891.0
293	7490.0	4891.0
294	7490.0	4891.0
295	7490.0	4891.0
296	7490.0	4891.0
297	7490.0	4891.0
298	7490.0	4891.0
299	7490.0	4891.0
300	7490.0	5013.0
301	7490.0	4891.0
302	7490.0	4891.0
303	7490.0	4891.0
304	7490.0	4891.0
305	7490.0	4891.0
306	7490.0	4891.0
307	7490.0	4891.0
308	7490.0	4891.0
309	7490.0	4891.0
310	7490.0	4891.0
311	7490.0	4891.0
312	7490.0	4891.0
313	7490.0	4891.0
314	7490.0	4891.0
315	7490.0	4891.0
316	7490.0	4891.0
317	7490.0	4891.0
318	7490.0	4891.0
319	7490.0	4891.0
320	7490.0	5158.0
321	7490.0	4891.0
322	7490.0	4891.0
323	7490.0	4891.0
324	7490.0	4891.0
325	7490.0	4891.0
326	7490.0	4891.0
327	7490.0	4891.0
328	7490.0	4891.0
329	7490.0	4891.0
330	7490.0	4891.0
331	7490.0	4891.0
332	7490.0	5120.0
333	7490.0	5120.0
334	7490.0	5120.0
335	7490.0	5120.0
336	7490.0	5120.0
337	7490.0	5120.0
338	7490.0	5120.0
339	7490.0	5120.0
340	7490.0	5120.0
341	7490.0	5120.0
342	7490.0	5120.0
343	7490.0	5120.0
344	7490.0	5120.0
345	7490.0	5120.0
346	7490.0	5120.0
347	7490.0	5120.0
348	7490.0	5120.0
349	7490.0	5120.0
350	7490.0	5120.0
351	7490.0	5120.0
352	7490.0	5120.0
353	7490.0	5120.0
354	7490.0	5120.0
355	7490.0	5120.0
356	7490.0	5120.0
357	7490.0	5120.0
358	7490.0	5120.0
359	7490.0	5120.0
360	7490.0	5272.0
361	7490.0	5120.0
362	7490.0	5120.0
363	7490.0	5120.0
364	7490.0	5120.0
365	7490.0	5120.0
366	7490.0	5120.0
367	7490.0	5120.0
368	7490.0	5120.0
369	7490.0	5120.0
370	7490.0	5120.0
371	7490.0	5120.0
372	7490.0	5120.0
373	7490.0	5120.0
374	7490.0	5120.0
375	7490.0	5120.0
376	7490.0	5120.0
377	7490.0	5120.0
378	7490.0	5120.0
379	7490.0	5120.0
380	7490.0	5303.0
381	7490.0	5120.0
382	7490.0	5120.0
383	7490.0	5120.0
384	7490.0	5120.0
385	7490.0	5120.0
386	7490.0	5120.0
387	7490.0	5120.0
388	7490.0	5120.0
389	7490.0	5120.0
390	7490.0	5120.0
391	7490.0	5120.0
392	7490.0	5120.0
393	7490.0	5120.0
394	7490.0	5120.0
395	7490.0	5120.0
396	7490.0	5120.0
397	7490.0	5120.0
398	7490.0	5120.0
399	7490.0	5120.0
400	7490.0	5120.0
401	7490.0	5120.0
402	7490.0	5120.0
403	7490.0	5120.0
404	7490.0	5120.0
405	7490.0	5120.0
406	7490.0	5120.0
407	7490.0	5120.0
408	7490.0	5120.0
409	7490.0	5120.0
410	7490.0	5120.0
411	7490.0	5120.0
412	7490.0	5120.0
413	7490.0	5120.0
414	7490.0	5120.0
415	7490.0	5120.0
416	7490.0	5120.0
417	7490.0	5120.0
418	7490.0	5120.0
419	7490.0	5120.0
420	7490.0	5120.0
421	7490.0	5120.0
422	7490.0	5120.0
423	7490.0	5120.0
424	7490.0	5120.0
425	7490.0	5120.0
426	7490.0	5120.0
427	7490.0	5120.0
428	7490.0	5120.0
429	7490.0	5120.0
430	7490.0	5120.0
431	7490.0	5120.0
432	7490.0	5120.0
433	7490.0	5120.0
434	7490.0	5120.0
435	7490.0	5120.0
436	7490.0	5120.0
437	7490.0	5120.0
438	7490.0	5120.0
439	7490.0	5120.0
440	7490.0	5120.0
441	7490.0	5120.0
442	7490.0	5120.0
443	7490.0	5120.0
444	7490.0	5120.0
445	7490.0	5120.0
446	7490.0	5120.0
447	7490.0	5120.0
448	7490.0	5120.0
449	7490.0	5120.0
450	7490.0	5120.0
451	7490.0	5120.0
452	7490.0	5120.0
453	7490.0	5120.0
454	7490.0	5120.0
455	7490.0	5120.0
456	7609.0	5120.0
457	7609.0	5120.0
458	7609.0	5120.0
459	7609.0	5120.0
460	7609.0	5333.0
461	7609.0	5120.0
462	7609.0	5120.0
463	7609.0	5120.0
464	7609.0	5120.0
465	7609.0	5120.0
466	7609.0	5120.0
467	7609.0	5120.0
468	7609.0	5120.0
469	7609.0	5120.0
470	7609.0	5120.0
471	7609.0	5120.0
472	7609.0	5120.0
473	7609.0	5120.0
474	7609.0	5198.0
475	7609.0	5198.0
476	7609.0	5198.0
477	7609.0	5198.0
478	7609.0	5198.0
479	7609.0	5198.0
480	7609.0	5198.0
481	7609.0	5198.0
482	7609.0	5198.0
483	7609.0	5198.0
484	7609.0	5198.0
485	7609.0	5198.0
486	7609.0	5198.0
487	7609.0	5198.0
488	7609.0	5198.0
489	7609.0	5217.0
490	7609.0	5217.0
491	7609.0	5217.0
492	7609.0	5217.0
493	7609.0	5217.0
494	7609.0	5217.0
495	7609.0	5217.0
496	7609.0	5217.0
497	7609.0	5217.0
498	7609.0	5217.0
499	7609.0	5217.0
500	7609.0	5382.0
501	7609.0	5217.0
502	7609.0	5217.0
503	7609.0	5217.0
504	7609.0	5217.0
505	7609.0	5217.0
506	7609.0	5217.0
507	7609.0	5217.0
508	7609.0	5217.0
509	7609.0	5217.0
510	7609.0	5217.0
511	7609.0	5217.0
512	7609.0	5217.0
513	7609.0	5217.0
514	7609.0	5217.0
515	7609.0	5217.0
516	7609.0	5217.0
517	7609.0	5217.0
518	7609.0	5217.0
519	7609.0	5217.0
520	7609.0	5404.0
521	7609.0	5217.0
522	7609.0	5217.0
523	7609.0	5217.0
524	7609.0	5217.0
525	7609.0	5217.0
526	7609.0	5217.0
527	7609.0	5217.0
528	7609.0	5217.0
529	7609.0	5217.0
530	7609.0	5217.0
531	7609.0	5217.0
532	7609.0	5217.0
533	7609.0	5217.0
534	7609.0	5217.0
535	7609.0	5217.0
536	7609.0	5217.0
537	7609.0	5217.0
538	7609.0	5217.0
539	7609.0	5217.0
540	7609.0	5217.0
541	7609.0	5217.0
542	7609.0	5217.0
543	7609.0	5217.0
544	7609.0	5217.0
545	7609.0	5217.0
546	7609.0	5217.0
547	7609.0	5217.0
548	7609.0	5217.0
549	7609.0	5217.0
550	7609.0	5217.0
551	7609.0	5217.0
552	7609.0	5217.0
553	7609.0	5217.0
554	7609.0	5217.0
555	7609.0	5217.0
556	7609.0	5217.0
557	7609.0	5217.0
558	7609.0	5217.0
559	7609.0	5217.0
560	7609.0	5446.0
561	7609.0	5217.0
562	7609.0	5217.0
563	7609.0	5217.0
564	7609.0	5217.0
565	7609.0	5217.0
566	7609.0	5217.0
567	7609.0	5217.0
568	7609.0	5217.0
569	7609.0	5217.0
570	7609.0	5217.0
571	7609.0	5217.0
572	7609.0	5217.0
573	7609.0	5217.0
574	7609.0	5217.0
575	7609.0	5217.0
576	7609.0	5217.0
577	7609.0	5217.0
578	7609.0	5217.0
579	7609.0	5217.0
580	7609.0	5446.0
581	7609.0	5217.0
582	7609.0	5217.0
583	7609.0	5217.0
584	7609.0	5217.0
585	7609.0	5217.0
586	7609.0	5217.0
587	7609.0	5217.0
588	7609.0	5217.0
589	7609.0	5217.0
590	7609.0	5217.0
591	7609.0	5217.0
592	7609.0	5217.0
593	7609.0	5217.0
594	7609.0	5217.0
595	7609.0	5217.0
596	7609.0	5252.0
597	7609.0	5252.0
598	7609.0	5252.0
599	7609.0	5252.0
600	7609.0	5392.0
601	7609.0	5252.0
602	7609.0	5252.0
603	7609.0	5252.0
604	7609.0	5252.0
605	7609.0	5252.0
606	7609.0	5252.0
607	7609.0	5252.0
608	7609.0	5252.0
609	7609.0	5252.0
610	7609.0	5252.0
611	7609.0	5252.0
612	7609.0	5252.0
613	7609.0	5252.0
614	7609.0	5252.0
615	7609.0	5252.0
616	7609.0	5252.0
617	7609.0	5252.0
618	7609.0	5252.0
619	7609.0	5252.0
620	7609.0	5441.0
621	7609.0	5252.0
622	7609.0	5252.0
623	7609.0	5252.0
624	7609.0	5252.0
625	7609.0	5252.0
626	7609.0	5252.0
627	7609.0	5252.0
628	7609.0	5252.0
629	7609.0	5252.0
630	7609.0	5252.0
631	7609.0	5252.0
632	7609.0	5252.0
633	7609.0	5252.0
634	7609.0	5252.0
635	7609.0	5252.0
636	7609.0	5252.0
637	7609.0	5252.0
638	7609.0	5252.0
639	7609.0	5252.0
640	7609.0	5468.0
641	7609.0	5252.0
642	7609.0	5252.0
643	7609.0	5252.0
644	7609.0	5252.0
645	7609.0	5252.0
646	7609.0	5252.0
647	7609.0	5252.0
648	7609.0	5252.0
649	7609.0	5252.0
650	7609.0	5252.0
651	7609.0	5252.0
652	7609.0	5252.0
653	7609.0	5252.0
654	7609.0	5252.0
655	7609.0	5252.0
656	7609.0	5252.0
657	7609.0	5252.0
658	7609.0	5252.0
659	7609.0	5252.0
660	7609.0	5506.0
661	7609.0	5252.0
662	7609.0	5252.0
663	7609.0	5252.0
664	7609.0	5252.0
665	7609.0	5252.0
666	7609.0	5252.0
667	7609.0	5252.0
668	7609.0	5252.0
669	7609.0	5252.0
670	7609.0	5252.0
671	7609.0	5252.0
672	7609.0	5252.0
673	7609.0	5252.0
674	7609.0	5252.0
675	7609.0	5252.0
676	7609.0	5252.0
677	7609.0	5252.0
678	7609.0	5252.0
679	7609.0	5252.0
680	7609.0	5441.0
681	7609.0	5252.0
682	7609.0	5252.0
683	7609.0	5252.0
684	7609.0	5252.0
685	7609.0	5252.0
686	7609.0	5252.0
687	7609.0	5252.0
688	7609.0	5252.0
689	7609.0	5252.0
690	7609.0	5252.0
691	7609.0	5252.0
692	7609.0	5252.0
693	7609.0	5252.0
694	7609.0	5252.0
695	7609.0	5252.0
696	7609.0	5252.0
697	7609.0	5252.0
698	7609.0	5252.0
699	7609.0	5252.0
700	7609.0	5252.0
701	7609.0	5252.0
702	7609.0	5252.0
703	7609.0	5252.0
704	7609.0	5252.0
705	7609.0	5252.0
706	7609.0	5252.0
707	7609.0	5252.0
708	7609.0	5252.0
709	7609.0	5252.0
710	7609.0	5252.0
711	7609.0	5252.0
712	7609.0	5252.0
713	7609.0	5252.0
714	7609.0	5252.0
715	7609.0	5252.0
716	7609.0	5252.0
717	7609.0	5252.0
718	7609.0	5252.0
719	7609.0	5252.0
720	7609.0	5460.0
721	7609.0	5252.0
722	7609.0	5252.0
723	7609.0	5252.0
724	7609.0	5252.0
725	7609.0	5252.0
726	7609.0	5252.0
727	7609.0	5252.0
728	7609.0	5252.0
729	7609.0	5252.0
730	7609.0	5252.0
731	7609.0	5252.0
732	7609.0	5252.0
733	7609.0	5252.0
734	7609.0	5252.0
735	7609.0	5252.0
736	7609.0	5252.0
737	7609.0	5252.0
738	7609.0	5252.0
739	7609.0	5252.0
740	7609.0	5486.0
741	7609.0	5252.0
742	7609.0	5252.0
743	7609.0	5252.0
744	7609.0	5252.0
745	7609.0	5252.0
746	7609.0	5252.0
747	7609.0	5252.0
748	7609.0	5252.0
749	7609.0	5252.0
750	7609.0	5252.0
751	7609.0	5252.0
752	7609.0	5252.0
753	7609.0	5252.0
754	7609.0	5252.0
755	7609.0	5252.0
756	7609.0	5252.0
757	7609.0	5252.0
758	7609.0	5252.0
759	7609.0	5252.0
760	7609.0	5468.0
761	7609.0	5252.0
762	7609.0	5252.0
763	7609.0	5252.0
764	7609.0	5252.0
765	7609.0	5252.0
766	7609.0	5252.0
767	7609.0	5252.0
768	7609.0	5252.0
769	7609.0	5252.0
770	7609.0	5252.0
771	7609.0	5252.0
772	7609.0	5252.0
773	7609.0	5252.0
774	7609.0	5252.0
775	7609.0	5252.0
776	7609.0	5252.0
777	7609.0	5252.0
778	7609.0	5252.0
779	7609.0	5252.0
780	7609.0	5474.0
781	7609.0	5252.0
782	7609.0	5252.0
783	7609.0	5252.0
784	7609.0	5252.0
785	7609.0	5252.0
786	7609.0	5252.0
787	7609.0	5252.0
788	7609.0	5252.0
789	7609.0	5252.0
790	7609.0	5252.0
791	7609.0	5252.0
792	7609.0	5252.0
793	7609.0	5252.0
794	7609.0	5252.0
795	7609.0	5252.0
796	7609.0	5252.0
797	7609.0	5252.0
798	7609.0	5252.0
799	7609.0	5252.0
800	7609.0	5252.0
801	7609.0	5252.0
802	7609.0	5252.0
803	7609.0	5252.0
804	7609.0	5252.0
805	7609.0	5252.0
806	7609.0	5464.0
807	7609.0	5464.0
808	7609.0	5464.0
809	7609.0	5464.0
810	7609.0	5464.0
811	7609.0	5464.0
812	7609.0	5464.0
813	7609.0	5464.0
814	7609.0	5464.0
815	7609.0	5464.0
816	7609.0	5464.0
817	7609.0	5464.0
818	7609.0	5464.0
819	7609.0	5464.0
820	7609.0	5474.0
821	7609.0	5464.0
822	7609.0	5464.0
823	7609.0	5464.0
824	7609.0	5464.0
825	7609.0	5464.0
826	7609.0	5464.0
827	7609.0	5464.0
828	7609.0	5464.0
829	7609.0	5464.0
830	7609.0	5464.0
831	7609.0	5464.0
832	7609.0	5464.0
833	7609.0	5464.0
834	7609.0	5464.0
835	7609.0	5464.0
836	7609.0	5464.0
837	7609.0	5464.0
838	7609.0	5464.0
839	7609.0	5464.0
840	7609.0	5529.0
841	7609.0	5464.0
842	7609.0	5464.0
843	7609.0	5464.0
844	7609.0	5464.0
845	7609.0	5464.0
846	7609.0	5464.0
847	7609.0	5464.0
848	7609.0	5464.0
849	7609.0	5464.0
850	7609.0	5464.0
851	7609.0	5464.0
852	7609.0	5464.0
853	7609.0	5464.0
854	7609.0	5464.0
855	7609.0	5464.0
856	7609.0	5464.0
857	7609.0	5464.0
858	7609.0	5464.0
859	7609.0	5464.0
860	7609.0	5577.0
861	7609.0	5464.0
862	7609.0	5464.0
863	7609.0	5464.0
864	7609.0	5464.0
865	7609.0	5464.0
866	7609.0	5464.0
867	7609.0	5464.0
868	7609.0	5464.0
869	7609.0	5464.0
870	7609.0	5464.0
871	7609.0	5464.0
872	7609.0	5464.0
873	7609.0	5464.0
874	7609.0	5464.0
875	7609.0	5464.0
876	7609.0	5464.0
877	7609.0	5464.0
878	7609.0	5464.0
879	7609.0	5464.0
880	7609.0	5554.0
881	7609.0	5464.0
882	7609.0	5464.0
883	7609.0	5464.0
884	7609.0	5464.0
885	7609.0	5464.0
886	7609.0	5464.0
887	7609.0	5464.0
888	7609.0	5464.0
889	7609.0	5464.0
890	7609.0	5464.0
891	7609.0	5464.0
892	7609.0	5464.0
893	7609.0	5464.0
894	7609.0	5464.0
895	7609.0	5464.0
896	7609.0	5464.0
897	7609.0	5464.0
898	7609.0	5464.0
899	7609.0	5464.0
900	7609.0	5529.0
901	7609.0	5464.0
902	7609.0	5464.0
903	7609.0	5464.0
904	7609.0	5464.0
905	7609.0	5464.0
906	7609.0	5464.0
907	7609.0	5474.0
908	7609.0	5474.0
909	7609.0	5474.0
910	7609.0	5474.0
911	7609.0	5474.0
912	7609.0	5474.0
913	7609.0	5474.0
914	7609.0	5474.0
915	7609.0	5474.0
916	7609.0	5474.0
917	7609.0	5474.0
918	7609.0	5474.0
919	7609.0	5474.0
920	7609.0	5586.0
921	7609.0	5474.0
922	7609.0	5474.0
923	7609.0	5474.0
924	7609.0	5474.0
925	7609.0	5474.0
926	7609.0	5474.0
927	7609.0	5474.0
928	7609.0	5474.0
929	7609.0	5474.0
930	7609.0	5474.0
931	7609.0	5474.0
932	7609.0	5474.0
933	7609.0	5474.0
934	7609.0	5474.0
935	7609.0	5502.0
936	7609.0	5502.0
937	7609.0	5502.0
938	7609.0	5502.0
939	7609.0	5502.0
940	7609.0	5617.0
941	7609.0	5502.0
942	7609.0	5502.0
943	7609.0	5502.0
944	7609.0	5502.0
945	7609.0	5502.0
946	7609.0	5502.0
947	7609.0	5502.0
948	7609.0	5502.0
949	7609.0	5502.0
950	7609.0	5502.0
951	7609.0	5502.0
952	7609.0	5502.0
953	7609.0	5502.0
954	7609.0	5502.0
955	7609.0	5502.0
956	7609.0	5502.0
957	7609.0	5502.0
958	7609.0	5502.0
959	7609.0	5502.0
960	7609.0	5502.0
961	7609.0	5502.0
962	7609.0	5502.0
963	7609.0	5502.0
964	7609.0	5502.0
965	7609.0	5502.0
966	7609.0	5502.0
967	7609.0	5502.0
968	7609.0	5502.0
969	7609.0	5502.0
970	7609.0	5502.0
971	7609.0	5502.0
972	7609.0	5502.0
973	7609.0	5502.0
974	7609.0	5502.0
975	7609.0	5502.0
976	7609.0	5502.0
977	7609.0	5502.0
978	7609.0	5502.0
979	7609.0	5502.0
980	7609.0	5681.0
981	7609.0	5502.0
982	7609.0	5502.0
983	7609.0	5502.0
984	7609.0	5502.0
985	7609.0	5502.0
986	7609.0	5502.0
987	7609.0	5502.0
988	7609.0	5502.0
989	7609.0	5502.0
990	7609.0	5502.0
991	7609.0	5502.0
992	7609.0	5502.0
993	7609.0	5502.0
994	7609.0	5502.0
995	7609.0	5502.0
996	7609.0	5502.0
997	7609.0	5502.0
998	7609.0	5502.0
999	7609.0	5502.0
1000	7609.0	5502.0
