0	6148.0	1681.0
1	6148.0	2120.0
2	6446.0	2588.0
3	6446.0	2813.0
4	6446.0	3014.0
5	6446.0	3014.0
6	6446.0	3287.0
7	6446.0	3471.0
8	6446.0	3499.0
9	6446.0	3499.0
10	6446.0	3514.0
11	6446.0	3517.0
12	6999.0	3686.0
13	6999.0	3686.0
14	6999.0	3686.0
15	6999.0	3698.0
16	6999.0	3728.0
17	6999.0	3728.0
18	6999.0	3728.0
19	6999.0	3728.0
20	6999.0	4025.0
21	6999.0	3902.0
22	6999.0	3902.0
23	6999.0	3902.0
24	6999.0	3902.0
25	6999.0	3902.0
26	6999.0	3970.0
27	6999.0	3970.0
28	6999.0	4025.0
29	6999.0	4058.0
30	6999.0	4122.0
31	6999.0	4124.0
32	6999.0	4124.0
33	6999.0	4124.0
34	6999.0	4124.0
35	6999.0	4124.0
36	6999.0	4124.0
37	6999.0	4124.0
38	6999.0	4124.0
39	6999.0	4124.0
40	6999.0	4241.0
41	6999.0	4124.0
42	6999.0	4124.0
43	6999.0	4124.0
44	6999.0	4124.0
45	6999.0	4124.0
46	6999.0	4124.0
47	6999.0	4124.0
48	6999.0	4124.0
49	6999.0	4124.0
50	6999.0	4124.0
51	6999.0	4124.0
52	6999.0	4124.0
53	7212.0	4124.0
54	7212.0	4124.0
55	7212.0	4124.0
56	7212.0	4124.0
57	7212.0	4124.0
58	7212.0	4124.0
59	7212.0	4319.0
60	7212.0	4319.0
61	7212.0	4319.0
62	7212.0	4319.0
63	7212.0	4319.0
64	7212.0	4319.0
65	7212.0	4319.0
66	7212.0	4319.0
67	7212.0	4386.0
68	7212.0	4386.0
69	7212.0	4386.0
70	7212.0	4386.0
71	7212.0	4386.0
72	7212.0	4386.0
73	7212.0	4513.0
74	7212.0	4513.0
75	7212.0	4513.0
76	7212.0	4513.0
77	7212.0	4513.0
78	7212.0	4513.0
79	7212.0	4513.0
80	7212.0	4608.0
81	7212.0	4513.0
82	7212.0	4513.0
83	7212.0	4513.0
84	7212.0	4513.0
85	7212.0	4513.0
86	7212.0	4513.0
87	7212.0	4513.0
88	7212.0	4513.0
89	7212.0	4513.0
90	7212.0	4513.0
91	7212.0	4513.0
92	7212.0	4513.0
93	7212.0	4513.0
94	7212.0	4513.0
95	7212.0	4513.0
96	7212.0	4513.0
97	7212.0	4513.0
98	7212.0	4513.0
99	7212.0	4513.0
100	7212.0	4608.0
101	7212.0	4513.0
102	7212.0	4513.0
103	7212.0	4513.0
104	7212.0	4513.0
105	7212.0	4513.0
106	7212.0	4513.0
107	7212.0	4513.0
108	7212.0	4575.0
109	7212.0	4575.0
110	7212.0	4575.0
111	7212.0	4575.0
112	7212.0	4575.0
113	7212.0	4575.0
114	7212.0	4575.0
115	7212.0	4650.0
116	7212.0	4650.0
117	7212.0	4650.0
118	7212.0	4650.0
119	7212.0	4650.0
120	7212.0	4714.0
121	7212.0	4650.0
122	7212.0	4650.0
123	7212.0	4650.0
124	7212.0	4650.0
125	7212.0	4650.0
126	7212.0	4650.0
127	7212.0	4650.0
128	7212.0	4650.0
129	7212.0	4650.0
130	7212.0	4650.0
131	7212.0	4650.0
132	7212.0	4650.0
133	7212.0	4688.0
134	7212.0	4688.0
135	7212.0	4688.0
136	7212.0	4688.0
137	7212.0	4688.0
138	7212.0	4688.0
139	7212.0	4688.0
140	7212.0	4759.0
141	7212.0	4688.0
142	7212.0	4688.0
143	7212.0	4688.0
144	7212.0	4688.0
145	7212.0	4688.0
146	7212.0	4688.0
147	7212.0	4688.0
148	7212.0	4688.0
149	7212.0	4688.0
150	7212.0	4688.0
151	7212.0	4688.0
152	7212.0	4688.0
153	7212.0	4688.0
154	7212.0	4688.0
155	7212.0	4688.0
156	7212.0	4688.0
157	7212.0	4688.0
158	7212.0	4688.0
159	7212.0	4688.0
160	7212.0	5012.0
161	7212.0	4688.0
162	7212.0	4688.0
163	7212.0	4688.0
164	7212.0	4688.0
165	7212.0	4688.0
166	7212.0	4688.0
167	7212.0	4688.0
168	7212.0	4688.0
169	7212.0	4688.0
170	7212.0	4688.0
171	7212.0	4688.0
172	7212.0	4688.0
173	7212.0	4688.0
174	7212.0	4688.0
175	7212.0	4699.0
176	7212.0	4699.0
177	7212.0	4699.0
178	7212.0	4699.0
179	7212.0	4699.0
180	7212.0	4699.0
181	7212.0	4699.0
182	7212.0	4699.0
183	7212.0	4699.0
184	7212.0	4699.0
185	7212.0	4699.0
186	7212.0	4699.0
187	7212.0	4699.0
188	7212.0	4699.0
189	7212.0	4699.0
190	7212.0	4699.0
191	7212.0	4699.0
192	7212.0	4699.0
193	7212.0	4699.0
194	7212.0	4699.0
195	7212.0	4699.0
196	7212.0	4699.0
197	7212.0	4699.0
198	7212.0	4699.0
199	7212.0	4699.0
200	7212.0	4699.0
201	7212.0	4699.0
202	7212.0	4699.0
203	7212.0	4699.0
204	7212.0	4699.0
205	7212.0	4699.0
206	7212.0	4699.0
207	7212.0	4699.0
208	7212.0	4699.0
209	7212.0	4699.0
210	7212.0	4699.0
211	7212.0	4699.0
212	7212.0	4699.0
213	7212.0	4699.0
214	7212.0	4699.0
215	7212.0	4699.0
216	7212.0	4699.0
217	7212.0	4699.0
218	7212.0	4699.0
219	7212.0	4893.0
220	7212.0	5024.0
221	7212.0	4893.0
222	7212.0	4893.0
223	7212.0	4893.0
224	7212.0	4893.0
225	7212.0	4893.0
226	7212.0	4893.0
227	7212.0	4893.0
228	7212.0	4893.0
229	7212.0	4893.0
230	7212.0	4893.0
231	7212.0	4893.0
232	7212.0	4893.0
233	7212.0	4893.0
234	7212.0	4893.0
235	7212.0	4893.0
236	7212.0	4893.0
237	7212.0	4893.0
238	7212.0	4893.0
239	7212.0	4989.0
240	7212.0	5085.0
241	7212.0	4989.0
242	7212.0	4989.0
243	7212.0	4989.0
244	7212.0	4989.0
245	7212.0	4989.0
246	7212.0	4989.0
247	7212.0	4989.0
248	7212.0	4989.0
249	7212.0	4989.0
250	7212.0	4989.0
251	7212.0	4989.0
252	7212.0	4989.0
253	7212.0	4989.0
254	7212.0	4989.0
255	7212.0	4989.0
256	7212.0	4989.0
257	7212.0	4989.0
258	7212.0	4989.0
259	7212.0	4989.0
260	7212.0	5072.0
261	7212.0	4989.0
262	7212.0	4989.0
263	7212.0	4989.0
264	7212.0	4989.0
265	7212.0	4989.0
266	7212.0	4989.0
267	7456.0	4989.0
268	7456.0	4989.0
269	7456.0	4989.0
270	7456.0	4989.0
271	7456.0	4989.0
272	7456.0	4989.0
273	7456.0	4989.0
274	7456.0	4989.0
275	7456.0	4989.0
276	7456.0	4989.0
277	7456.0	4989.0
278	7456.0	4989.0
279	7456.0	4989.0
280	7456.0	5164.0
281	7456.0	4989.0
282	7456.0	4989.0
283	7456.0	4989.0
284	7456.0	4989.0
285	7456.0	4989.0
286	7456.0	4989.0
287	7456.0	4989.0
288	7456.0	4989.0
289	7456.0	4989.0
290	7456.0	4989.0
291	7456.0	4989.0
292	7456.0	4989.0
293	7456.0	4989.0
294	7456.0	4989.0
295	7456.0	4989.0
296	7456.0	4989.0
297	7456.0	4989.0
298	7456.0	4989.0
299	7456.0	5048.0
300	7456.0	5156.0
301	7456.0	5048.0
302	7456.0	5048.0
303	7456.0	5048.0
304	7456.0	5048.0
305	7456.0	5048.0
306	7456.0	5048.0
307	7456.0	5048.0
308	7456.0	5048.0
309	7456.0	5048.0
310	7456.0	5048.0
311	7456.0	5048.0
312	7456.0	5048.0
313	7456.0	5048.0
314	7456.0	5048.0
315	7456.0	5048.0
316	7456.0	5048.0
317	7456.0	5156.0
318	7456.0	5156.0
319	7456.0	5156.0
320	7456.0	5257.0
321	7456.0	5156.0
322	7456.0	5156.0
323	7456.0	5156.0
324	7456.0	5156.0
325	7456.0	5156.0
326	7456.0	5156.0
327	7456.0	5156.0
328	7456.0	5156.0
329	7456.0	5156.0
330	7456.0	5156.0
331	7456.0	5156.0
332	7456.0	5156.0
333	7456.0	5156.0
334	7456.0	5156.0
335	7456.0	5156.0
336	7456.0	5156.0
337	7456.0	5156.0
338	7456.0	5156.0
339	7456.0	5156.0
340	7456.0	5156.0
341	7456.0	5156.0
342	7456.0	5156.0
343	7456.0	5156.0
344	7456.0	5156.0
345	7456.0	5156.0
346	7456.0	5156.0
347	7456.0	5156.0
348	7456.0	5156.0
349	7456.0	5156.0
350	7456.0	5156.0
351	7456.0	5156.0
352	7456.0	5156.0
353	7456.0	5156.0
354	7456.0	5156.0
355	7456.0	5156.0
356	7456.0	5156.0
357	7456.0	5156.0
358	7456.0	5156.0
359	7456.0	5156.0
360	7456.0	5177.0
361	7456.0	5156.0
362	7456.0	5156.0
363	7456.0	5156.0
364	7456.0	5156.0
365	7456.0	5156.0
366	7456.0	5156.0
367	7456.0	5156.0
368	7456.0	5156.0
369	7456.0	5156.0
370	7456.0	5156.0
371	7456.0	5156.0
372	7456.0	5156.0
373	7456.0	5156.0
374	7456.0	5156.0
375	7456.0	5156.0
376	7456.0	5156.0
377	7456.0	5156.0
378	7456.0	5156.0
379	7456.0	5156.0
380	7456.0	5322.0
381	7456.0	5156.0
382	7456.0	5156.0
383	7456.0	5156.0
384	7456.0	5156.0
385	7456.0	5156.0
386	7456.0	5156.0
387	7456.0	5156.0
388	7456.0	5156.0
389	7456.0	5156.0
390	7456.0	5156.0
391	7456.0	5156.0
392	7456.0	5156.0
393	7456.0	5156.0
394	7456.0	5156.0
395	7456.0	5156.0
396	7456.0	5156.0
397	7456.0	5156.0
398	7456.0	5156.0
399	7456.0	5156.0
400	7456.0	5204.0
401	7456.0	5156.0
402	7456.0	5156.0
403	7456.0	5156.0
404	7456.0	5156.0
405	7456.0	5156.0
406	7456.0	5156.0
407	7456.0	5156.0
408	7456.0	5156.0
409	7456.0	5156.0
410	7456.0	5156.0
411	7456.0	5156.0
412	7456.0	5156.0
413	7456.0	5156.0
414	7456.0	5156.0
415	7456.0	5156.0
416	7456.0	5156.0
417	7456.0	5156.0
418	7456.0	5156.0
419	7456.0	5156.0
420	7456.0	5232.0
421	7456.0	5156.0
422	7456.0	5156.0
423	7456.0	5156.0
424	7456.0	5156.0
425	7456.0	5156.0
426	7456.0	5156.0
427	7456.0	5156.0
428	7456.0	5156.0
429	7456.0	5156.0
430	7456.0	5156.0
431	7456.0	5156.0
432	7456.0	5156.0
433	7456.0	5156.0
434	7456.0	5156.0
435	7456.0	5156.0
436	7456.0	5156.0
437	7456.0	5156.0
438	7456.0	5156.0
439	7456.0	5156.0
440	7456.0	5261.0
441	7456.0	5156.0
442	7456.0	5156.0
443	7456.0	5156.0
444	7456.0	5156.0
445	7456.0	5156.0
446	7456.0	5156.0
447	7456.0	5156.0
448	7456.0	5156.0
449	7456.0	5156.0
450	7456.0	5156.0
451	7456.0	5156.0
452	7456.0	5156.0
453	7456.0	5156.0
454	7456.0	5156.0
455	7456.0	5156.0
456	7456.0	5156.0
457	7456.0	5156.0
458	7456.0	5156.0
459	7456.0	5156.0
460	7456.0	5204.0
461	7456.0	5156.0
462	7456.0	5156.0
463	7456.0	5156.0
464	7456.0	5156.0
465	7456.0	5156.0
466	7456.0	5156.0
467	7456.0	5156.0
468	7456.0	5156.0
469	7456.0	5156.0
470	7456.0	5156.0
471	7456.0	5156.0
472	7456.0	5156.0
473	7456.0	5156.0
474	7456.0	5156.0
475	7456.0	5156.0
476	7456.0	5156.0
477	7456.0	5156.0
478	7456.0	5156.0
479	7456.0	5156.0
480	7456.0	5291.0
481	7456.0	5156.0
482	7456.0	5156.0
483	7456.0	5156.0
484	7456.0	5156.0
485	7456.0	5156.0
486	7456.0	5156.0
487	7456.0	5156.0
488	7456.0	5156.0
489	7456.0	5156.0
490	7456.0	5156.0
491	7456.0	5156.0
492	7456.0	5156.0
493	7456.0	5156.0
494	7456.0	5156.0
495	7456.0	5156.0
496	7456.0	5156.0
497	7456.0	5156.0
498	7456.0	5156.0
499	7456.0	5156.0
500	7456.0	5232.0
501	7456.0	5156.0
502	7456.0	5156.0
503	7456.0	5156.0
504	7456.0	5156.0
505	7456.0	5156.0
506	7456.0	5156.0
507	7456.0	5204.0
508	7456.0	5204.0
509	7456.0	5204.0
510	7456.0	5204.0
511	7456.0	5204.0
512	7456.0	5204.0
513	7456.0	5204.0
514	7456.0	5204.0
515	7456.0	5204.0
516	7456.0	5204.0
517	7456.0	5204.0
518	7456.0	5204.0
519	7456.0	5204.0
520	7456.0	5291.0
521	7456.0	5204.0
522	7456.0	5204.0
523	7456.0	5204.0
524	7456.0	5204.0
525	7456.0	5204.0
526	7456.0	5204.0
527	7456.0	5204.0
528	7456.0	5204.0
529	7456.0	5204.0
530	7456.0	5204.0
531	7456.0	5204.0
532	7456.0	5204.0
533	7456.0	5204.0
534	7456.0	5204.0
535	7456.0	5204.0
536	7456.0	5218.0
537	7456.0	5218.0
538	7456.0	5218.0
539	7456.0	5218.0
540	7456.0	5218.0
541	7456.0	5218.0
542	7456.0	5218.0
543	7456.0	5218.0
544	7456.0	5218.0
545	7456.0	5218.0
546	7456.0	5218.0
547	7456.0	5218.0
548	7456.0	5218.0
549	7456.0	5218.0
550	7456.0	5218.0
551	7456.0	5218.0
552	7456.0	5218.0
553	7456.0	5261.0
554	7456.0	5261.0
555	7456.0	5261.0
556	7456.0	5261.0
557	7456.0	5261.0
558	7456.0	5261.0
559	7456.0	5261.0
560	7456.0	5270.0
561	7456.0	5261.0
562	7456.0	5261.0
563	7456.0	5261.0
564	7456.0	5261.0
565	7456.0	5261.0
566	7456.0	5261.0
567	7456.0	5261.0
568	7456.0	5261.0
569	7456.0	5261.0
570	7456.0	5261.0
571	7456.0	5261.0
572	7456.0	5261.0
573	7456.0	5261.0
574	7456.0	5261.0
575	7456.0	5261.0
576	7456.0	5261.0
577	7456.0	5261.0
578	7456.0	5261.0
579	7456.0	5261.0
580	7456.0	5374.0
581	7456.0	5261.0
582	7456.0	5261.0
583	7456.0	5261.0
584	7456.0	5261.0
585	7456.0	5261.0
586	7456.0	5261.0
587	7456.0	5261.0
588	7456.0	5261.0
589	7456.0	5261.0
590	7456.0	5261.0
591	7456.0	5261.0
592	7456.0	5261.0
593	7456.0	5261.0
594	7456.0	5261.0
595	7456.0	5261.0
596	7456.0	5261.0
597	7456.0	5261.0
598	7456.0	5261.0
599	7456.0	5261.0
600	7456.0	5261.0
601	7456.0	5261.0
602	7456.0	5261.0
603	7456.0	5261.0
604	7456.0	5261.0
605	7456.0	5261.0
606	7456.0	5261.0
607	7456.0	5261.0
608	7456.0	5261.0
609	7456.0	5261.0
610	7456.0	5261.0
611	7456.0	5261.0
612	7456.0	5261.0
613	7456.0	5261.0
614	7456.0	5261.0
615	7456.0	5261.0
616	7456.0	5261.0
617	7456.0	5261.0
618	7456.0	5261.0
619	7456.0	5261.0
620	7456.0	5298.0
621	7456.0	5261.0
622	7456.0	5261.0
623	7456.0	5261.0
624	7456.0	5261.0
625	7456.0	5261.0
626	7456.0	5261.0
627	7456.0	5261.0
628	7456.0	5261.0
629	7456.0	5261.0
630	7456.0	5261.0
631	7456.0	5261.0
632	7456.0	5261.0
633	7456.0	5261.0
634	7456.0	5261.0
635	7456.0	5261.0
636	7456.0	5261.0
637	7456.0	5261.0
638	7456.0	5261.0
639	7456.0	5261.0
640	7456.0	5339.0
641	7456.0	5261.0
642	7456.0	5261.0
643	7456.0	5261.0
644	7456.0	5261.0
645	7456.0	5261.0
646	7456.0	5261.0
647	7456.0	5261.0
648	7456.0	5261.0
649	7456.0	5261.0
650	7456.0	5261.0
651	7456.0	5261.0
652	7456.0	5261.0
653	7456.0	5261.0
654	7456.0	5261.0
655	7456.0	5261.0
656	7456.0	5261.0
657	7456.0	5261.0
658	7456.0	5261.0
659	7456.0	5261.0
660	7456.0	5261.0
661	7456.0	5261.0
662	7456.0	5261.0
663	7456.0	5261.0
664	7456.0	5261.0
665	7456.0	5261.0
666	7456.0	5261.0
667	7456.0	5261.0
668	7456.0	5261.0
669	7456.0	5261.0
670	7456.0	5261.0
671	7456.0	5261.0
672	7456.0	5261.0
673	7456.0	5261.0
674	7456.0	5261.0
675	7456.0	5261.0
676	7456.0	5261.0
677	7456.0	5261.0
678	7456.0	5261.0
679	7456.0	5261.0
680	7456.0	5288.0
681	7456.0	5261.0
682	7456.0	5261.0
683	7456.0	5261.0
684	7456.0	5261.0
685	7456.0	5261.0
686	7456.0	5261.0
687	7456.0	5261.0
688	7456.0	5261.0
689	7456.0	5261.0
690	7456.0	5261.0
691	7456.0	5261.0
692	7456.0	5261.0
693	7456.0	5261.0
694	7456.0	5261.0
695	7456.0	5261.0
696	7456.0	5261.0
697	7456.0	5261.0
698	7456.0	5261.0
699	7456.0	5261.0
700	7456.0	5353.0
701	7456.0	5261.0
702	7456.0	5261.0
703	7456.0	5261.0
704	7456.0	5261.0
705	7456.0	5261.0
706	7456.0	5261.0
707	7456.0	5261.0
708	7456.0	5261.0
709	7456.0	5261.0
710	7456.0	5261.0
711	7456.0	5261.0
712	7456.0	5261.0
713	7456.0	5261.0
714	7456.0	5261.0
715	7456.0	5261.0
716	7456.0	5261.0
717	7456.0	5261.0
718	7456.0	5261.0
719	7456.0	5261.0
720	7456.0	5405.0
721	7456.0	5261.0
722	7456.0	5261.0
723	7456.0	5261.0
724	7456.0	5261.0
725	7456.0	5261.0
726	7456.0	5261.0
727	7456.0	5261.0
728	7456.0	5261.0
729	7456.0	5261.0
730	7456.0	5261.0
731	7456.0	5261.0
732	7456.0	5261.0
733	7456.0	5261.0
734	7456.0	5261.0
735	7456.0	5261.0
736	7456.0	5261.0
737	7456.0	5261.0
738	7456.0	5261.0
739	7456.0	5261.0
740	7456.0	5338.0
741	7456.0	5261.0
742	7456.0	5261.0
743	7456.0	5261.0
744	7456.0	5261.0
745	7456.0	5261.0
746	7456.0	5261.0
747	7456.0	5261.0
748	7456.0	5261.0
749	7456.0	5261.0
750	7456.0	5261.0
751	7456.0	5261.0
752	7456.0	5261.0
753	7456.0	5261.0
754	7456.0	5261.0
755	7456.0	5261.0
756	7456.0	5261.0
757	7456.0	5261.0
758	7456.0	5261.0
759	7456.0	5261.0
760	7456.0	5401.0
761	7456.0	5261.0
762	7456.0	5261.0
763	7456.0	5261.0
764	7456.0	5261.0
765	7456.0	5261.0
766	7456.0	5261.0
767	7456.0	5261.0
768	7456.0	5261.0
769	7456.0	5261.0
770	7456.0	5261.0
771	7456.0	5261.0
772	7456.0	5261.0
773	7456.0	5261.0
774	7456.0	5261.0
775	7456.0	5261.0
776	7456.0	5261.0
777	7456.0	5261.0
778	7456.0	5261.0
779	7456.0	5261.0
780	7456.0	5408.0
781	7456.0	5261.0
782	7456.0	5261.0
783	7456.0	5261.0
784	7456.0	5261.0
785	7456.0	5261.0
786	7456.0	5261.0
787	7456.0	5261.0
788	7456.0	5261.0
789	7456.0	5261.0
790	7456.0	5261.0
791	7456.0	5261.0
792	7456.0	5261.0
793	7456.0	5261.0
794	7456.0	5261.0
795	7456.0	5261.0
796	7456.0	5261.0
797	7456.0	5261.0
798	7456.0	5261.0
799	7456.0	5261.0
800	7456.0	5450.0
801	7456.0	5261.0
802	7456.0	5261.0
803	7456.0	5261.0
804	7456.0	5261.0
805	7456.0	5261.0
806	7456.0	5261.0
807	7456.0	5261.0
808	7456.0	5261.0
809	7456.0	5261.0
810	7456.0	5261.0
811	7456.0	5261.0
812	7456.0	5261.0
813	7456.0	5261.0
814	7456.0	5261.0
815	7456.0	5261.0
816	7456.0	5261.0
817	7456.0	5261.0
818	7456.0	5261.0
819	7456.0	5261.0
820	7456.0	5401.0
821	7456.0	5261.0
822	7456.0	5261.0
823	7456.0	5261.0
824	7456.0	5261.0
825	7456.0	5261.0
826	7456.0	5261.0
827	7456.0	5261.0
828	7456.0	5261.0
829	7456.0	5261.0
830	7456.0	5261.0
831	7456.0	5261.0
832	7456.0	5261.0
833	7456.0	5261.0
834	7456.0	5261.0
835	7456.0	5261.0
836	7456.0	5261.0
837	7456.0	5340.0
838	7456.0	5340.0
839	7456.0	5340.0
840	7456.0	5450.0
841	7456.0	5340.0
842	7456.0	5340.0
843	7456.0	5340.0
844	7456.0	5340.0
845	7456.0	5340.0
846	7456.0	5340.0
847	7456.0	5340.0
848	7456.0	5340.0
849	7456.0	5340.0
850	7456.0	5357.0
851	7456.0	5357.0
852	7456.0	5357.0
853	7456.0	5357.0
854	7456.0	5357.0
855	7456.0	5357.0
856	7456.0	5357.0
857	7456.0	5357.0
858	7456.0	5357.0
859	7456.0	5357.0
860	7456.0	5357.0
861	7456.0	5357.0
862	7456.0	5357.0
863	7456.0	5357.0
864	7456.0	5357.0
865	7456.0	5357.0
866	7456.0	5357.0
867	7456.0	5357.0
868	7456.0	5357.0
869	7456.0	5357.0
870	7456.0	5357.0
871	7456.0	5357.0
872	7456.0	5357.0
873	7456.0	5357.0
874	7456.0	5357.0
875	7456.0	5357.0
876	7456.0	5357.0
877	7456.0	5357.0
878	7456.0	5357.0
879	7456.0	5357.0
880	7456.0	5405.0
881	7456.0	5357.0
882	7456.0	5357.0
883	7456.0	5357.0
884	7456.0	5357.0
885	7456.0	5357.0
886	7456.0	5357.0
887	7456.0	5357.0
888	7456.0	5357.0
889	7456.0	5357.0
890	7456.0	5357.0
891	7456.0	5357.0
892	7456.0	5357.0
893	7456.0	5357.0
894	7456.0	5357.0
895	7456.0	5357.0
896	7456.0	5357.0
897	7456.0	5357.0
898	7456.0	5357.0
899	7456.0	5357.0
900	7456.0	5422.0
901	7456.0	5357.0
902	7456.0	5357.0
903	7456.0	5357.0
904	7456.0	5357.0
905	7456.0	5357.0
906	7456.0	5357.0
907	7456.0	5357.0
908	7456.0	5357.0
909	7456.0	5357.0
910	7456.0	5357.0
911	7456.0	5357.0
912	7456.0	5357.0
913	7456.0	5357.0
914	7456.0	5357.0
915	7456.0	5357.0
916	7456.0	5357.0
917	7456.0	5357.0
918	7456.0	5357.0
919	7456.0	5357.0
920	7456.0	5450.0
921	7456.0	5357.0
922	7456.0	5357.0
923	7456.0	5357.0
924	7456.0	5357.0
925	7456.0	5357.0
926	7456.0	5357.0
927	7456.0	5357.0
928	7456.0	5357.0
929	7456.0	5357.0
930	7456.0	5357.0
931	7456.0	5357.0
932	7456.0	5357.0
933	7456.0	5357.0
934	7456.0	5357.0
935	7456.0	5357.0
936	7456.0	5357.0
937	7456.0	5357.0
938	7456.0	5357.0
939	7456.0	5357.0
940	7456.0	5357.0
941	7456.0	5357.0
942	7456.0	5357.0
943	7460.0	5357.0
944	7460.0	5357.0
945	7460.0	5357.0
946	7460.0	5357.0
947	7460.0	5357.0
948	7460.0	5357.0
949	7460.0	5357.0
950	7460.0	5357.0
951	7460.0	5357.0
952	7460.0	5357.0
953	7460.0	5357.0
954	7460.0	5357.0
955	7460.0	5357.0
956	7460.0	5357.0
957	7460.0	5357.0
958	7460.0	5357.0
959	7460.0	5357.0
960	7460.0	5422.0
961	7460.0	5357.0
962	7460.0	5357.0
963	7460.0	5357.0
964	7460.0	5357.0
965	7460.0	5357.0
966	7460.0	5357.0
967	7460.0	5357.0
968	7460.0	5357.0
969	7460.0	5357.0
970	7460.0	5357.0
971	7460.0	5357.0
972	7460.0	5357.0
973	7460.0	5357.0
974	7460.0	5357.0
975	7460.0	5357.0
976	7460.0	5357.0
977	7460.0	5357.0
978	7460.0	5357.0
979	7460.0	5357.0
980	7460.0	5408.0
981	7460.0	5357.0
982	7460.0	5357.0
983	7460.0	5357.0
984	7460.0	5357.0
985	7460.0	5357.0
986	7460.0	5357.0
987	7460.0	5357.0
988	7460.0	5357.0
989	7460.0	5357.0
990	7460.0	5357.0
991	7460.0	5357.0
992	7460.0	5357.0
993	7460.0	5357.0
994	7460.0	5357.0
995	7460.0	5357.0
996	7460.0	5357.0
997	7460.0	5357.0
998	7460.0	5357.0
999	7460.0	5357.0
1000	7460.0	5478.0
