0	5756.0	1719.0
1	5756.0	2379.0
2	5900.0	2445.0
3	5900.0	2798.0
4	6101.0	2947.0
5	6101.0	3165.0
6	6101.0	3165.0
7	6101.0	3283.0
8	6641.0	3327.0
9	6641.0	3446.0
10	6641.0	3446.0
11	6641.0	3446.0
12	6641.0	3681.0
13	6641.0	3724.0
14	6641.0	3726.0
15	6641.0	3728.0
16	6641.0	3728.0
17	6641.0	3728.0
18	6641.0	3728.0
19	6641.0	3728.0
20	6641.0	3841.0
21	6641.0	3841.0
22	6641.0	3879.0
23	6641.0	3879.0
24	6641.0	3879.0
25	6641.0	3879.0
26	6641.0	4000.0
27	6641.0	4000.0
28	6641.0	4000.0
29	6641.0	4000.0
30	6641.0	4019.0
31	6641.0	4019.0
32	6641.0	4019.0
33	6641.0	4019.0
34	6641.0	4019.0
35	6641.0	4019.0
36	6641.0	4019.0
37	6641.0	4019.0
38	6641.0	4192.0
39	6641.0	4192.0
40	6641.0	4351.0
41	6641.0	4244.0
42	7828.0	4244.0
43	7828.0	4244.0
44	7828.0	4244.0
45	7828.0	4261.0
46	7828.0	4261.0
47	7828.0	4261.0
48	7828.0	4261.0
49	7828.0	4261.0
50	7828.0	4261.0
51	7828.0	4261.0
52	7828.0	4261.0
53	7828.0	4288.0
54	7828.0	4288.0
55	7828.0	4288.0
56	7828.0	4288.0
57	7828.0	4288.0
58	7828.0	4288.0
59	7828.0	4288.0
60	7828.0	4288.0
61	7828.0	4288.0
62	7828.0	4288.0
63	7828.0	4288.0
64	7828.0	4288.0
65	7828.0	4288.0
66	7828.0	4288.0
67	7828.0	4288.0
68	7828.0	4288.0
69	7828.0	4288.0
70	7828.0	4288.0
71	7828.0	4288.0
72	7828.0	4288.0
73	7828.0	4288.0
74	7828.0	4288.0
75	7828.0	4288.0
76	7828.0	4288.0
77	7828.0	4288.0
78	7828.0	4288.0
79	7828.0	4288.0
80	7828.0	4575.0
81	7828.0	4288.0
82	7828.0	4288.0
83	7828.0	4288.0
84	7828.0	4288.0
85	7828.0	4288.0
86	7828.0	4288.0
87	7828.0	4542.0
88	7828.0	4542.0
89	7828.0	4542.0
90	7828.0	4542.0
91	7828.0	4542.0
92	7828.0	4542.0
93	7828.0	4542.0
94	7828.0	4542.0
95	7828.0	4542.0
96	7828.0	4542.0
97	7828.0	4542.0
98	7828.0	4542.0
99	7828.0	4542.0
100	7828.0	4752.0
101	7828.0	4599.0
102	7828.0	4599.0
103	7828.0	4599.0
104	7828.0	4599.0
105	7828.0	4599.0
106	7828.0	4599.0
107	7828.0	4599.0
108	7828.0	4599.0
109	7828.0	4599.0
110	7828.0	4599.0
111	7828.0	4599.0
112	7828.0	4599.0
113	7828.0	4599.0
114	7828.0	4610.0
115	7828.0	4610.0
116	7828.0	4610.0
117	7828.0	4610.0
118	7828.0	4610.0
119	7828.0	4610.0
120	7828.0	4777.0
121	7828.0	4610.0
122	7828.0	4610.0
123	7828.0	4610.0
124	7828.0	4610.0
125	7828.0	4610.0
126	7828.0	4610.0
127	7828.0	4610.0
128	7828.0	4610.0
129	7828.0	4610.0
130	7828.0	4610.0
131	7828.0	4610.0
132	7828.0	4610.0
133	7828.0	4610.0
134	7828.0	4610.0
135	7828.0	4610.0
136	7828.0	4610.0
137	7828.0	4610.0
138	7828.0	4610.0
139	7828.0	4610.0
140	7828.0	4774.0
141	7828.0	4610.0
142	7828.0	4610.0
143	7828.0	4610.0
144	7828.0	4610.0
145	7828.0	4610.0
146	7828.0	4610.0
147	7828.0	4610.0
148	7828.0	4610.0
149	7828.0	4610.0
150	7828.0	4610.0
151	7828.0	4610.0
152	7828.0	4610.0
153	7828.0	4610.0
154	7828.0	4610.0
155	7828.0	4610.0
156	7828.0	4610.0
157	7828.0	4610.0
158	7828.0	4610.0
159	7828.0	4610.0
160	7828.0	4610.0
161	7828.0	4610.0
162	7828.0	4610.0
163	7828.0	4610.0
164	7828.0	4610.0
165	7828.0	4610.0
166	7828.0	4610.0
167	7828.0	4610.0
168	7828.0	4610.0
169	7828.0	4776.0
170	7828.0	4776.0
171	7828.0	4776.0
172	7828.0	4776.0
173	7828.0	4776.0
174	7828.0	4776.0
175	7828.0	4776.0
176	7828.0	4776.0
177	7828.0	4776.0
178	7828.0	4776.0
179	7828.0	4776.0
180	7828.0	4920.0
181	7828.0	4776.0
182	7828.0	4776.0
183	7828.0	4776.0
184	7828.0	4776.0
185	7828.0	4776.0
186	7828.0	4776.0
187	7828.0	4776.0
188	7828.0	4776.0
189	7828.0	4776.0
190	7828.0	4776.0
191	7828.0	4776.0
192	7828.0	4776.0
193	7828.0	4776.0
194	7828.0	4776.0
195	7828.0	4776.0
196	7828.0	4776.0
197	7828.0	4776.0
198	7828.0	4776.0
199	7828.0	4776.0
200	7828.0	4776.0
201	7828.0	4776.0
202	7828.0	4776.0
203	7828.0	4776.0
204	7828.0	4843.0
205	7828.0	4843.0
206	7828.0	4843.0
207	7828.0	4843.0
208	7828.0	4843.0
209	7828.0	4843.0
210	7828.0	4843.0
211	7828.0	4843.0
212	7828.0	4843.0
213	7828.0	4843.0
214	7828.0	4843.0
215	7828.0	4843.0
216	7828.0	4843.0
217	7828.0	4843.0
218	7828.0	4843.0
219	7828.0	4843.0
220	7828.0	4982.0
221	7828.0	4843.0
222	7828.0	4843.0
223	7828.0	4843.0
224	7828.0	4843.0
225	7828.0	4843.0
226	7828.0	4843.0
227	7828.0	4843.0
228	7828.0	4843.0
229	7828.0	4843.0
230	7828.0	4843.0
231	7828.0	4843.0
232	7828.0	4843.0
233	7828.0	4843.0
234	7828.0	4843.0
235	7828.0	4843.0
236	7828.0	4843.0
237	7828.0	4843.0
238	7828.0	4843.0
239	7828.0	4843.0
240	7828.0	4982.0
241	7828.0	4843.0
242	7828.0	4843.0
243	7828.0	4843.0
244	7828.0	4843.0
245	7828.0	4843.0
246	7828.0	4843.0
247	7828.0	4843.0
248	7828.0	4843.0
249	7828.0	4843.0
250	7828.0	4843.0
251	7828.0	4843.0
252	7828.0	4843.0
253	7828.0	4843.0
254	7828.0	4843.0
255	7828.0	4843.0
256	7828.0	4843.0
257	7828.0	4843.0
258	7828.0	4843.0
259	7828.0	4843.0
260	7828.0	4843.0
261	7828.0	4843.0
262	7828.0	4843.0
263	7828.0	4843.0
264	7828.0	4843.0
265	7828.0	4843.0
266	7828.0	4843.0
267	7828.0	4843.0
268	7828.0	4843.0
269	7828.0	4843.0
270	7828.0	4843.0
271	7828.0	4973.0
272	7828.0	4973.0
273	7828.0	4973.0
274	7828.0	4973.0
275	7828.0	4973.0
276	7828.0	4973.0
277	7828.0	4973.0
278	7828.0	4973.0
279	7828.0	4973.0
280	7828.0	5005.0
281	7828.0	4973.0
282	7828.0	4973.0
283	7828.0	4973.0
284	7828.0	4973.0
285	7828.0	4973.0
286	7828.0	4973.0
287	7828.0	4973.0
288	7828.0	4973.0
289	7828.0	4973.0
290	7828.0	4973.0
291	7828.0	4973.0
292	7828.0	4973.0
293	7828.0	4973.0
294	7828.0	4973.0
295	7828.0	4973.0
296	7828.0	4973.0
297	7828.0	4973.0
298	7828.0	4973.0
299	7828.0	4973.0
300	7828.0	5100.0
301	7828.0	4973.0
302	7828.0	4973.0
303	7828.0	4973.0
304	7828.0	4973.0
305	7828.0	4973.0
306	7828.0	4973.0
307	7828.0	4973.0
308	7828.0	4973.0
309	7828.0	4973.0
310	7828.0	4973.0
311	7828.0	4973.0
312	7828.0	4973.0
313	7828.0	4973.0
314	7828.0	4973.0
315	7828.0	4973.0
316	7828.0	4973.0
317	7828.0	4973.0
318	7828.0	4973.0
319	7828.0	4973.0
320	7828.0	5118.0
321	7828.0	4973.0
322	7828.0	4973.0
323	7828.0	4973.0
324	7828.0	4973.0
325	7828.0	4973.0
326	7828.0	4973.0
327	7828.0	4973.0
328	7828.0	4973.0
329	7828.0	4973.0
330	7828.0	4973.0
331	7828.0	4973.0
332	7828.0	4973.0
333	7828.0	4973.0
334	7828.0	4973.0
335	7828.0	4973.0
336	7828.0	5029.0
337	7828.0	5029.0
338	7828.0	5029.0
339	7828.0	5029.0
340	7828.0	5100.0
341	7828.0	5029.0
342	7828.0	5029.0
343	7828.0	5029.0
344	7828.0	5029.0
345	7828.0	5029.0
346	7828.0	5029.0
347	7828.0	5029.0
348	7828.0	5029.0
349	7828.0	5029.0
350	7828.0	5029.0
351	7828.0	5029.0
352	7828.0	5029.0
353	7828.0	5029.0
354	7828.0	5029.0
355	7828.0	5029.0
356	7828.0	5029.0
357	7828.0	5029.0
358	7828.0	5029.0
359	7828.0	5029.0
360	7828.0	5204.0
361	7828.0	5029.0
362	7828.0	5029.0
363	7828.0	5029.0
364	7828.0	5029.0
365	7828.0	5029.0
366	7828.0	5029.0
367	7828.0	5029.0
368	7828.0	5029.0
369	7828.0	5029.0
370	7828.0	5029.0
371	7828.0	5029.0
372	7828.0	5029.0
373	7828.0	5029.0
374	7828.0	5029.0
375	7828.0	5029.0
376	7828.0	5029.0
377	7828.0	5029.0
378	7828.0	5029.0
379	7828.0	5029.0
380	7828.0	5147.0
381	7828.0	5029.0
382	7828.0	5029.0
383	7828.0	5029.0
384	7828.0	5100.0
385	7828.0	5100.0
386	7828.0	5100.0
387	7828.0	5100.0
388	7828.0	5100.0
389	7828.0	5100.0
390	7828.0	5100.0
391	7828.0	5100.0
392	7828.0	5100.0
393	7828.0	5100.0
394	7828.0	5100.0
395	7828.0	5100.0
396	7828.0	5100.0
397	7828.0	5100.0
398	7828.0	5100.0
399	7828.0	5100.0
400	7828.0	5170.0
401	7828.0	5100.0
402	7828.0	5100.0
403	7828.0	5100.0
404	7828.0	5100.0
405	7828.0	5100.0
406	7828.0	5100.0
407	7828.0	5100.0
408	7828.0	5100.0
409	7828.0	5100.0
410	7828.0	5100.0
411	7828.0	5100.0
412	7828.0	5100.0
413	7828.0	5100.0
414	7828.0	5100.0
415	7828.0	5100.0
416	7828.0	5100.0
417	7828.0	5100.0
418	7828.0	5100.0
419	7828.0	5100.0
420	7828.0	5201.0
421	7828.0	5107.0
422	7828.0	5107.0
423	7828.0	5107.0
424	7828.0	5107.0
425	7828.0	5107.0
426	7828.0	5107.0
427	7828.0	5107.0
428	7828.0	5107.0
429	7828.0	5107.0
430	7828.0	5107.0
431	7828.0	5107.0
432	7828.0	5107.0
433	7828.0	5107.0
434	7828.0	5107.0
435	7828.0	5107.0
436	7828.0	5107.0
437	7828.0	5107.0
438	7828.0	5107.0
439	7828.0	5107.0
440	7828.0	5107.0
441	7828.0	5107.0
442	7828.0	5107.0
443	7828.0	5107.0
444	7828.0	5107.0
445	7828.0	5107.0
446	7828.0	5107.0
447	7828.0	5107.0
448	7828.0	5107.0
449	7828.0	5107.0
450	7828.0	5107.0
451	7828.0	5107.0
452	7828.0	5107.0
453	7828.0	5107.0
454	7828.0	5107.0
455	7828.0	5107.0
456	7828.0	5107.0
457	7828.0	5107.0
458	7828.0	5107.0
459	7828.0	5107.0
460	7828.0	5196.0
461	7828.0	5182.0
462	7828.0	5182.0
463	7828.0	5182.0
464	7828.0	5182.0
465	7828.0	5182.0
466	7828.0	5182.0
467	7828.0	5182.0
468	7828.0	5182.0
469	7828.0	5182.0
470	7828.0	5182.0
471	7828.0	5182.0
472	7828.0	5182.0
473	7828.0	5182.0
474	7828.0	5182.0
475	7828.0	5182.0
476	7828.0	5196.0
477	7828.0	5196.0
478	7828.0	5196.0
479	7828.0	5196.0
480	7828.0	5278.0
481	7828.0	5196.0
482	7828.0	5196.0
483	7828.0	5196.0
484	7828.0	5196.0
485	7828.0	5196.0
486	7828.0	5196.0
487	7828.0	5196.0
488	7828.0	5196.0
489	7828.0	5196.0
490	7828.0	5196.0
491	7828.0	5196.0
492	7828.0	5196.0
493	7828.0	5196.0
494	7828.0	5196.0
495	7828.0	5196.0
496	7828.0	5196.0
497	7828.0	5196.0
498	7828.0	5196.0
499	7828.0	5196.0
500	7828.0	5289.0
501	7828.0	5196.0
502	7828.0	5196.0
503	7828.0	5196.0
504	7828.0	5196.0
505	7828.0	5196.0
506	7828.0	5196.0
507	7828.0	5196.0
508	7828.0	5196.0
509	7828.0	5196.0
510	7828.0	5196.0
511	7828.0	5196.0
512	7828.0	5196.0
513	7828.0	5196.0
514	7828.0	5196.0
515	7828.0	5196.0
516	7828.0	5196.0
517	7828.0	5196.0
518	7828.0	5196.0
519	7828.0	5196.0
520	7828.0	5196.0
521	7828.0	5196.0
522	7828.0	5196.0
523	7828.0	5196.0
524	7828.0	5196.0
525	7828.0	5196.0
526	7828.0	5196.0
527	7828.0	5196.0
528	7828.0	5196.0
529	7828.0	5196.0
530	7828.0	5196.0
531	7828.0	5196.0
532	7828.0	5196.0
533	7828.0	5196.0
534	7828.0	5196.0
535	7828.0	5196.0
536	7828.0	5196.0
537	7828.0	5196.0
538	7828.0	5196.0
539	7828.0	5196.0
540	7828.0	5278.0
541	7828.0	5196.0
542	7828.0	5196.0
543	7828.0	5196.0
544	7828.0	5196.0
545	7828.0	5196.0
546	7828.0	5196.0
547	7828.0	5196.0
548	7828.0	5196.0
549	7828.0	5196.0
550	7828.0	5196.0
551	7828.0	5196.0
552	7828.0	5196.0
553	7828.0	5196.0
554	7828.0	5196.0
555	7828.0	5196.0
556	7828.0	5196.0
557	7828.0	5196.0
558	7828.0	5196.0
559	7828.0	5196.0
560	7828.0	5290.0
561	7828.0	5196.0
562	7828.0	5196.0
563	7828.0	5196.0
564	7828.0	5196.0
565	7828.0	5196.0
566	7828.0	5196.0
567	7828.0	5196.0
568	7828.0	5196.0
569	7828.0	5196.0
570	7828.0	5196.0
571	7828.0	5196.0
572	7828.0	5196.0
573	7828.0	5196.0
574	7828.0	5196.0
575	7828.0	5196.0
576	7828.0	5196.0
577	7828.0	5196.0
578	7828.0	5196.0
579	7828.0	5196.0
580	7828.0	5196.0
581	7828.0	5196.0
582	7828.0	5196.0
583	7828.0	5196.0
584	7828.0	5196.0
585	7828.0	5196.0
586	7828.0	5196.0
587	7828.0	5196.0
588	7828.0	5196.0
589	7828.0	5196.0
590	7828.0	5196.0
591	7828.0	5196.0
592	7828.0	5196.0
593	7828.0	5196.0
594	7828.0	5196.0
595	7828.0	5196.0
596	7828.0	5196.0
597	7828.0	5196.0
598	7828.0	5196.0
599	7828.0	5196.0
600	7828.0	5204.0
601	7828.0	5196.0
602	7828.0	5196.0
603	7828.0	5196.0
604	7828.0	5196.0
605	7828.0	5196.0
606	7828.0	5196.0
607	7828.0	5196.0
608	7828.0	5196.0
609	7828.0	5196.0
610	7828.0	5196.0
611	7828.0	5196.0
612	7828.0	5196.0
613	7828.0	5196.0
614	7828.0	5196.0
615	7828.0	5196.0
616	7828.0	5196.0
617	7828.0	5196.0
618	7828.0	5196.0
619	7828.0	5196.0
620	7828.0	5372.0
621	7828.0	5196.0
622	7828.0	5196.0
623	7828.0	5196.0
624	7828.0	5196.0
625	7828.0	5196.0
626	7828.0	5196.0
627	7828.0	5196.0
628	7828.0	5196.0
629	7828.0	5196.0
630	7828.0	5196.0
631	7828.0	5196.0
632	7828.0	5196.0
633	7828.0	5196.0
634	7828.0	5196.0
635	7828.0	5196.0
636	7828.0	5196.0
637	7828.0	5196.0
638	7828.0	5196.0
639	7828.0	5196.0
640	7828.0	5201.0
641	7828.0	5196.0
642	7828.0	5196.0
643	7828.0	5196.0
644	7828.0	5196.0
645	7828.0	5196.0
646	7828.0	5196.0
647	7828.0	5196.0
648	7828.0	5196.0
649	7828.0	5196.0
650	7828.0	5196.0
651	7828.0	5196.0
652	7828.0	5196.0
653	7828.0	5196.0
654	7828.0	5196.0
655	7828.0	5196.0
656	7828.0	5196.0
657	7828.0	5196.0
658	7828.0	5196.0
659	7828.0	5196.0
660	7828.0	5289.0
661	7828.0	5196.0
662	7828.0	5196.0
663	7828.0	5196.0
664	7828.0	5196.0
665	7828.0	5196.0
666	7828.0	5196.0
667	7828.0	5196.0
668	7828.0	5196.0
669	7828.0	5196.0
670	7828.0	5196.0
671	7828.0	5196.0
672	7828.0	5196.0
673	7828.0	5196.0
674	7828.0	5196.0
675	7828.0	5196.0
676	7828.0	5196.0
677	7828.0	5196.0
678	7828.0	5196.0
679	7828.0	5196.0
680	7828.0	5337.0
681	7828.0	5196.0
682	7828.0	5196.0
683	7828.0	5196.0
684	7828.0	5196.0
685	7828.0	5196.0
686	7828.0	5196.0
687	7828.0	5196.0
688	7828.0	5196.0
689	7828.0	5196.0
690	7828.0	5196.0
691	7828.0	5196.0
692	7828.0	5196.0
693	7828.0	5196.0
694	7828.0	5196.0
695	7828.0	5196.0
696	7828.0	5196.0
697	7828.0	5196.0
698	7828.0	5196.0
699	7828.0	5196.0
700	7828.0	5364.0
701	7828.0	5196.0
702	7828.0	5196.0
703	7828.0	5196.0
704	7828.0	5196.0
705	7828.0	5196.0
706	7828.0	5196.0
707	7828.0	5196.0
708	7828.0	5196.0
709	7828.0	5324.0
710	7828.0	5324.0
711	7828.0	5324.0
712	7828.0	5324.0
713	7828.0	5324.0
714	7828.0	5324.0
715	7828.0	5324.0
716	7828.0	5324.0
717	7828.0	5324.0
718	7828.0	5324.0
719	7828.0	5324.0
720	7828.0	5324.0
721	7828.0	5324.0
722	7828.0	5324.0
723	7828.0	5324.0
724	7828.0	5324.0
725	7828.0	5324.0
726	7828.0	5324.0
727	7828.0	5324.0
728	7828.0	5324.0
729	7828.0	5324.0
730	7828.0	5324.0
731	7828.0	5324.0
732	7828.0	5324.0
733	7828.0	5324.0
734	7828.0	5324.0
735	7828.0	5324.0
736	7828.0	5324.0
737	7828.0	5324.0
738	7828.0	5324.0
739	7828.0	5324.0
740	7828.0	5327.0
741	7828.0	5324.0
742	7828.0	5324.0
743	7828.0	5324.0
744	7828.0	5324.0
745	7828.0	5324.0
746	7828.0	5324.0
747	7828.0	5324.0
748	7828.0	5324.0
749	7828.0	5324.0
750	7828.0	5324.0
751	7828.0	5324.0
752	7828.0	5324.0
753	7828.0	5324.0
754	7828.0	5324.0
755	7828.0	5324.0
756	7828.0	5324.0
757	7828.0	5324.0
758	7828.0	5324.0
759	7828.0	5324.0
760	7828.0	5338.0
761	7828.0	5324.0
762	7828.0	5324.0
763	7828.0	5324.0
764	7828.0	5324.0
765	7828.0	5324.0
766	7828.0	5324.0
767	7828.0	5324.0
768	7828.0	5324.0
769	7828.0	5324.0
770	7828.0	5324.0
771	7828.0	5324.0
772	7828.0	5324.0
773	7828.0	5324.0
774	7828.0	5324.0
775	7828.0	5324.0
776	7828.0	5324.0
777	7828.0	5324.0
778	7828.0	5324.0
779	7828.0	5324.0
780	7828.0	5324.0
781	7828.0	5324.0
782	7828.0	5324.0
783	7828.0	5324.0
784	7828.0	5324.0
785	7828.0	5324.0
786	7828.0	5324.0
787	7828.0	5324.0
788	7828.0	5324.0
789	7828.0	5324.0
790	7828.0	5324.0
791	7828.0	5324.0
792	7828.0	5324.0
793	7828.0	5324.0
794	7828.0	5324.0
795	7828.0	5324.0
796	7828.0	5324.0
797	7828.0	5324.0
798	7828.0	5324.0
799	7828.0	5327.0
800	7828.0	5357.0
801	7828.0	5327.0
802	7828.0	5327.0
803	7828.0	5327.0
804	7828.0	5327.0
805	7828.0	5327.0
806	7828.0	5327.0
807	7828.0	5327.0
808	7828.0	5327.0
809	7828.0	5327.0
810	7828.0	5327.0
811	7828.0	5327.0
812	7828.0	5327.0
813	7828.0	5327.0
814	7828.0	5327.0
815	7828.0	5327.0
816	7828.0	5327.0
817	7828.0	5327.0
818	7828.0	5327.0
819	7828.0	5327.0
820	7828.0	5352.0
821	7828.0	5327.0
822	7828.0	5327.0
823	7828.0	5327.0
824	7828.0	5327.0
825	7828.0	5327.0
826	7828.0	5327.0
827	7828.0	5327.0
828	7828.0	5327.0
829	7828.0	5327.0
830	7828.0	5327.0
831	7828.0	5327.0
832	7828.0	5327.0
833	7828.0	5327.0
834	7828.0	5327.0
835	7828.0	5327.0
836	7828.0	5327.0
837	7828.0	5327.0
838	7828.0	5327.0
839	7828.0	5327.0
840	7828.0	5449.0
841	7828.0	5327.0
842	7828.0	5327.0
843	7828.0	5327.0
844	7828.0	5327.0
845	7828.0	5327.0
846	7828.0	5327.0
847	7828.0	5327.0
848	7828.0	5327.0
849	7828.0	5327.0
850	7828.0	5327.0
851	7828.0	5327.0
852	7828.0	5327.0
853	7828.0	5327.0
854	7828.0	5327.0
855	7828.0	5327.0
856	7828.0	5327.0
857	7828.0	5327.0
858	7828.0	5327.0
859	7828.0	5327.0
860	7828.0	5352.0
861	7828.0	5327.0
862	7828.0	5327.0
863	7828.0	5327.0
864	7828.0	5327.0
865	7828.0	5327.0
866	7828.0	5327.0
867	7828.0	5327.0
868	7828.0	5327.0
869	7828.0	5327.0
870	7828.0	5327.0
871	7828.0	5327.0
872	7828.0	5327.0
873	7828.0	5327.0
874	7828.0	5327.0
875	7828.0	5327.0
876	7828.0	5327.0
877	7828.0	5327.0
878	7828.0	5327.0
879	7828.0	5327.0
880	7828.0	5327.0
881	7828.0	5327.0
882	7828.0	5327.0
883	7828.0	5327.0
884	7828.0	5327.0
885	7828.0	5327.0
886	7828.0	5327.0
887	7828.0	5327.0
888	7828.0	5327.0
889	7828.0	5327.0
890	7828.0	5327.0
891	7828.0	5327.0
892	7828.0	5327.0
893	7828.0	5327.0
894	7828.0	5327.0
895	7828.0	5327.0
896	7828.0	5327.0
897	7828.0	5327.0
898	7828.0	5327.0
899	7828.0	5327.0
900	7828.0	5417.0
901	7828.0	5327.0
902	7828.0	5327.0
903	7828.0	5327.0
904	7828.0	5327.0
905	7828.0	5327.0
906	7828.0	5327.0
907	7828.0	5327.0
908	7828.0	5372.0
909	7828.0	5372.0
910	7828.0	5372.0
911	7828.0	5372.0
912	7828.0	5372.0
913	7828.0	5372.0
914	7828.0	5372.0
915	7828.0	5372.0
916	7828.0	5372.0
917	7828.0	5372.0
918	7828.0	5372.0
919	7828.0	5372.0
920	7828.0	5435.0
921	7828.0	5372.0
922	7828.0	5372.0
923	7828.0	5372.0
924	7828.0	5372.0
925	7828.0	5372.0
926	7828.0	5372.0
927	7828.0	5372.0
928	7828.0	5372.0
929	7828.0	5372.0
930	7828.0	5372.0
931	7828.0	5372.0
932	7828.0	5372.0
933	7828.0	5372.0
934	7828.0	5372.0
935	7828.0	5372.0
936	7828.0	5372.0
937	7828.0	5372.0
938	7828.0	5372.0
939	7828.0	5372.0
940	7828.0	5382.0
941	7828.0	5372.0
942	7828.0	5372.0
943	7828.0	5372.0
944	7828.0	5372.0
945	7828.0	5372.0
946	7828.0	5372.0
947	7828.0	5372.0
948	7828.0	5372.0
949	7828.0	5372.0
950	7828.0	5372.0
951	7828.0	5372.0
952	7828.0	5372.0
953	7828.0	5372.0
954	7828.0	5372.0
955	7828.0	5372.0
956	7828.0	5372.0
957	7828.0	5372.0
958	7828.0	5372.0
959	7828.0	5372.0
960	7828.0	5372.0
961	7828.0	5372.0
962	7828.0	5372.0
963	7828.0	5372.0
964	7828.0	5372.0
965	7828.0	5372.0
966	7828.0	5372.0
967	7828.0	5372.0
968	7828.0	5372.0
969	7828.0	5372.0
970	7828.0	5372.0
971	7828.0	5372.0
972	7828.0	5372.0
973	7828.0	5372.0
974	7828.0	5372.0
975	7828.0	5372.0
976	7828.0	5372.0
977	7828.0	5372.0
978	7828.0	5372.0
979	7828.0	5372.0
980	7828.0	5372.0
981	7828.0	5372.0
982	7828.0	5372.0
983	7828.0	5372.0
984	7828.0	5372.0
985	7828.0	5372.0
986	7828.0	5372.0
987	7828.0	5372.0
988	7828.0	5372.0
989	7828.0	5372.0
990	7828.0	5372.0
991	7828.0	5372.0
992	7828.0	5372.0
993	7828.0	5372.0
994	7828.0	5372.0
995	7828.0	5372.0
996	7828.0	5372.0
997	7828.0	5372.0
998	7828.0	5372.0
999	7828.0	5372.0
1000	7828.0	5372.0
