0 5631.0
1 5748.0
2 6707.0
3 7383.0
4 7510.0
5 8175.0
6 8820.0
7 8792.0
8 9758.0
9 9611.0
10 10279.0
11 11415.0
12 11249.0
13 11852.0
14 12020.0
15 12172.0
16 12385.0
17 12347.0
18 12681.0
19 12923.0
20 13253.0
21 13253.0
22 13289.0
23 14302.0
24 14302.0
25 14192.0
26 14360.0
27 14360.0
28 14077.0
29 14341.0
30 14595.0
31 14611.0
32 14861.0
33 14774.0
34 15110.0
35 15110.0
36 15110.0
37 15067.0
38 15555.0
39 15767.0
40 15561.0
41 15712.0
42 15648.0
43 15648.0
44 15702.0
45 16086.0
46 15951.0
47 16094.0
48 16094.0
49 16316.0
50 16322.0
51 16120.0
52 16010.0
53 16359.0
54 16442.0
55 16390.0
56 16574.0
57 16441.0
58 16511.0
59 17026.0
60 16635.0
61 16766.0
62 16971.0
63 17057.0
64 17042.0
65 17042.0
66 17042.0
67 17003.0
68 17072.0
69 17156.0
70 17146.0
71 17208.0
72 17208.0
73 17416.0
74 17416.0
75 17416.0
76 17395.0
77 17412.0
78 17392.0
79 17359.0
80 17429.0
81 17476.0
82 17515.0
83 17580.0
84 17580.0
85 17622.0
86 17680.0
87 17723.0
88 17723.0
89 17723.0
90 17744.0
91 17780.0
92 17768.0
93 17790.0
94 17797.0
95 17845.0
96 17845.0
97 17894.0
98 17927.0
99 17927.0
100 17951.0
101 17956.0
102 17989.0
103 17989.0
104 17989.0
105 17985.0
106 17985.0
107 17991.0
108 17991.0
109 17989.0
110 17991.0
111 17991.0
112 17991.0
113 17991.0
114 17991.0
115 18002.0
116 18002.0
117 17991.0
118 17989.0
119 17989.0
120 17989.0
121 17989.0
122 17989.0
123 17989.0
124 17989.0
125 17989.0
126 17989.0
127 17989.0
128 17989.0
129 17989.0
130 17989.0
131 17989.0
132 17989.0
133 17989.0
134 17989.0
135 17989.0
136 17989.0
137 17989.0
138 17989.0
139 17989.0
140 17989.0
141 17989.0
142 17989.0
143 17989.0
144 17989.0
145 17989.0
146 17989.0
147 17989.0
148 17989.0
149 17989.0
150 17989.0
151 17989.0
152 17989.0
153 17989.0
154 17989.0
155 17989.0
156 17989.0
157 17989.0
158 17989.0
159 17989.0
160 17989.0
161 17989.0
162 17989.0
163 17989.0
164 17989.0
165 17989.0
166 17989.0
167 17989.0
168 17989.0
169 17989.0
170 17989.0
171 17989.0
172 17989.0
173 17989.0
174 17989.0
175 17989.0
176 17989.0
177 17989.0
178 17989.0
179 17989.0
180 17989.0
181 17989.0
182 17989.0
183 17989.0
184 17989.0
185 17989.0
186 17989.0
187 17989.0
188 17989.0
189 17989.0
190 17989.0
191 17989.0
192 17989.0
193 17989.0
194 17989.0
195 17989.0
196 17989.0
197 17989.0
198 18054.0
199 17989.0
200 17989.0
201 17989.0
202 17989.0
203 17989.0
204 17989.0
205 17989.0
206 17989.0
207 17989.0
208 17989.0
209 17989.0
210 17989.0
211 17989.0
212 17989.0
213 17989.0
214 17989.0
215 17989.0
216 17989.0
217 17989.0
218 17989.0
219 17989.0
220 17989.0
221 17989.0
222 17989.0
223 17989.0
224 17989.0
225 17989.0
226 17989.0
227 17989.0
228 17989.0
229 17989.0
230 17989.0
231 17989.0
232 17989.0
233 17989.0
234 17989.0
235 17989.0
236 17989.0
237 17989.0
238 17989.0
239 17989.0
240 17989.0
241 17989.0
242 17989.0
243 17989.0
244 17989.0
245 17989.0
246 17989.0
247 17989.0
248 17989.0
249 17989.0
250 17989.0
251 17989.0
252 17989.0
253 17989.0
254 17989.0
255 17989.0
256 17989.0
257 17989.0
258 17989.0
259 17989.0
260 17989.0
261 17989.0
262 17989.0
263 17989.0
264 17989.0
265 17989.0
266 17989.0
267 17989.0
268 17989.0
269 17989.0
270 17989.0
271 17989.0
272 17989.0
273 17989.0
274 17989.0
275 17989.0
276 17989.0
277 17989.0
278 17989.0
279 17989.0
280 17989.0
281 17989.0
282 17989.0
283 17989.0
284 17989.0
285 17989.0
286 17989.0
287 17989.0
288 17989.0
289 17989.0
290 17989.0
291 17989.0
292 17989.0
293 17989.0
294 17989.0
295 17989.0
296 17989.0
297 17989.0
298 17989.0
299 17989.0
300 17989.0
301 17989.0
302 17989.0
303 17989.0
304 17989.0
305 17989.0
306 17989.0
307 17989.0
308 17989.0
309 17989.0
310 17989.0
311 17989.0
312 17989.0
313 17989.0
314 17989.0
315 17989.0
316 17989.0
317 17989.0
318 17989.0
319 17989.0
320 17989.0
321 17989.0
322 17989.0
323 17989.0
324 17989.0
325 17989.0
326 17989.0
327 17989.0
328 17989.0
329 17989.0
330 17989.0
331 17989.0
332 17989.0
333 17989.0
334 17989.0
335 17989.0
336 17989.0
337 17989.0
338 17989.0
339 17989.0
340 17989.0
341 17989.0
342 17989.0
343 17989.0
344 17989.0
345 17989.0
346 17989.0
347 17989.0
348 17989.0
349 17989.0
350 17989.0
351 17989.0
352 17989.0
353 17989.0
354 17989.0
355 17989.0
356 17989.0
357 17989.0
358 17989.0
359 17989.0
360 17989.0
361 17989.0
362 17989.0
363 17989.0
364 17989.0
365 17989.0
366 17989.0
367 17989.0
368 17989.0
369 17989.0
370 17989.0
371 17989.0
372 17989.0
373 17989.0
374 17989.0
375 17989.0
376 17989.0
377 17989.0
378 17989.0
379 17989.0
380 17989.0
381 17989.0
382 17989.0
383 17989.0
384 17989.0
385 17989.0
386 17989.0
387 17989.0
388 17989.0
389 17989.0
390 17989.0
391 17989.0
392 17989.0
393 17989.0
394 17989.0
395 17989.0
396 17989.0
397 17989.0
398 17989.0
399 17989.0
400 17989.0
401 17989.0
402 17989.0
403 17989.0
404 17989.0
405 17989.0
406 17989.0
407 17989.0
408 17989.0
409 17989.0
410 17989.0
411 17989.0
412 17989.0
413 17989.0
414 17989.0
415 17989.0
416 17989.0
417 17989.0
418 17989.0
419 17989.0
420 17989.0
421 17989.0
422 17989.0
423 17989.0
424 17989.0
425 17989.0
426 17989.0
427 17989.0
428 17989.0
429 17989.0
430 17989.0
431 17989.0
432 17989.0
433 17989.0
434 17989.0
435 17989.0
436 17989.0
437 17989.0
438 17989.0
439 17989.0
440 17989.0
441 17989.0
442 17989.0
443 17989.0
444 17989.0
445 17989.0
446 17989.0
447 17989.0
448 17989.0
449 17989.0
450 17989.0
451 17989.0
452 17989.0
453 17989.0
454 17989.0
455 17989.0
456 17989.0
457 17989.0
458 17989.0
459 17989.0
460 17989.0
461 17989.0
462 17989.0
463 17989.0
464 17989.0
465 17989.0
466 17989.0
467 17989.0
468 17989.0
469 17989.0
470 17989.0
471 17989.0
472 17989.0
473 17989.0
474 17989.0
475 17989.0
476 17989.0
477 17989.0
478 17989.0
479 17989.0
480 17989.0
481 17989.0
482 17989.0
483 17989.0
484 17989.0
485 17989.0
486 17989.0
487 17989.0
488 17989.0
489 17989.0
490 17989.0
491 17989.0
492 17989.0
493 17989.0
494 17989.0
495 17989.0
496 17989.0
497 17989.0
498 17989.0
499 17989.0
500 17989.0
501 17989.0
502 17989.0
503 17989.0
504 17989.0
505 17989.0
506 17989.0
507 17989.0
508 17989.0
509 17989.0
510 17989.0
511 17989.0
512 17989.0
513 17989.0
514 17989.0
515 17989.0
516 17989.0
517 17989.0
518 17989.0
519 17989.0
520 17989.0
521 17989.0
522 17989.0
523 17989.0
524 17989.0
525 17989.0
526 17989.0
527 17989.0
528 17989.0
529 17989.0
530 17989.0
531 17989.0
532 17989.0
533 17989.0
534 17989.0
535 17989.0
536 17989.0
537 17989.0
538 17989.0
539 17989.0
540 17989.0
541 17989.0
542 17989.0
543 17989.0
544 17989.0
545 17989.0
546 17989.0
547 17989.0
548 17989.0
549 17989.0
550 17989.0
551 17989.0
552 17989.0
553 17989.0
554 17989.0
555 17989.0
556 17989.0
557 17989.0
558 17989.0
559 17989.0
560 17989.0
561 17989.0
562 17989.0
563 17989.0
564 17989.0
565 17989.0
566 17989.0
567 17989.0
568 17989.0
569 17989.0
570 17989.0
571 17989.0
572 17989.0
573 17989.0
574 17989.0
575 17989.0
576 17989.0
577 17989.0
578 17989.0
579 17989.0
580 17989.0
581 17989.0
582 17989.0
583 17989.0
584 17989.0
585 17989.0
586 17989.0
587 17989.0
588 17989.0
589 17989.0
590 17989.0
591 17989.0
592 17989.0
593 17989.0
594 17989.0
595 17989.0
596 17989.0
597 17989.0
598 17989.0
599 17989.0
600 17989.0
601 17989.0
602 17989.0
603 17989.0
604 17989.0
605 17989.0
606 17989.0
607 17989.0
608 17989.0
609 17989.0
610 17989.0
611 17989.0
612 17989.0
613 17993.0
614 17989.0
615 17989.0
616 17989.0
617 17989.0
618 17989.0
619 17989.0
620 17989.0
621 17989.0
622 17989.0
623 17989.0
624 17989.0
625 17989.0
626 17989.0
627 17989.0
628 17989.0
629 17989.0
630 17989.0
631 17989.0
632 17989.0
633 17989.0
634 17989.0
635 17989.0
636 17989.0
637 17989.0
638 17989.0
639 17989.0
640 17989.0
641 17989.0
642 17989.0
643 17989.0
644 17989.0
645 17989.0
646 17989.0
647 17989.0
648 17989.0
649 17989.0
650 17989.0
651 17989.0
652 17989.0
653 17989.0
654 17989.0
655 17989.0
656 17989.0
657 17989.0
658 17989.0
659 17989.0
660 17989.0
661 17989.0
662 17989.0
663 17989.0
664 17989.0
665 17989.0
666 17989.0
667 17989.0
668 17989.0
669 17989.0
670 17989.0
671 17989.0
672 17989.0
673 17989.0
674 17989.0
675 17989.0
676 17989.0
677 17989.0
678 17989.0
679 17989.0
680 17989.0
681 17989.0
682 17989.0
683 17989.0
684 17989.0
685 17989.0
686 17989.0
687 17989.0
688 17989.0
689 17989.0
690 17989.0
691 17989.0
692 17989.0
693 17989.0
694 17989.0
695 17989.0
696 17989.0
697 17989.0
698 17989.0
699 17989.0
700 17989.0
701 17989.0
702 17989.0
703 17989.0
704 17989.0
705 17989.0
706 17989.0
707 17989.0
708 17989.0
709 17989.0
710 17989.0
711 17989.0
712 17989.0
713 17989.0
714 17989.0
715 17989.0
716 17989.0
717 17989.0
718 17989.0
719 17989.0
720 17989.0
721 17989.0
722 17989.0
723 17989.0
724 17989.0
725 17989.0
726 17998.0
727 17998.0
728 17998.0
729 17998.0
730 17998.0
731 17989.0
732 17989.0
733 17989.0
734 17989.0
735 17989.0
736 17989.0
737 17989.0
738 17989.0
739 17989.0
740 17989.0
741 17989.0
742 17989.0
743 17989.0
744 17989.0
745 17989.0
746 17989.0
747 17989.0
748 17989.0
749 17989.0
750 17989.0
751 17989.0
752 17989.0
753 17989.0
754 17989.0
755 17989.0
756 17989.0
757 17989.0
758 17989.0
759 17989.0
760 17989.0
761 17989.0
762 17989.0
763 17989.0
764 17989.0
765 17989.0
766 17989.0
767 17989.0
768 17989.0
769 17989.0
770 17989.0
771 17989.0
772 17989.0
773 17989.0
774 17989.0
775 17989.0
776 17989.0
777 17989.0
778 17989.0
779 17989.0
780 17989.0
781 17989.0
782 17989.0
783 17989.0
784 17989.0
785 17989.0
786 17989.0
787 17989.0
788 17989.0
789 17989.0
790 17989.0
791 17989.0
792 17989.0
793 17989.0
794 17989.0
795 17989.0
796 17989.0
797 17989.0
798 17989.0
799 17989.0
800 17989.0
801 17989.0
802 17989.0
803 17989.0
804 17989.0
805 17989.0
806 17989.0
807 17989.0
808 17989.0
809 17989.0
810 17989.0
811 17989.0
812 17989.0
813 17989.0
814 17989.0
815 17989.0
816 17989.0
817 17989.0
818 17989.0
819 17989.0
820 17989.0
821 17989.0
822 17989.0
823 17989.0
824 17989.0
825 17989.0
826 17989.0
827 17989.0
828 17989.0
829 17989.0
830 17989.0
831 17989.0
832 17989.0
833 17989.0
834 17989.0
835 17989.0
836 17989.0
837 17989.0
838 17989.0
839 17989.0
840 17989.0
841 17989.0
842 17989.0
843 17989.0
844 17989.0
845 17989.0
846 17989.0
847 17989.0
848 17989.0
849 17989.0
850 17989.0
851 17989.0
852 17989.0
853 17989.0
854 17989.0
855 17989.0
856 17989.0
857 17989.0
858 17989.0
859 17989.0
860 17989.0
861 17989.0
862 17989.0
863 17989.0
864 17989.0
865 17989.0
866 17989.0
867 17989.0
868 17989.0
869 17989.0
870 17989.0
871 17989.0
872 17989.0
873 17989.0
874 17989.0
875 17989.0
876 17989.0
877 17989.0
878 17989.0
879 17989.0
880 17989.0
881 17989.0
882 17989.0
883 17989.0
884 17989.0
885 17989.0
886 17989.0
887 17989.0
888 17989.0
889 17989.0
890 17989.0
891 17989.0
892 17989.0
893 17989.0
894 17989.0
895 17989.0
896 17989.0
897 17989.0
898 17989.0
899 17989.0
900 17989.0
901 17989.0
902 17989.0
903 17989.0
904 17989.0
905 17989.0
906 17989.0
907 17989.0
908 17989.0
909 17989.0
910 17989.0
911 17989.0
912 17989.0
913 17989.0
914 17989.0
915 17989.0
916 17989.0
917 17989.0
918 17989.0
919 17989.0
920 17989.0
921 17989.0
922 17989.0
923 17989.0
924 17989.0
925 17989.0
926 17989.0
927 17989.0
928 17989.0
929 17989.0
930 17989.0
931 17989.0
932 17989.0
933 17989.0
934 17989.0
935 17989.0
936 17989.0
937 17989.0
938 17989.0
939 17989.0
940 17989.0
941 17989.0
942 17989.0
943 17989.0
944 17989.0
945 17989.0
946 17989.0
947 17989.0
948 17989.0
949 17989.0
950 17989.0
951 17989.0
952 17989.0
953 17989.0
954 17989.0
955 17989.0
956 17989.0
957 17989.0
958 17989.0
959 17989.0
960 17989.0
961 17989.0
962 17989.0
963 17989.0
964 17989.0
965 17989.0
966 17989.0
967 17989.0
968 17989.0
969 17989.0
970 17989.0
971 17989.0
972 17989.0
973 17989.0
974 17989.0
975 17989.0
976 17989.0
977 17989.0
978 17989.0
979 17989.0
980 17989.0
981 17989.0
982 17989.0
983 17989.0
984 17989.0
985 17989.0
986 17989.0
987 17989.0
988 17989.0
989 17989.0
990 17989.0
991 17989.0
992 17989.0
993 17989.0
994 17989.0
995 17989.0
996 17989.0
997 17989.0
998 17989.0
999 17989.0
1000 17989.0
