0 5777.0
1 6393.0
2 6552.0
3 7040.0
4 7614.0
5 8585.0
6 8713.0
7 9357.0
8 10248.0
9 10248.0
10 10248.0
11 10502.0
12 10873.0
13 11283.0
14 11581.0
15 12119.0
16 12548.0
17 12685.0
18 12813.0
19 13340.0
20 13340.0
21 13732.0
22 13732.0
23 14009.0
24 14009.0
25 14009.0
26 14208.0
27 14516.0
28 14223.0
29 14721.0
30 14721.0
31 14927.0
32 14909.0
33 15187.0
34 15400.0
35 15400.0
36 15400.0
37 15886.0
38 15670.0
39 15546.0
40 15518.0
41 15793.0
42 15793.0
43 15793.0
44 15608.0
45 15934.0
46 16157.0
47 16157.0
48 16157.0
49 16157.0
50 16286.0
51 16399.0
52 16220.0
53 16220.0
54 16761.0
55 16301.0
56 16317.0
57 16480.0
58 16480.0
59 17089.0
60 17089.0
61 17089.0
62 16812.0
63 16748.0
64 16748.0
65 16681.0
66 16723.0
67 16784.0
68 16784.0
69 16926.0
70 16926.0
71 16969.0
72 16996.0
73 17387.0
74 17361.0
75 17277.0
76 17277.0
77 17438.0
78 17438.0
79 17218.0
80 17346.0
81 17346.0
82 17509.0
83 17429.0
84 17512.0
85 17577.0
86 17573.0
87 17680.0
88 17712.0
89 17712.0
90 17760.0
91 17778.0
92 17778.0
93 17785.0
94 17785.0
95 17893.0
96 17858.0
97 17884.0
98 17928.0
99 18014.0
100 18014.0
101 18014.0
102 18014.0
103 18068.0
104 18080.0
105 18139.0
106 18183.0
107 18183.0
108 18190.0
109 18191.0
110 18210.0
111 18210.0
112 18212.0
113 18212.0
114 18223.0
115 18214.0
116 18214.0
117 18222.0
118 18223.0
119 18223.0
120 18223.0
121 18227.0
122 18223.0
123 18227.0
124 18226.0
125 18227.0
126 18227.0
127 18227.0
128 18227.0
129 18227.0
130 18227.0
131 18227.0
132 18243.0
133 18227.0
134 18243.0
135 18243.0
136 18243.0
137 18243.0
138 18243.0
139 18243.0
140 18243.0
141 18243.0
142 18243.0
143 18243.0
144 18243.0
145 18243.0
146 18243.0
147 18243.0
148 18243.0
149 18243.0
150 18243.0
151 18243.0
152 18243.0
153 18243.0
154 18243.0
155 18243.0
156 18243.0
157 18243.0
158 18243.0
159 18243.0
160 18243.0
161 18243.0
162 18243.0
163 18243.0
164 18243.0
165 18243.0
166 18243.0
167 18243.0
168 18243.0
169 18243.0
170 18243.0
171 18243.0
172 18243.0
173 18243.0
174 18243.0
175 18243.0
176 18243.0
177 18243.0
178 18243.0
179 18243.0
180 18243.0
181 18243.0
182 18243.0
183 18243.0
184 18243.0
185 18243.0
186 18243.0
187 18243.0
188 18243.0
189 18243.0
190 18243.0
191 18243.0
192 18243.0
193 18243.0
194 18243.0
195 18243.0
196 18243.0
197 18243.0
198 18243.0
199 18243.0
200 18243.0
201 18243.0
202 18243.0
203 18243.0
204 18243.0
205 18243.0
206 18243.0
207 18243.0
208 18243.0
209 18243.0
210 18243.0
211 18243.0
212 18243.0
213 18243.0
214 18243.0
215 18243.0
216 18243.0
217 18243.0
218 18243.0
219 18243.0
220 18243.0
221 18243.0
222 18243.0
223 18243.0
224 18243.0
225 18243.0
226 18243.0
227 18243.0
228 18243.0
229 18243.0
230 18243.0
231 18243.0
232 18243.0
233 18243.0
234 18243.0
235 18243.0
236 18243.0
237 18243.0
238 18243.0
239 18243.0
240 18243.0
241 18243.0
242 18243.0
243 18243.0
244 18243.0
245 18243.0
246 18243.0
247 18243.0
248 18243.0
249 18243.0
250 18243.0
251 18243.0
252 18243.0
253 18243.0
254 18243.0
255 18243.0
256 18243.0
257 18243.0
258 18243.0
259 18243.0
260 18243.0
261 18243.0
262 18243.0
263 18243.0
264 18243.0
265 18243.0
266 18243.0
267 18243.0
268 18243.0
269 18243.0
270 18243.0
271 18243.0
272 18243.0
273 18243.0
274 18243.0
275 18243.0
276 18243.0
277 18243.0
278 18243.0
279 18243.0
280 18243.0
281 18243.0
282 18243.0
283 18243.0
284 18243.0
285 18243.0
286 18243.0
287 18243.0
288 18243.0
289 18243.0
290 18243.0
291 18243.0
292 18243.0
293 18243.0
294 18243.0
295 18243.0
296 18243.0
297 18243.0
298 18243.0
299 18243.0
300 18243.0
301 18243.0
302 18243.0
303 18243.0
304 18243.0
305 18243.0
306 18243.0
307 18243.0
308 18243.0
309 18243.0
310 18243.0
311 18243.0
312 18243.0
313 18243.0
314 18243.0
315 18243.0
316 18243.0
317 18243.0
318 18243.0
319 18243.0
320 18243.0
321 18243.0
322 18243.0
323 18243.0
324 18243.0
325 18243.0
326 18243.0
327 18243.0
328 18243.0
329 18243.0
330 18243.0
331 18243.0
332 18243.0
333 18243.0
334 18243.0
335 18243.0
336 18243.0
337 18243.0
338 18243.0
339 18243.0
340 18243.0
341 18243.0
342 18243.0
343 18243.0
344 18243.0
345 18243.0
346 18243.0
347 18243.0
348 18243.0
349 18243.0
350 18243.0
351 18243.0
352 18243.0
353 18243.0
354 18243.0
355 18243.0
356 18243.0
357 18243.0
358 18243.0
359 18243.0
360 18243.0
361 18243.0
362 18243.0
363 18243.0
364 18243.0
365 18243.0
366 18243.0
367 18243.0
368 18243.0
369 18243.0
370 18243.0
371 18243.0
372 18243.0
373 18243.0
374 18243.0
375 18243.0
376 18243.0
377 18243.0
378 18243.0
379 18243.0
380 18243.0
381 18243.0
382 18243.0
383 18243.0
384 18243.0
385 18243.0
386 18243.0
387 18243.0
388 18243.0
389 18243.0
390 18243.0
391 18243.0
392 18243.0
393 18243.0
394 18243.0
395 18243.0
396 18243.0
397 18243.0
398 18243.0
399 18243.0
400 18243.0
401 18243.0
402 18243.0
403 18243.0
404 18243.0
405 18243.0
406 18243.0
407 18243.0
408 18243.0
409 18243.0
410 18243.0
411 18243.0
412 18243.0
413 18243.0
414 18243.0
415 18243.0
416 18243.0
417 18243.0
418 18243.0
419 18243.0
420 18243.0
421 18243.0
422 18243.0
423 18243.0
424 18243.0
425 18243.0
426 18243.0
427 18243.0
428 18243.0
429 18243.0
430 18243.0
431 18243.0
432 18243.0
433 18243.0
434 18243.0
435 18243.0
436 18243.0
437 18243.0
438 18243.0
439 18243.0
440 18243.0
441 18243.0
442 18243.0
443 18243.0
444 18243.0
445 18243.0
446 18243.0
447 18243.0
448 18243.0
449 18243.0
450 18243.0
451 18243.0
452 18243.0
453 18243.0
454 18243.0
455 18265.0
456 18265.0
457 18243.0
458 18243.0
459 18243.0
460 18243.0
461 18243.0
462 18243.0
463 18243.0
464 18243.0
465 18243.0
466 18243.0
467 18243.0
468 18243.0
469 18243.0
470 18243.0
471 18243.0
472 18243.0
473 18243.0
474 18243.0
475 18243.0
476 18243.0
477 18243.0
478 18243.0
479 18243.0
480 18243.0
481 18243.0
482 18243.0
483 18243.0
484 18243.0
485 18243.0
486 18243.0
487 18243.0
488 18243.0
489 18243.0
490 18243.0
491 18243.0
492 18243.0
493 18243.0
494 18243.0
495 18243.0
496 18243.0
497 18243.0
498 18243.0
499 18243.0
500 18243.0
501 18243.0
502 18243.0
503 18243.0
504 18243.0
505 18243.0
506 18243.0
507 18243.0
508 18243.0
509 18243.0
510 18243.0
511 18243.0
512 18243.0
513 18243.0
514 18243.0
515 18243.0
516 18243.0
517 18243.0
518 18243.0
519 18243.0
520 18243.0
521 18243.0
522 18243.0
523 18243.0
524 18243.0
525 18243.0
526 18243.0
527 18243.0
528 18243.0
529 18243.0
530 18243.0
531 18243.0
532 18243.0
533 18243.0
534 18243.0
535 18243.0
536 18243.0
537 18243.0
538 18243.0
539 18243.0
540 18243.0
541 18243.0
542 18243.0
543 18243.0
544 18243.0
545 18243.0
546 18243.0
547 18243.0
548 18243.0
549 18243.0
550 18243.0
551 18243.0
552 18243.0
553 18243.0
554 18243.0
555 18243.0
556 18243.0
557 18243.0
558 18243.0
559 18243.0
560 18243.0
561 18243.0
562 18243.0
563 18243.0
564 18243.0
565 18243.0
566 18243.0
567 18243.0
568 18243.0
569 18243.0
570 18243.0
571 18243.0
572 18243.0
573 18243.0
574 18243.0
575 18243.0
576 18243.0
577 18243.0
578 18243.0
579 18243.0
580 18243.0
581 18243.0
582 18243.0
583 18243.0
584 18243.0
585 18243.0
586 18243.0
587 18243.0
588 18243.0
589 18243.0
590 18243.0
591 18243.0
592 18243.0
593 18243.0
594 18243.0
595 18243.0
596 18243.0
597 18243.0
598 18243.0
599 18243.0
600 18243.0
601 18243.0
602 18243.0
603 18243.0
604 18243.0
605 18243.0
606 18243.0
607 18243.0
608 18243.0
609 18243.0
610 18243.0
611 18243.0
612 18243.0
613 18243.0
614 18243.0
615 18243.0
616 18243.0
617 18243.0
618 18243.0
619 18243.0
620 18243.0
621 18243.0
622 18243.0
623 18243.0
624 18243.0
625 18243.0
626 18243.0
627 18243.0
628 18243.0
629 18243.0
630 18243.0
631 18243.0
632 18243.0
633 18243.0
634 18243.0
635 18243.0
636 18243.0
637 18243.0
638 18243.0
639 18243.0
640 18243.0
641 18243.0
642 18258.0
643 18243.0
644 18243.0
645 18243.0
646 18243.0
647 18243.0
648 18243.0
649 18243.0
650 18243.0
651 18243.0
652 18243.0
653 18243.0
654 18243.0
655 18243.0
656 18243.0
657 18243.0
658 18243.0
659 18243.0
660 18243.0
661 18243.0
662 18243.0
663 18243.0
664 18243.0
665 18243.0
666 18243.0
667 18243.0
668 18243.0
669 18243.0
670 18243.0
671 18243.0
672 18243.0
673 18243.0
674 18243.0
675 18243.0
676 18243.0
677 18243.0
678 18243.0
679 18243.0
680 18243.0
681 18243.0
682 18243.0
683 18243.0
684 18243.0
685 18243.0
686 18243.0
687 18243.0
688 18243.0
689 18243.0
690 18243.0
691 18243.0
692 18243.0
693 18243.0
694 18243.0
695 18243.0
696 18243.0
697 18243.0
698 18243.0
699 18243.0
700 18243.0
701 18243.0
702 18243.0
703 18243.0
704 18243.0
705 18243.0
706 18243.0
707 18243.0
708 18243.0
709 18243.0
710 18243.0
711 18243.0
712 18243.0
713 18243.0
714 18243.0
715 18243.0
716 18243.0
717 18243.0
718 18243.0
719 18243.0
720 18243.0
721 18243.0
722 18243.0
723 18243.0
724 18243.0
725 18243.0
726 18243.0
727 18243.0
728 18243.0
729 18243.0
730 18243.0
731 18243.0
732 18243.0
733 18243.0
734 18243.0
735 18243.0
736 18243.0
737 18243.0
738 18243.0
739 18243.0
740 18243.0
741 18243.0
742 18243.0
743 18243.0
744 18243.0
745 18243.0
746 18243.0
747 18243.0
748 18243.0
749 18243.0
750 18243.0
751 18243.0
752 18243.0
753 18243.0
754 18243.0
755 18243.0
756 18243.0
757 18247.0
758 18247.0
759 18247.0
760 18247.0
761 18243.0
762 18243.0
763 18243.0
764 18243.0
765 18243.0
766 18243.0
767 18243.0
768 18243.0
769 18243.0
770 18243.0
771 18243.0
772 18243.0
773 18243.0
774 18243.0
775 18243.0
776 18243.0
777 18243.0
778 18243.0
779 18243.0
780 18243.0
781 18243.0
782 18243.0
783 18243.0
784 18243.0
785 18243.0
786 18243.0
787 18243.0
788 18243.0
789 18243.0
790 18243.0
791 18243.0
792 18243.0
793 18243.0
794 18243.0
795 18243.0
796 18243.0
797 18243.0
798 18243.0
799 18243.0
800 18243.0
801 18243.0
802 18243.0
803 18243.0
804 18243.0
805 18243.0
806 18243.0
807 18243.0
808 18243.0
809 18243.0
810 18243.0
811 18243.0
812 18243.0
813 18243.0
814 18243.0
815 18243.0
816 18243.0
817 18243.0
818 18243.0
819 18243.0
820 18243.0
821 18243.0
822 18243.0
823 18243.0
824 18243.0
825 18243.0
826 18243.0
827 18243.0
828 18243.0
829 18243.0
830 18243.0
831 18243.0
832 18243.0
833 18243.0
834 18243.0
835 18243.0
836 18243.0
837 18243.0
838 18243.0
839 18243.0
840 18243.0
841 18243.0
842 18243.0
843 18243.0
844 18243.0
845 18243.0
846 18243.0
847 18243.0
848 18243.0
849 18243.0
850 18243.0
851 18243.0
852 18243.0
853 18243.0
854 18243.0
855 18243.0
856 18243.0
857 18243.0
858 18243.0
859 18243.0
860 18243.0
861 18243.0
862 18243.0
863 18243.0
864 18243.0
865 18243.0
866 18243.0
867 18247.0
868 18243.0
869 18243.0
870 18243.0
871 18243.0
872 18243.0
873 18243.0
874 18243.0
875 18243.0
876 18243.0
877 18243.0
878 18243.0
879 18243.0
880 18243.0
881 18243.0
882 18243.0
883 18243.0
884 18243.0
885 18243.0
886 18243.0
887 18243.0
888 18243.0
889 18243.0
890 18243.0
891 18243.0
892 18243.0
893 18243.0
894 18243.0
895 18243.0
896 18243.0
897 18243.0
898 18243.0
899 18243.0
900 18243.0
901 18243.0
902 18243.0
903 18243.0
904 18243.0
905 18243.0
906 18243.0
907 18243.0
908 18243.0
909 18243.0
910 18243.0
911 18243.0
912 18243.0
913 18243.0
914 18243.0
915 18243.0
916 18243.0
917 18243.0
918 18243.0
919 18243.0
920 18243.0
921 18243.0
922 18243.0
923 18243.0
924 18243.0
925 18243.0
926 18243.0
927 18243.0
928 18243.0
929 18243.0
930 18243.0
931 18243.0
932 18243.0
933 18243.0
934 18243.0
935 18243.0
936 18243.0
937 18243.0
938 18243.0
939 18243.0
940 18243.0
941 18243.0
942 18243.0
943 18243.0
944 18243.0
945 18243.0
946 18243.0
947 18243.0
948 18243.0
949 18243.0
950 18243.0
951 18243.0
952 18243.0
953 18243.0
954 18243.0
955 18243.0
956 18243.0
957 18243.0
958 18243.0
959 18243.0
960 18243.0
961 18243.0
962 18243.0
963 18243.0
964 18243.0
965 18243.0
966 18243.0
967 18243.0
968 18243.0
969 18243.0
970 18243.0
971 18243.0
972 18243.0
973 18243.0
974 18243.0
975 18243.0
976 18243.0
977 18243.0
978 18284.0
979 18284.0
980 18284.0
981 18284.0
982 18284.0
983 18284.0
984 18284.0
985 18284.0
986 18284.0
987 18284.0
988 18284.0
989 18284.0
990 18284.0
991 18284.0
992 18284.0
993 18284.0
994 18284.0
995 18284.0
996 18284.0
997 18284.0
998 18284.0
999 18284.0
1000 18284.0
