0 5631.0
1 6162.0
2 7002.0
3 7450.0
4 8272.0
5 8602.0
6 8602.0
7 8926.0
8 9042.0
9 9443.0
10 10040.0
11 10733.0
12 11080.0
13 10992.0
14 11661.0
15 11731.0
16 12321.0
17 12438.0
18 12837.0
19 13289.0
20 13520.0
21 13715.0
22 13715.0
23 13715.0
24 14185.0
25 13997.0
26 14398.0
27 14495.0
28 15067.0
29 15148.0
30 15034.0
31 15034.0
32 15106.0
33 15176.0
34 15270.0
35 15383.0
36 15642.0
37 15395.0
38 15817.0
39 15817.0
40 15717.0
41 15743.0
42 15747.0
43 15986.0
44 15986.0
45 16071.0
46 16102.0
47 16252.0
48 16252.0
49 16514.0
50 16514.0
51 16514.0
52 16356.0
53 17083.0
54 16372.0
55 16610.0
56 16905.0
57 17043.0
58 17043.0
59 16840.0
60 16997.0
61 17160.0
62 17160.0
63 17462.0
64 17312.0
65 17312.0
66 17164.0
67 17096.0
68 17102.0
69 17194.0
70 17328.0
71 17328.0
72 17426.0
73 17506.0
74 17506.0
75 17386.0
76 17516.0
77 17619.0
78 17665.0
79 17665.0
80 17665.0
81 17670.0
82 17678.0
83 17734.0
84 17784.0
85 17884.0
86 17928.0
87 17928.0
88 18052.0
89 18052.0
90 18052.0
91 18052.0
92 18052.0
93 18052.0
94 18026.0
95 18147.0
96 18160.0
97 18160.0
98 18148.0
99 18128.0
100 18129.0
101 18147.0
102 18172.0
103 18168.0
104 18174.0
105 18174.0
106 18178.0
107 18174.0
108 18171.0
109 18170.0
110 18184.0
111 18184.0
112 18174.0
113 18174.0
114 18177.0
115 18170.0
116 18170.0
117 18177.0
118 18178.0
119 18178.0
120 18177.0
121 18167.0
122 18167.0
123 18158.0
124 18167.0
125 18168.0
126 18168.0
127 18144.0
128 18134.0
129 18134.0
130 18121.0
131 18121.0
132 18121.0
133 18121.0
134 18121.0
135 18121.0
136 18121.0
137 18121.0
138 18121.0
139 18121.0
140 18121.0
141 18121.0
142 18121.0
143 18121.0
144 18121.0
145 18121.0
146 18121.0
147 18121.0
148 18121.0
149 18121.0
150 18121.0
151 18121.0
152 18121.0
153 18121.0
154 18121.0
155 18121.0
156 18121.0
157 18121.0
158 18121.0
159 18121.0
160 18121.0
161 18121.0
162 18121.0
163 18121.0
164 18121.0
165 18121.0
166 18121.0
167 18121.0
168 18121.0
169 18121.0
170 18121.0
171 18121.0
172 18121.0
173 18121.0
174 18121.0
175 18121.0
176 18121.0
177 18121.0
178 18121.0
179 18121.0
180 18121.0
181 18121.0
182 18121.0
183 18121.0
184 18121.0
185 18121.0
186 18121.0
187 18121.0
188 18121.0
189 18121.0
190 18121.0
191 18121.0
192 18121.0
193 18121.0
194 18121.0
195 18121.0
196 18121.0
197 18121.0
198 18121.0
199 18121.0
200 18121.0
201 18121.0
202 18121.0
203 18121.0
204 18121.0
205 18121.0
206 18121.0
207 18121.0
208 18121.0
209 18121.0
210 18121.0
211 18121.0
212 18121.0
213 18121.0
214 18121.0
215 18121.0
216 18121.0
217 18121.0
218 18121.0
219 18121.0
220 18121.0
221 18121.0
222 18121.0
223 18121.0
224 18121.0
225 18121.0
226 18121.0
227 18121.0
228 18121.0
229 18121.0
230 18121.0
231 18121.0
232 18121.0
233 18121.0
234 18121.0
235 18121.0
236 18121.0
237 18121.0
238 18121.0
239 18121.0
240 18121.0
241 18121.0
242 18121.0
243 18121.0
244 18121.0
245 18121.0
246 18121.0
247 18121.0
248 18121.0
249 18121.0
250 18121.0
251 18121.0
252 18121.0
253 18121.0
254 18121.0
255 18121.0
256 18121.0
257 18121.0
258 18121.0
259 18121.0
260 18121.0
261 18121.0
262 18121.0
263 18121.0
264 18121.0
265 18121.0
266 18121.0
267 18121.0
268 18121.0
269 18121.0
270 18121.0
271 18121.0
272 18121.0
273 18121.0
274 18121.0
275 18121.0
276 18121.0
277 18121.0
278 18121.0
279 18121.0
280 18121.0
281 18121.0
282 18121.0
283 18121.0
284 18121.0
285 18121.0
286 18121.0
287 18121.0
288 18121.0
289 18121.0
290 18121.0
291 18121.0
292 18121.0
293 18121.0
294 18121.0
295 18121.0
296 18121.0
297 18121.0
298 18121.0
299 18121.0
300 18121.0
301 18121.0
302 18121.0
303 18121.0
304 18121.0
305 18121.0
306 18121.0
307 18121.0
308 18121.0
309 18121.0
310 18121.0
311 18121.0
312 18121.0
313 18121.0
314 18121.0
315 18121.0
316 18121.0
317 18121.0
318 18121.0
319 18121.0
320 18121.0
321 18121.0
322 18121.0
323 18121.0
324 18121.0
325 18121.0
326 18121.0
327 18121.0
328 18121.0
329 18121.0
330 18121.0
331 18121.0
332 18121.0
333 18121.0
334 18121.0
335 18121.0
336 18121.0
337 18121.0
338 18121.0
339 18121.0
340 18121.0
341 18121.0
342 18121.0
343 18121.0
344 18121.0
345 18121.0
346 18121.0
347 18121.0
348 18121.0
349 18121.0
350 18121.0
351 18121.0
352 18121.0
353 18121.0
354 18121.0
355 18121.0
356 18121.0
357 18121.0
358 18121.0
359 18121.0
360 18121.0
361 18121.0
362 18121.0
363 18121.0
364 18121.0
365 18121.0
366 18121.0
367 18121.0
368 18121.0
369 18121.0
370 18121.0
371 18121.0
372 18121.0
373 18121.0
374 18121.0
375 18121.0
376 18121.0
377 18121.0
378 18121.0
379 18121.0
380 18121.0
381 18121.0
382 18121.0
383 18121.0
384 18121.0
385 18121.0
386 18121.0
387 18121.0
388 18121.0
389 18121.0
390 18121.0
391 18121.0
392 18121.0
393 18121.0
394 18121.0
395 18121.0
396 18121.0
397 18121.0
398 18121.0
399 18121.0
400 18121.0
401 18121.0
402 18121.0
403 18121.0
404 18121.0
405 18121.0
406 18121.0
407 18121.0
408 18121.0
409 18121.0
410 18121.0
411 18121.0
412 18121.0
413 18121.0
414 18121.0
415 18121.0
416 18121.0
417 18121.0
418 18121.0
419 18121.0
420 18121.0
421 18121.0
422 18121.0
423 18121.0
424 18121.0
425 18121.0
426 18121.0
427 18121.0
428 18121.0
429 18121.0
430 18121.0
431 18121.0
432 18121.0
433 18121.0
434 18121.0
435 18121.0
436 18121.0
437 18121.0
438 18121.0
439 18121.0
440 18121.0
441 18121.0
442 18121.0
443 18121.0
444 18121.0
445 18121.0
446 18121.0
447 18121.0
448 18121.0
449 18121.0
450 18121.0
451 18121.0
452 18121.0
453 18121.0
454 18121.0
455 18121.0
456 18121.0
457 18121.0
458 18121.0
459 18121.0
460 18121.0
461 18121.0
462 18121.0
463 18121.0
464 18121.0
465 18121.0
466 18143.0
467 18143.0
468 18143.0
469 18143.0
470 18143.0
471 18143.0
472 18143.0
473 18143.0
474 18143.0
475 18143.0
476 18143.0
477 18143.0
478 18143.0
479 18143.0
480 18143.0
481 18143.0
482 18143.0
483 18143.0
484 18143.0
485 18143.0
486 18143.0
487 18143.0
488 18143.0
489 18143.0
490 18143.0
491 18143.0
492 18143.0
493 18143.0
494 18143.0
495 18143.0
496 18143.0
497 18143.0
498 18143.0
499 18143.0
500 18143.0
501 18143.0
502 18143.0
503 18143.0
504 18143.0
505 18143.0
506 18143.0
507 18143.0
508 18143.0
509 18143.0
510 18143.0
511 18143.0
512 18143.0
513 18143.0
514 18143.0
515 18143.0
516 18143.0
517 18143.0
518 18143.0
519 18143.0
520 18143.0
521 18143.0
522 18143.0
523 18143.0
524 18143.0
525 18143.0
526 18143.0
527 18143.0
528 18143.0
529 18143.0
530 18143.0
531 18143.0
532 18143.0
533 18143.0
534 18143.0
535 18143.0
536 18143.0
537 18143.0
538 18143.0
539 18143.0
540 18143.0
541 18143.0
542 18143.0
543 18143.0
544 18143.0
545 18143.0
546 18143.0
547 18143.0
548 18143.0
549 18143.0
550 18143.0
551 18143.0
552 18143.0
553 18143.0
554 18143.0
555 18143.0
556 18143.0
557 18143.0
558 18143.0
559 18143.0
560 18143.0
561 18143.0
562 18143.0
563 18143.0
564 18143.0
565 18143.0
566 18143.0
567 18143.0
568 18143.0
569 18143.0
570 18143.0
571 18143.0
572 18143.0
573 18143.0
574 18143.0
575 18143.0
576 18143.0
577 18143.0
578 18143.0
579 18143.0
580 18143.0
581 18143.0
582 18143.0
583 18143.0
584 18143.0
585 18143.0
586 18143.0
587 18143.0
588 18143.0
589 18143.0
590 18143.0
591 18143.0
592 18143.0
593 18143.0
594 18143.0
595 18143.0
596 18143.0
597 18143.0
598 18143.0
599 18143.0
600 18143.0
601 18143.0
602 18143.0
603 18143.0
604 18143.0
605 18143.0
606 18143.0
607 18143.0
608 18143.0
609 18143.0
610 18143.0
611 18143.0
612 18143.0
613 18143.0
614 18143.0
615 18143.0
616 18143.0
617 18143.0
618 18143.0
619 18143.0
620 18143.0
621 18143.0
622 18143.0
623 18143.0
624 18143.0
625 18143.0
626 18143.0
627 18143.0
628 18143.0
629 18143.0
630 18143.0
631 18143.0
632 18143.0
633 18143.0
634 18143.0
635 18143.0
636 18143.0
637 18143.0
638 18143.0
639 18143.0
640 18143.0
641 18143.0
642 18143.0
643 18143.0
644 18143.0
645 18143.0
646 18143.0
647 18143.0
648 18143.0
649 18143.0
650 18143.0
651 18143.0
652 18143.0
653 18143.0
654 18143.0
655 18143.0
656 18143.0
657 18143.0
658 18143.0
659 18143.0
660 18143.0
661 18143.0
662 18143.0
663 18143.0
664 18143.0
665 18143.0
666 18143.0
667 18143.0
668 18143.0
669 18143.0
670 18143.0
671 18143.0
672 18143.0
673 18143.0
674 18143.0
675 18143.0
676 18143.0
677 18143.0
678 18143.0
679 18143.0
680 18143.0
681 18143.0
682 18143.0
683 18143.0
684 18143.0
685 18143.0
686 18169.0
687 18180.0
688 18195.0
689 18195.0
690 18195.0
691 18195.0
692 18195.0
693 18195.0
694 18195.0
695 18195.0
696 18195.0
697 18195.0
698 18195.0
699 18195.0
700 18195.0
701 18195.0
702 18195.0
703 18195.0
704 18195.0
705 18195.0
706 18195.0
707 18195.0
708 18195.0
709 18195.0
710 18195.0
711 18195.0
712 18195.0
713 18195.0
714 18195.0
715 18195.0
716 18195.0
717 18195.0
718 18195.0
719 18195.0
720 18195.0
721 18195.0
722 18195.0
723 18195.0
724 18195.0
725 18195.0
726 18195.0
727 18195.0
728 18195.0
729 18195.0
730 18195.0
731 18195.0
732 18195.0
733 18195.0
734 18195.0
735 18195.0
736 18195.0
737 18195.0
738 18195.0
739 18195.0
740 18195.0
741 18195.0
742 18195.0
743 18195.0
744 18195.0
745 18195.0
746 18195.0
747 18195.0
748 18195.0
749 18195.0
750 18195.0
751 18195.0
752 18195.0
753 18195.0
754 18195.0
755 18195.0
756 18195.0
757 18195.0
758 18195.0
759 18195.0
760 18195.0
761 18195.0
762 18195.0
763 18195.0
764 18195.0
765 18195.0
766 18195.0
767 18195.0
768 18195.0
769 18195.0
770 18195.0
771 18195.0
772 18195.0
773 18195.0
774 18195.0
775 18195.0
776 18195.0
777 18195.0
778 18195.0
779 18195.0
780 18195.0
781 18195.0
782 18195.0
783 18195.0
784 18195.0
785 18195.0
786 18195.0
787 18195.0
788 18195.0
789 18195.0
790 18195.0
791 18195.0
792 18195.0
793 18195.0
794 18195.0
795 18195.0
796 18195.0
797 18195.0
798 18195.0
799 18195.0
800 18195.0
801 18195.0
802 18195.0
803 18195.0
804 18195.0
805 18195.0
806 18195.0
807 18195.0
808 18195.0
809 18195.0
810 18195.0
811 18195.0
812 18195.0
813 18195.0
814 18195.0
815 18195.0
816 18195.0
817 18195.0
818 18195.0
819 18195.0
820 18195.0
821 18195.0
822 18195.0
823 18195.0
824 18195.0
825 18195.0
826 18195.0
827 18195.0
828 18195.0
829 18195.0
830 18195.0
831 18195.0
832 18195.0
833 18195.0
834 18195.0
835 18195.0
836 18195.0
837 18195.0
838 18195.0
839 18195.0
840 18195.0
841 18195.0
842 18195.0
843 18195.0
844 18195.0
845 18195.0
846 18195.0
847 18195.0
848 18195.0
849 18195.0
850 18195.0
851 18195.0
852 18195.0
853 18195.0
854 18195.0
855 18195.0
856 18195.0
857 18195.0
858 18195.0
859 18195.0
860 18195.0
861 18195.0
862 18195.0
863 18195.0
864 18195.0
865 18195.0
866 18195.0
867 18195.0
868 18195.0
869 18195.0
870 18195.0
871 18195.0
872 18195.0
873 18195.0
874 18195.0
875 18195.0
876 18195.0
877 18195.0
878 18195.0
879 18195.0
880 18195.0
881 18195.0
882 18195.0
883 18195.0
884 18195.0
885 18195.0
886 18195.0
887 18195.0
888 18195.0
889 18195.0
890 18195.0
891 18195.0
892 18195.0
893 18195.0
894 18195.0
895 18195.0
896 18195.0
897 18195.0
898 18195.0
899 18195.0
900 18195.0
901 18195.0
902 18195.0
903 18195.0
904 18195.0
905 18195.0
906 18195.0
907 18195.0
908 18195.0
909 18195.0
910 18195.0
911 18195.0
912 18195.0
913 18195.0
914 18195.0
915 18195.0
916 18195.0
917 18195.0
918 18195.0
919 18195.0
920 18195.0
921 18195.0
922 18195.0
923 18195.0
924 18195.0
925 18195.0
926 18195.0
927 18195.0
928 18195.0
929 18195.0
930 18195.0
931 18195.0
932 18195.0
933 18195.0
934 18195.0
935 18195.0
936 18195.0
937 18195.0
938 18195.0
939 18195.0
940 18195.0
941 18195.0
942 18195.0
943 18195.0
944 18195.0
945 18195.0
946 18195.0
947 18195.0
948 18195.0
949 18195.0
950 18195.0
951 18195.0
952 18195.0
953 18195.0
954 18195.0
955 18195.0
956 18195.0
957 18195.0
958 18195.0
959 18195.0
960 18195.0
961 18195.0
962 18195.0
963 18195.0
964 18195.0
965 18195.0
966 18195.0
967 18195.0
968 18195.0
969 18195.0
970 18195.0
971 18195.0
972 18195.0
973 18195.0
974 18195.0
975 18195.0
976 18195.0
977 18195.0
978 18195.0
979 18195.0
980 18195.0
981 18195.0
982 18195.0
983 18195.0
984 18195.0
985 18195.0
986 18195.0
987 18195.0
988 18195.0
989 18195.0
990 18195.0
991 18195.0
992 18195.0
993 18195.0
994 18195.0
995 18195.0
996 18195.0
997 18195.0
998 18195.0
999 18195.0
1000 18195.0
