0 6045.0
1 6509.0
2 6871.0
3 7227.0
4 7811.0
5 8033.0
6 8740.0
7 9209.0
8 9025.0
9 9793.0
10 10165.0
11 10866.0
12 11318.0
13 10823.0
14 11145.0
15 11818.0
16 11914.0
17 12102.0
18 12964.0
19 12600.0
20 13294.0
21 13568.0
22 13698.0
23 13488.0
24 13488.0
25 13645.0
26 14641.0
27 14641.0
28 14641.0
29 14506.0
30 15040.0
31 15040.0
32 15053.0
33 15172.0
34 14961.0
35 15270.0
36 15625.0
37 15625.0
38 15659.0
39 15698.0
40 15792.0
41 15886.0
42 15792.0
43 16272.0
44 16272.0
45 16272.0
46 16272.0
47 16629.0
48 16272.0
49 16272.0
50 16402.0
51 16402.0
52 16252.0
53 16445.0
54 16445.0
55 16543.0
56 16788.0
57 16788.0
58 16788.0
59 16883.0
60 16987.0
61 16940.0
62 17039.0
63 17285.0
64 17285.0
65 17046.0
66 17191.0
67 17235.0
68 17235.0
69 17394.0
70 17394.0
71 17394.0
72 17394.0
73 17490.0
74 17521.0
75 17521.0
76 17650.0
77 17650.0
78 17650.0
79 17613.0
80 17600.0
81 17720.0
82 17720.0
83 17683.0
84 17683.0
85 17815.0
86 17823.0
87 17966.0
88 17966.0
89 17966.0
90 18037.0
91 17900.0
92 18039.0
93 18016.0
94 18029.0
95 18029.0
96 18002.0
97 18031.0
98 18063.0
99 18078.0
100 18078.0
101 18068.0
102 18076.0
103 18076.0
104 18080.0
105 18098.0
106 18098.0
107 18112.0
108 18112.0
109 18122.0
110 18141.0
111 18122.0
112 18153.0
113 18154.0
114 18154.0
115 18158.0
116 18149.0
117 18130.0
118 18154.0
119 18174.0
120 18174.0
121 18174.0
122 18175.0
123 18175.0
124 18179.0
125 18179.0
126 18179.0
127 18175.0
128 18175.0
129 18175.0
130 18174.0
131 18174.0
132 18174.0
133 18174.0
134 18158.0
135 18162.0
136 18162.0
137 18179.0
138 18179.0
139 18178.0
140 18179.0
141 18179.0
142 18179.0
143 18179.0
144 18179.0
145 18179.0
146 18179.0
147 18179.0
148 18179.0
149 18179.0
150 18179.0
151 18179.0
152 18179.0
153 18179.0
154 18179.0
155 18179.0
156 18179.0
157 18179.0
158 18179.0
159 18179.0
160 18179.0
161 18179.0
162 18179.0
163 18179.0
164 18179.0
165 18179.0
166 18179.0
167 18179.0
168 18179.0
169 18179.0
170 18179.0
171 18179.0
172 18179.0
173 18179.0
174 18179.0
175 18179.0
176 18179.0
177 18179.0
178 18179.0
179 18179.0
180 18179.0
181 18179.0
182 18179.0
183 18179.0
184 18179.0
185 18179.0
186 18179.0
187 18179.0
188 18179.0
189 18179.0
190 18179.0
191 18179.0
192 18179.0
193 18179.0
194 18179.0
195 18179.0
196 18179.0
197 18179.0
198 18179.0
199 18179.0
200 18179.0
201 18179.0
202 18179.0
203 18179.0
204 18179.0
205 18179.0
206 18179.0
207 18179.0
208 18179.0
209 18179.0
210 18179.0
211 18179.0
212 18179.0
213 18179.0
214 18179.0
215 18179.0
216 18179.0
217 18179.0
218 18179.0
219 18179.0
220 18179.0
221 18179.0
222 18179.0
223 18179.0
224 18179.0
225 18179.0
226 18179.0
227 18179.0
228 18179.0
229 18179.0
230 18179.0
231 18179.0
232 18179.0
233 18179.0
234 18179.0
235 18179.0
236 18179.0
237 18179.0
238 18179.0
239 18179.0
240 18179.0
241 18179.0
242 18179.0
243 18179.0
244 18179.0
245 18179.0
246 18179.0
247 18179.0
248 18179.0
249 18179.0
250 18179.0
251 18179.0
252 18179.0
253 18179.0
254 18179.0
255 18179.0
256 18179.0
257 18179.0
258 18179.0
259 18179.0
260 18179.0
261 18179.0
262 18179.0
263 18179.0
264 18179.0
265 18179.0
266 18179.0
267 18179.0
268 18179.0
269 18179.0
270 18179.0
271 18179.0
272 18179.0
273 18179.0
274 18179.0
275 18179.0
276 18179.0
277 18179.0
278 18179.0
279 18179.0
280 18179.0
281 18179.0
282 18179.0
283 18179.0
284 18179.0
285 18179.0
286 18179.0
287 18179.0
288 18179.0
289 18179.0
290 18179.0
291 18179.0
292 18179.0
293 18179.0
294 18179.0
295 18179.0
296 18179.0
297 18179.0
298 18179.0
299 18179.0
300 18179.0
301 18179.0
302 18179.0
303 18179.0
304 18179.0
305 18179.0
306 18179.0
307 18179.0
308 18179.0
309 18179.0
310 18179.0
311 18179.0
312 18179.0
313 18179.0
314 18179.0
315 18179.0
316 18179.0
317 18179.0
318 18179.0
319 18179.0
320 18179.0
321 18179.0
322 18179.0
323 18179.0
324 18179.0
325 18179.0
326 18179.0
327 18179.0
328 18179.0
329 18179.0
330 18179.0
331 18179.0
332 18179.0
333 18179.0
334 18179.0
335 18179.0
336 18179.0
337 18179.0
338 18179.0
339 18179.0
340 18179.0
341 18179.0
342 18179.0
343 18179.0
344 18179.0
345 18179.0
346 18179.0
347 18179.0
348 18179.0
349 18179.0
350 18179.0
351 18186.0
352 18179.0
353 18179.0
354 18179.0
355 18179.0
356 18179.0
357 18179.0
358 18179.0
359 18179.0
360 18179.0
361 18179.0
362 18179.0
363 18179.0
364 18179.0
365 18179.0
366 18179.0
367 18179.0
368 18179.0
369 18179.0
370 18179.0
371 18179.0
372 18179.0
373 18179.0
374 18179.0
375 18179.0
376 18179.0
377 18179.0
378 18179.0
379 18179.0
380 18179.0
381 18179.0
382 18179.0
383 18179.0
384 18179.0
385 18179.0
386 18179.0
387 18179.0
388 18179.0
389 18179.0
390 18179.0
391 18179.0
392 18179.0
393 18179.0
394 18179.0
395 18179.0
396 18179.0
397 18179.0
398 18179.0
399 18179.0
400 18179.0
401 18179.0
402 18179.0
403 18179.0
404 18179.0
405 18179.0
406 18179.0
407 18179.0
408 18179.0
409 18179.0
410 18179.0
411 18179.0
412 18179.0
413 18179.0
414 18179.0
415 18179.0
416 18179.0
417 18179.0
418 18179.0
419 18179.0
420 18179.0
421 18179.0
422 18179.0
423 18179.0
424 18179.0
425 18179.0
426 18179.0
427 18179.0
428 18179.0
429 18179.0
430 18179.0
431 18179.0
432 18179.0
433 18179.0
434 18179.0
435 18179.0
436 18179.0
437 18179.0
438 18179.0
439 18179.0
440 18179.0
441 18179.0
442 18179.0
443 18179.0
444 18179.0
445 18179.0
446 18179.0
447 18179.0
448 18179.0
449 18179.0
450 18179.0
451 18179.0
452 18179.0
453 18179.0
454 18179.0
455 18179.0
456 18179.0
457 18179.0
458 18179.0
459 18179.0
460 18179.0
461 18179.0
462 18179.0
463 18179.0
464 18179.0
465 18179.0
466 18179.0
467 18179.0
468 18179.0
469 18179.0
470 18179.0
471 18179.0
472 18179.0
473 18179.0
474 18179.0
475 18179.0
476 18179.0
477 18179.0
478 18179.0
479 18179.0
480 18179.0
481 18179.0
482 18179.0
483 18179.0
484 18179.0
485 18179.0
486 18179.0
487 18179.0
488 18179.0
489 18179.0
490 18179.0
491 18179.0
492 18179.0
493 18179.0
494 18179.0
495 18179.0
496 18179.0
497 18179.0
498 18179.0
499 18179.0
500 18179.0
501 18179.0
502 18179.0
503 18179.0
504 18179.0
505 18179.0
506 18179.0
507 18179.0
508 18179.0
509 18179.0
510 18179.0
511 18179.0
512 18179.0
513 18179.0
514 18179.0
515 18179.0
516 18179.0
517 18179.0
518 18179.0
519 18179.0
520 18179.0
521 18179.0
522 18179.0
523 18179.0
524 18179.0
525 18179.0
526 18179.0
527 18179.0
528 18179.0
529 18179.0
530 18179.0
531 18179.0
532 18179.0
533 18179.0
534 18179.0
535 18179.0
536 18179.0
537 18179.0
538 18179.0
539 18179.0
540 18179.0
541 18179.0
542 18179.0
543 18179.0
544 18179.0
545 18179.0
546 18179.0
547 18179.0
548 18179.0
549 18179.0
550 18179.0
551 18179.0
552 18179.0
553 18179.0
554 18179.0
555 18179.0
556 18179.0
557 18179.0
558 18179.0
559 18179.0
560 18179.0
561 18179.0
562 18179.0
563 18179.0
564 18179.0
565 18179.0
566 18179.0
567 18179.0
568 18179.0
569 18179.0
570 18179.0
571 18179.0
572 18179.0
573 18179.0
574 18179.0
575 18179.0
576 18179.0
577 18179.0
578 18179.0
579 18179.0
580 18179.0
581 18179.0
582 18179.0
583 18179.0
584 18179.0
585 18179.0
586 18179.0
587 18179.0
588 18179.0
589 18179.0
590 18179.0
591 18179.0
592 18179.0
593 18179.0
594 18179.0
595 18179.0
596 18179.0
597 18179.0
598 18179.0
599 18179.0
600 18179.0
601 18179.0
602 18179.0
603 18179.0
604 18179.0
605 18179.0
606 18179.0
607 18179.0
608 18179.0
609 18179.0
610 18179.0
611 18179.0
612 18179.0
613 18179.0
614 18179.0
615 18179.0
616 18179.0
617 18179.0
618 18179.0
619 18179.0
620 18179.0
621 18179.0
622 18179.0
623 18179.0
624 18179.0
625 18179.0
626 18179.0
627 18179.0
628 18179.0
629 18179.0
630 18179.0
631 18179.0
632 18179.0
633 18179.0
634 18179.0
635 18179.0
636 18179.0
637 18179.0
638 18179.0
639 18179.0
640 18179.0
641 18179.0
642 18179.0
643 18179.0
644 18179.0
645 18179.0
646 18179.0
647 18179.0
648 18179.0
649 18179.0
650 18179.0
651 18179.0
652 18179.0
653 18179.0
654 18179.0
655 18179.0
656 18179.0
657 18179.0
658 18179.0
659 18179.0
660 18179.0
661 18179.0
662 18179.0
663 18179.0
664 18179.0
665 18179.0
666 18179.0
667 18179.0
668 18179.0
669 18179.0
670 18179.0
671 18179.0
672 18179.0
673 18179.0
674 18179.0
675 18179.0
676 18179.0
677 18179.0
678 18179.0
679 18179.0
680 18179.0
681 18179.0
682 18179.0
683 18179.0
684 18179.0
685 18179.0
686 18179.0
687 18179.0
688 18179.0
689 18179.0
690 18179.0
691 18179.0
692 18179.0
693 18179.0
694 18179.0
695 18179.0
696 18179.0
697 18179.0
698 18179.0
699 18179.0
700 18179.0
701 18179.0
702 18179.0
703 18179.0
704 18179.0
705 18179.0
706 18179.0
707 18179.0
708 18179.0
709 18179.0
710 18179.0
711 18179.0
712 18179.0
713 18179.0
714 18179.0
715 18179.0
716 18179.0
717 18179.0
718 18179.0
719 18179.0
720 18179.0
721 18179.0
722 18179.0
723 18179.0
724 18179.0
725 18179.0
726 18179.0
727 18179.0
728 18179.0
729 18179.0
730 18179.0
731 18179.0
732 18179.0
733 18179.0
734 18179.0
735 18179.0
736 18179.0
737 18179.0
738 18179.0
739 18179.0
740 18179.0
741 18179.0
742 18179.0
743 18179.0
744 18179.0
745 18179.0
746 18179.0
747 18179.0
748 18179.0
749 18179.0
750 18179.0
751 18179.0
752 18179.0
753 18179.0
754 18179.0
755 18179.0
756 18179.0
757 18179.0
758 18179.0
759 18179.0
760 18179.0
761 18179.0
762 18179.0
763 18179.0
764 18179.0
765 18179.0
766 18179.0
767 18179.0
768 18179.0
769 18179.0
770 18179.0
771 18179.0
772 18179.0
773 18179.0
774 18179.0
775 18179.0
776 18179.0
777 18179.0
778 18179.0
779 18179.0
780 18179.0
781 18179.0
782 18179.0
783 18179.0
784 18179.0
785 18179.0
786 18179.0
787 18179.0
788 18179.0
789 18179.0
790 18179.0
791 18179.0
792 18179.0
793 18179.0
794 18179.0
795 18179.0
796 18179.0
797 18179.0
798 18179.0
799 18179.0
800 18179.0
801 18179.0
802 18179.0
803 18179.0
804 18179.0
805 18179.0
806 18179.0
807 18179.0
808 18179.0
809 18179.0
810 18179.0
811 18179.0
812 18179.0
813 18179.0
814 18179.0
815 18179.0
816 18179.0
817 18179.0
818 18179.0
819 18179.0
820 18179.0
821 18179.0
822 18179.0
823 18179.0
824 18179.0
825 18179.0
826 18179.0
827 18179.0
828 18181.0
829 18190.0
830 18190.0
831 18190.0
832 18190.0
833 18190.0
834 18190.0
835 18190.0
836 18190.0
837 18190.0
838 18190.0
839 18179.0
840 18179.0
841 18179.0
842 18179.0
843 18179.0
844 18179.0
845 18179.0
846 18179.0
847 18179.0
848 18179.0
849 18179.0
850 18179.0
851 18179.0
852 18179.0
853 18179.0
854 18179.0
855 18179.0
856 18179.0
857 18179.0
858 18179.0
859 18179.0
860 18179.0
861 18179.0
862 18179.0
863 18179.0
864 18179.0
865 18179.0
866 18179.0
867 18179.0
868 18179.0
869 18179.0
870 18179.0
871 18179.0
872 18179.0
873 18179.0
874 18179.0
875 18179.0
876 18179.0
877 18179.0
878 18179.0
879 18179.0
880 18179.0
881 18179.0
882 18179.0
883 18179.0
884 18179.0
885 18179.0
886 18179.0
887 18179.0
888 18179.0
889 18179.0
890 18179.0
891 18179.0
892 18179.0
893 18179.0
894 18179.0
895 18179.0
896 18179.0
897 18179.0
898 18179.0
899 18179.0
900 18179.0
901 18179.0
902 18179.0
903 18179.0
904 18179.0
905 18179.0
906 18179.0
907 18179.0
908 18179.0
909 18179.0
910 18179.0
911 18179.0
912 18179.0
913 18179.0
914 18179.0
915 18179.0
916 18179.0
917 18179.0
918 18179.0
919 18179.0
920 18179.0
921 18179.0
922 18179.0
923 18179.0
924 18179.0
925 18179.0
926 18179.0
927 18179.0
928 18179.0
929 18179.0
930 18179.0
931 18179.0
932 18179.0
933 18179.0
934 18179.0
935 18179.0
936 18179.0
937 18179.0
938 18179.0
939 18179.0
940 18179.0
941 18179.0
942 18179.0
943 18179.0
944 18179.0
945 18179.0
946 18179.0
947 18179.0
948 18179.0
949 18179.0
950 18179.0
951 18179.0
952 18179.0
953 18179.0
954 18179.0
955 18179.0
956 18179.0
957 18179.0
958 18179.0
959 18179.0
960 18179.0
961 18179.0
962 18179.0
963 18179.0
964 18179.0
965 18179.0
966 18179.0
967 18179.0
968 18179.0
969 18179.0
970 18179.0
971 18179.0
972 18179.0
973 18179.0
974 18179.0
975 18179.0
976 18179.0
977 18179.0
978 18179.0
979 18179.0
980 18179.0
981 18179.0
982 18179.0
983 18179.0
984 18179.0
985 18179.0
986 18179.0
987 18179.0
988 18179.0
989 18179.0
990 18179.0
991 18179.0
992 18179.0
993 18179.0
994 18179.0
995 18179.0
996 18179.0
997 18179.0
998 18179.0
999 18179.0
1000 18179.0
