0 5957.0
1 6129.0
2 6534.0
3 7404.0
4 7927.0
5 7927.0
6 8724.0
7 9104.0
8 9590.0
9 9895.0
10 10083.0
11 10709.0
12 11413.0
13 11413.0
14 11413.0
15 11895.0
16 11895.0
17 12318.0
18 12516.0
19 12995.0
20 12995.0
21 13046.0
22 13532.0
23 13576.0
24 13633.0
25 14082.0
26 14322.0
27 14393.0
28 14393.0
29 14412.0
30 14536.0
31 14941.0
32 14941.0
33 15086.0
34 15086.0
35 15086.0
36 15160.0
37 15276.0
38 15296.0
39 15364.0
40 15945.0
41 15668.0
42 15841.0
43 15621.0
44 15912.0
45 15912.0
46 15912.0
47 16232.0
48 16020.0
49 16020.0
50 16170.0
51 16228.0
52 16321.0
53 16597.0
54 16384.0
55 16384.0
56 16263.0
57 16351.0
58 16509.0
59 16602.0
60 16602.0
61 16729.0
62 16681.0
63 16563.0
64 17021.0
65 17021.0
66 16810.0
67 16743.0
68 16883.0
69 16887.0
70 17061.0
71 17061.0
72 17061.0
73 17061.0
74 17267.0
75 17267.0
76 17353.0
77 17353.0
78 17389.0
79 17452.0
80 17568.0
81 17577.0
82 17688.0
83 17688.0
84 17623.0
85 17623.0
86 17755.0
87 17755.0
88 17755.0
89 17728.0
90 17806.0
91 17937.0
92 17863.0
93 17905.0
94 18010.0
95 18010.0
96 18010.0
97 17949.0
98 17950.0
99 17961.0
100 18045.0
101 18047.0
102 18068.0
103 18068.0
104 18088.0
105 18064.0
106 18081.0
107 18078.0
108 18083.0
109 18096.0
110 18102.0
111 18102.0
112 18101.0
113 18113.0
114 18113.0
115 18113.0
116 18113.0
117 18113.0
118 18113.0
119 18113.0
120 18117.0
121 18117.0
122 18117.0
123 18117.0
124 18117.0
125 18117.0
126 18117.0
127 18117.0
128 18117.0
129 18117.0
130 18117.0
131 18117.0
132 18117.0
133 18117.0
134 18117.0
135 18117.0
136 18117.0
137 18150.0
138 18150.0
139 18150.0
140 18150.0
141 18150.0
142 18150.0
143 18150.0
144 18150.0
145 18150.0
146 18150.0
147 18150.0
148 18150.0
149 18150.0
150 18154.0
151 18154.0
152 18154.0
153 18154.0
154 18154.0
155 18154.0
156 18154.0
157 18154.0
158 18154.0
159 18154.0
160 18154.0
161 18154.0
162 18154.0
163 18154.0
164 18154.0
165 18154.0
166 18154.0
167 18154.0
168 18154.0
169 18154.0
170 18154.0
171 18154.0
172 18154.0
173 18154.0
174 18154.0
175 18154.0
176 18154.0
177 18154.0
178 18154.0
179 18154.0
180 18154.0
181 18154.0
182 18154.0
183 18154.0
184 18154.0
185 18154.0
186 18154.0
187 18154.0
188 18154.0
189 18154.0
190 18154.0
191 18154.0
192 18154.0
193 18154.0
194 18154.0
195 18154.0
196 18154.0
197 18154.0
198 18154.0
199 18154.0
200 18154.0
201 18154.0
202 18154.0
203 18154.0
204 18154.0
205 18154.0
206 18154.0
207 18154.0
208 18154.0
209 18154.0
210 18154.0
211 18154.0
212 18154.0
213 18154.0
214 18154.0
215 18154.0
216 18154.0
217 18154.0
218 18154.0
219 18154.0
220 18154.0
221 18154.0
222 18154.0
223 18154.0
224 18154.0
225 18154.0
226 18154.0
227 18154.0
228 18154.0
229 18154.0
230 18154.0
231 18154.0
232 18154.0
233 18154.0
234 18154.0
235 18154.0
236 18154.0
237 18154.0
238 18154.0
239 18154.0
240 18154.0
241 18154.0
242 18154.0
243 18154.0
244 18154.0
245 18154.0
246 18154.0
247 18154.0
248 18154.0
249 18154.0
250 18154.0
251 18154.0
252 18154.0
253 18154.0
254 18154.0
255 18154.0
256 18154.0
257 18154.0
258 18154.0
259 18154.0
260 18154.0
261 18154.0
262 18154.0
263 18154.0
264 18154.0
265 18154.0
266 18154.0
267 18154.0
268 18154.0
269 18154.0
270 18154.0
271 18154.0
272 18154.0
273 18154.0
274 18154.0
275 18154.0
276 18154.0
277 18154.0
278 18154.0
279 18154.0
280 18154.0
281 18154.0
282 18154.0
283 18154.0
284 18154.0
285 18154.0
286 18154.0
287 18154.0
288 18154.0
289 18154.0
290 18154.0
291 18154.0
292 18154.0
293 18154.0
294 18154.0
295 18154.0
296 18154.0
297 18154.0
298 18154.0
299 18154.0
300 18154.0
301 18154.0
302 18154.0
303 18154.0
304 18154.0
305 18154.0
306 18154.0
307 18154.0
308 18154.0
309 18154.0
310 18154.0
311 18154.0
312 18154.0
313 18154.0
314 18154.0
315 18154.0
316 18154.0
317 18154.0
318 18154.0
319 18154.0
320 18154.0
321 18154.0
322 18154.0
323 18154.0
324 18154.0
325 18154.0
326 18154.0
327 18154.0
328 18154.0
329 18154.0
330 18154.0
331 18154.0
332 18154.0
333 18154.0
334 18154.0
335 18154.0
336 18154.0
337 18154.0
338 18154.0
339 18154.0
340 18154.0
341 18154.0
342 18154.0
343 18154.0
344 18154.0
345 18154.0
346 18154.0
347 18154.0
348 18154.0
349 18154.0
350 18154.0
351 18154.0
352 18154.0
353 18154.0
354 18154.0
355 18154.0
356 18154.0
357 18154.0
358 18154.0
359 18154.0
360 18154.0
361 18154.0
362 18154.0
363 18154.0
364 18154.0
365 18154.0
366 18154.0
367 18154.0
368 18154.0
369 18154.0
370 18154.0
371 18154.0
372 18154.0
373 18154.0
374 18154.0
375 18154.0
376 18154.0
377 18154.0
378 18154.0
379 18154.0
380 18154.0
381 18154.0
382 18154.0
383 18154.0
384 18154.0
385 18154.0
386 18154.0
387 18154.0
388 18154.0
389 18154.0
390 18154.0
391 18154.0
392 18154.0
393 18154.0
394 18154.0
395 18154.0
396 18154.0
397 18154.0
398 18154.0
399 18154.0
400 18154.0
401 18154.0
402 18154.0
403 18154.0
404 18154.0
405 18154.0
406 18154.0
407 18154.0
408 18154.0
409 18154.0
410 18154.0
411 18154.0
412 18154.0
413 18154.0
414 18154.0
415 18154.0
416 18154.0
417 18154.0
418 18154.0
419 18154.0
420 18154.0
421 18154.0
422 18154.0
423 18154.0
424 18154.0
425 18154.0
426 18154.0
427 18154.0
428 18154.0
429 18154.0
430 18154.0
431 18154.0
432 18154.0
433 18154.0
434 18154.0
435 18154.0
436 18154.0
437 18154.0
438 18154.0
439 18154.0
440 18154.0
441 18154.0
442 18154.0
443 18154.0
444 18154.0
445 18154.0
446 18154.0
447 18154.0
448 18154.0
449 18154.0
450 18154.0
451 18154.0
452 18154.0
453 18154.0
454 18154.0
455 18154.0
456 18154.0
457 18154.0
458 18154.0
459 18154.0
460 18154.0
461 18154.0
462 18154.0
463 18154.0
464 18154.0
465 18154.0
466 18154.0
467 18154.0
468 18154.0
469 18154.0
470 18154.0
471 18154.0
472 18154.0
473 18154.0
474 18154.0
475 18154.0
476 18154.0
477 18154.0
478 18154.0
479 18154.0
480 18154.0
481 18154.0
482 18154.0
483 18154.0
484 18154.0
485 18154.0
486 18154.0
487 18154.0
488 18154.0
489 18154.0
490 18154.0
491 18154.0
492 18154.0
493 18154.0
494 18154.0
495 18154.0
496 18154.0
497 18154.0
498 18154.0
499 18154.0
500 18154.0
501 18154.0
502 18154.0
503 18154.0
504 18154.0
505 18154.0
506 18154.0
507 18154.0
508 18154.0
509 18154.0
510 18154.0
511 18154.0
512 18154.0
513 18154.0
514 18154.0
515 18154.0
516 18154.0
517 18154.0
518 18154.0
519 18154.0
520 18154.0
521 18154.0
522 18154.0
523 18154.0
524 18154.0
525 18154.0
526 18154.0
527 18154.0
528 18154.0
529 18154.0
530 18154.0
531 18154.0
532 18154.0
533 18154.0
534 18154.0
535 18154.0
536 18154.0
537 18154.0
538 18154.0
539 18154.0
540 18154.0
541 18154.0
542 18154.0
543 18154.0
544 18154.0
545 18154.0
546 18154.0
547 18154.0
548 18154.0
549 18154.0
550 18154.0
551 18154.0
552 18154.0
553 18154.0
554 18154.0
555 18154.0
556 18154.0
557 18154.0
558 18154.0
559 18154.0
560 18154.0
561 18154.0
562 18154.0
563 18154.0
564 18154.0
565 18154.0
566 18154.0
567 18154.0
568 18154.0
569 18154.0
570 18154.0
571 18154.0
572 18154.0
573 18154.0
574 18154.0
575 18154.0
576 18154.0
577 18154.0
578 18154.0
579 18154.0
580 18154.0
581 18154.0
582 18154.0
583 18154.0
584 18154.0
585 18154.0
586 18154.0
587 18154.0
588 18154.0
589 18154.0
590 18154.0
591 18154.0
592 18154.0
593 18154.0
594 18154.0
595 18154.0
596 18154.0
597 18154.0
598 18154.0
599 18154.0
600 18154.0
601 18154.0
602 18154.0
603 18154.0
604 18154.0
605 18154.0
606 18154.0
607 18154.0
608 18154.0
609 18154.0
610 18154.0
611 18154.0
612 18154.0
613 18154.0
614 18154.0
615 18154.0
616 18154.0
617 18154.0
618 18154.0
619 18154.0
620 18154.0
621 18154.0
622 18154.0
623 18154.0
624 18154.0
625 18154.0
626 18154.0
627 18154.0
628 18154.0
629 18154.0
630 18154.0
631 18154.0
632 18154.0
633 18154.0
634 18154.0
635 18154.0
636 18154.0
637 18154.0
638 18154.0
639 18154.0
640 18154.0
641 18154.0
642 18154.0
643 18154.0
644 18154.0
645 18154.0
646 18154.0
647 18154.0
648 18154.0
649 18154.0
650 18154.0
651 18154.0
652 18154.0
653 18154.0
654 18154.0
655 18154.0
656 18154.0
657 18154.0
658 18154.0
659 18154.0
660 18154.0
661 18154.0
662 18154.0
663 18154.0
664 18154.0
665 18154.0
666 18154.0
667 18154.0
668 18154.0
669 18154.0
670 18154.0
671 18154.0
672 18154.0
673 18154.0
674 18154.0
675 18154.0
676 18154.0
677 18154.0
678 18154.0
679 18154.0
680 18154.0
681 18154.0
682 18154.0
683 18154.0
684 18154.0
685 18154.0
686 18154.0
687 18154.0
688 18154.0
689 18154.0
690 18154.0
691 18154.0
692 18154.0
693 18154.0
694 18154.0
695 18154.0
696 18154.0
697 18154.0
698 18154.0
699 18154.0
700 18154.0
701 18154.0
702 18154.0
703 18154.0
704 18154.0
705 18154.0
706 18154.0
707 18154.0
708 18154.0
709 18154.0
710 18154.0
711 18154.0
712 18154.0
713 18154.0
714 18154.0
715 18154.0
716 18154.0
717 18154.0
718 18154.0
719 18154.0
720 18154.0
721 18154.0
722 18154.0
723 18154.0
724 18154.0
725 18154.0
726 18154.0
727 18154.0
728 18154.0
729 18154.0
730 18154.0
731 18154.0
732 18154.0
733 18154.0
734 18154.0
735 18154.0
736 18154.0
737 18154.0
738 18154.0
739 18154.0
740 18154.0
741 18154.0
742 18154.0
743 18154.0
744 18154.0
745 18154.0
746 18154.0
747 18154.0
748 18154.0
749 18154.0
750 18154.0
751 18154.0
752 18154.0
753 18154.0
754 18154.0
755 18154.0
756 18154.0
757 18154.0
758 18154.0
759 18154.0
760 18154.0
761 18154.0
762 18154.0
763 18154.0
764 18154.0
765 18154.0
766 18154.0
767 18154.0
768 18154.0
769 18154.0
770 18154.0
771 18154.0
772 18154.0
773 18154.0
774 18154.0
775 18154.0
776 18154.0
777 18154.0
778 18154.0
779 18154.0
780 18154.0
781 18154.0
782 18154.0
783 18154.0
784 18154.0
785 18154.0
786 18154.0
787 18154.0
788 18154.0
789 18154.0
790 18154.0
791 18154.0
792 18154.0
793 18154.0
794 18154.0
795 18154.0
796 18154.0
797 18154.0
798 18154.0
799 18154.0
800 18154.0
801 18154.0
802 18154.0
803 18154.0
804 18154.0
805 18154.0
806 18154.0
807 18154.0
808 18154.0
809 18154.0
810 18154.0
811 18154.0
812 18154.0
813 18154.0
814 18154.0
815 18154.0
816 18154.0
817 18154.0
818 18154.0
819 18154.0
820 18154.0
821 18154.0
822 18154.0
823 18154.0
824 18154.0
825 18154.0
826 18154.0
827 18154.0
828 18154.0
829 18154.0
830 18154.0
831 18154.0
832 18154.0
833 18154.0
834 18154.0
835 18154.0
836 18154.0
837 18154.0
838 18154.0
839 18154.0
840 18154.0
841 18154.0
842 18154.0
843 18154.0
844 18154.0
845 18154.0
846 18154.0
847 18154.0
848 18154.0
849 18154.0
850 18154.0
851 18154.0
852 18154.0
853 18154.0
854 18154.0
855 18154.0
856 18154.0
857 18154.0
858 18154.0
859 18154.0
860 18154.0
861 18154.0
862 18154.0
863 18154.0
864 18154.0
865 18154.0
866 18154.0
867 18154.0
868 18154.0
869 18154.0
870 18154.0
871 18154.0
872 18154.0
873 18154.0
874 18154.0
875 18154.0
876 18154.0
877 18154.0
878 18154.0
879 18154.0
880 18154.0
881 18154.0
882 18154.0
883 18154.0
884 18154.0
885 18154.0
886 18154.0
887 18154.0
888 18154.0
889 18154.0
890 18154.0
891 18154.0
892 18154.0
893 18154.0
894 18154.0
895 18154.0
896 18154.0
897 18154.0
898 18154.0
899 18154.0
900 18154.0
901 18154.0
902 18154.0
903 18154.0
904 18154.0
905 18154.0
906 18154.0
907 18154.0
908 18154.0
909 18154.0
910 18154.0
911 18154.0
912 18154.0
913 18154.0
914 18154.0
915 18154.0
916 18154.0
917 18154.0
918 18154.0
919 18154.0
920 18154.0
921 18154.0
922 18154.0
923 18154.0
924 18154.0
925 18154.0
926 18154.0
927 18154.0
928 18154.0
929 18154.0
930 18154.0
931 18154.0
932 18154.0
933 18154.0
934 18154.0
935 18154.0
936 18154.0
937 18154.0
938 18154.0
939 18154.0
940 18154.0
941 18154.0
942 18154.0
943 18154.0
944 18154.0
945 18154.0
946 18154.0
947 18154.0
948 18154.0
949 18154.0
950 18154.0
951 18154.0
952 18154.0
953 18154.0
954 18154.0
955 18154.0
956 18154.0
957 18154.0
958 18154.0
959 18154.0
960 18154.0
961 18154.0
962 18154.0
963 18154.0
964 18154.0
965 18154.0
966 18154.0
967 18154.0
968 18154.0
969 18154.0
970 18154.0
971 18154.0
972 18154.0
973 18154.0
974 18154.0
975 18154.0
976 18154.0
977 18154.0
978 18154.0
979 18154.0
980 18154.0
981 18154.0
982 18154.0
983 18154.0
984 18154.0
985 18154.0
986 18154.0
987 18154.0
988 18154.0
989 18154.0
990 18154.0
991 18154.0
992 18154.0
993 18154.0
994 18154.0
995 18154.0
996 18154.0
997 18154.0
998 18154.0
999 18154.0
1000 18154.0
