0 5631.0
1 6404.0
2 6663.0
3 7235.0
4 7308.0
5 8373.0
6 8396.0
7 8819.0
8 9597.0
9 9994.0
10 10161.0
11 10812.0
12 10897.0
13 11464.0
14 11731.0
15 12039.0
16 12161.0
17 12348.0
18 12880.0
19 12943.0
20 13421.0
21 13502.0
22 14111.0
23 14111.0
24 14978.0
25 14388.0
26 14555.0
27 14685.0
28 14593.0
29 14593.0
30 14861.0
31 15116.0
32 15393.0
33 15393.0
34 15596.0
35 15557.0
36 15407.0
37 15404.0
38 16311.0
39 16058.0
40 16058.0
41 16058.0
42 16135.0
43 16098.0
44 16098.0
45 16098.0
46 16002.0
47 16687.0
48 16687.0
49 16380.0
50 16383.0
51 16460.0
52 16449.0
53 16903.0
54 17011.0
55 17011.0
56 16985.0
57 17026.0
58 17026.0
59 16850.0
60 17654.0
61 17654.0
62 17654.0
63 17654.0
64 17654.0
65 17654.0
66 17764.0
67 17712.0
68 17712.0
69 17712.0
70 17640.0
71 17640.0
72 17600.0
73 17676.0
74 17754.0
75 17855.0
76 17892.0
77 17873.0
78 17935.0
79 17949.0
80 17957.0
81 17957.0
82 17970.0
83 17983.0
84 18028.0
85 18028.0
86 18028.0
87 18028.0
88 18079.0
89 18041.0
90 18041.0
91 18065.0
92 18071.0
93 18101.0
94 18112.0
95 18112.0
96 18111.0
97 18125.0
98 18125.0
99 18125.0
100 18125.0
101 18125.0
102 18125.0
103 18125.0
104 18125.0
105 18125.0
106 18125.0
107 18125.0
108 18125.0
109 18125.0
110 18125.0
111 18125.0
112 18125.0
113 18125.0
114 18125.0
115 18125.0
116 18125.0
117 18125.0
118 18125.0
119 18125.0
120 18125.0
121 18125.0
122 18125.0
123 18125.0
124 18125.0
125 18125.0
126 18125.0
127 18125.0
128 18125.0
129 18125.0
130 18125.0
131 18125.0
132 18125.0
133 18125.0
134 18125.0
135 18125.0
136 18125.0
137 18125.0
138 18125.0
139 18125.0
140 18125.0
141 18125.0
142 18125.0
143 18125.0
144 18125.0
145 18125.0
146 18125.0
147 18125.0
148 18125.0
149 18125.0
150 18125.0
151 18125.0
152 18125.0
153 18125.0
154 18125.0
155 18125.0
156 18125.0
157 18125.0
158 18125.0
159 18125.0
160 18125.0
161 18125.0
162 18125.0
163 18125.0
164 18125.0
165 18125.0
166 18125.0
167 18125.0
168 18125.0
169 18125.0
170 18125.0
171 18125.0
172 18125.0
173 18125.0
174 18125.0
175 18125.0
176 18125.0
177 18125.0
178 18125.0
179 18125.0
180 18125.0
181 18125.0
182 18125.0
183 18125.0
184 18125.0
185 18125.0
186 18125.0
187 18125.0
188 18125.0
189 18125.0
190 18125.0
191 18125.0
192 18125.0
193 18125.0
194 18125.0
195 18125.0
196 18125.0
197 18125.0
198 18125.0
199 18125.0
200 18125.0
201 18125.0
202 18125.0
203 18125.0
204 18125.0
205 18125.0
206 18125.0
207 18125.0
208 18125.0
209 18125.0
210 18125.0
211 18125.0
212 18125.0
213 18125.0
214 18125.0
215 18125.0
216 18125.0
217 18125.0
218 18125.0
219 18125.0
220 18125.0
221 18125.0
222 18125.0
223 18125.0
224 18125.0
225 18125.0
226 18125.0
227 18125.0
228 18125.0
229 18125.0
230 18125.0
231 18125.0
232 18125.0
233 18125.0
234 18125.0
235 18125.0
236 18125.0
237 18125.0
238 18125.0
239 18125.0
240 18125.0
241 18125.0
242 18125.0
243 18125.0
244 18125.0
245 18125.0
246 18125.0
247 18125.0
248 18125.0
249 18125.0
250 18125.0
251 18125.0
252 18125.0
253 18125.0
254 18125.0
255 18125.0
256 18125.0
257 18125.0
258 18125.0
259 18125.0
260 18125.0
261 18125.0
262 18125.0
263 18125.0
264 18125.0
265 18125.0
266 18125.0
267 18125.0
268 18125.0
269 18125.0
270 18125.0
271 18125.0
272 18125.0
273 18125.0
274 18125.0
275 18125.0
276 18125.0
277 18125.0
278 18125.0
279 18125.0
280 18125.0
281 18125.0
282 18125.0
283 18125.0
284 18125.0
285 18125.0
286 18125.0
287 18125.0
288 18125.0
289 18125.0
290 18125.0
291 18125.0
292 18125.0
293 18125.0
294 18125.0
295 18125.0
296 18125.0
297 18125.0
298 18125.0
299 18125.0
300 18125.0
301 18125.0
302 18125.0
303 18125.0
304 18125.0
305 18125.0
306 18125.0
307 18125.0
308 18125.0
309 18125.0
310 18125.0
311 18125.0
312 18125.0
313 18125.0
314 18125.0
315 18125.0
316 18125.0
317 18125.0
318 18125.0
319 18125.0
320 18125.0
321 18125.0
322 18125.0
323 18125.0
324 18125.0
325 18125.0
326 18125.0
327 18125.0
328 18125.0
329 18125.0
330 18125.0
331 18125.0
332 18125.0
333 18125.0
334 18125.0
335 18125.0
336 18125.0
337 18125.0
338 18125.0
339 18125.0
340 18125.0
341 18125.0
342 18125.0
343 18125.0
344 18125.0
345 18125.0
346 18125.0
347 18125.0
348 18125.0
349 18125.0
350 18125.0
351 18125.0
352 18125.0
353 18125.0
354 18125.0
355 18125.0
356 18125.0
357 18125.0
358 18125.0
359 18125.0
360 18125.0
361 18125.0
362 18125.0
363 18125.0
364 18125.0
365 18125.0
366 18125.0
367 18125.0
368 18125.0
369 18125.0
370 18125.0
371 18125.0
372 18125.0
373 18125.0
374 18125.0
375 18125.0
376 18125.0
377 18125.0
378 18125.0
379 18125.0
380 18125.0
381 18125.0
382 18125.0
383 18125.0
384 18125.0
385 18125.0
386 18125.0
387 18125.0
388 18125.0
389 18125.0
390 18125.0
391 18125.0
392 18125.0
393 18125.0
394 18125.0
395 18125.0
396 18125.0
397 18125.0
398 18125.0
399 18125.0
400 18125.0
401 18125.0
402 18125.0
403 18125.0
404 18125.0
405 18125.0
406 18125.0
407 18125.0
408 18125.0
409 18125.0
410 18125.0
411 18125.0
412 18125.0
413 18125.0
414 18125.0
415 18125.0
416 18125.0
417 18125.0
418 18125.0
419 18125.0
420 18125.0
421 18125.0
422 18125.0
423 18125.0
424 18125.0
425 18125.0
426 18125.0
427 18125.0
428 18125.0
429 18125.0
430 18125.0
431 18125.0
432 18125.0
433 18125.0
434 18125.0
435 18125.0
436 18125.0
437 18125.0
438 18125.0
439 18125.0
440 18125.0
441 18125.0
442 18125.0
443 18125.0
444 18125.0
445 18125.0
446 18125.0
447 18125.0
448 18125.0
449 18125.0
450 18125.0
451 18125.0
452 18125.0
453 18125.0
454 18125.0
455 18125.0
456 18125.0
457 18125.0
458 18125.0
459 18125.0
460 18125.0
461 18125.0
462 18125.0
463 18125.0
464 18125.0
465 18125.0
466 18125.0
467 18125.0
468 18125.0
469 18125.0
470 18125.0
471 18125.0
472 18125.0
473 18125.0
474 18125.0
475 18125.0
476 18125.0
477 18125.0
478 18125.0
479 18125.0
480 18125.0
481 18125.0
482 18125.0
483 18125.0
484 18125.0
485 18125.0
486 18125.0
487 18125.0
488 18125.0
489 18125.0
490 18125.0
491 18125.0
492 18125.0
493 18125.0
494 18125.0
495 18125.0
496 18125.0
497 18125.0
498 18125.0
499 18125.0
500 18125.0
501 18125.0
502 18125.0
503 18125.0
504 18125.0
505 18125.0
506 18125.0
507 18125.0
508 18125.0
509 18125.0
510 18125.0
511 18125.0
512 18125.0
513 18125.0
514 18125.0
515 18125.0
516 18125.0
517 18125.0
518 18125.0
519 18125.0
520 18125.0
521 18125.0
522 18125.0
523 18125.0
524 18125.0
525 18125.0
526 18125.0
527 18125.0
528 18125.0
529 18125.0
530 18125.0
531 18125.0
532 18125.0
533 18125.0
534 18125.0
535 18125.0
536 18125.0
537 18125.0
538 18125.0
539 18125.0
540 18125.0
541 18125.0
542 18125.0
543 18125.0
544 18125.0
545 18125.0
546 18125.0
547 18125.0
548 18125.0
549 18125.0
550 18125.0
551 18125.0
552 18125.0
553 18125.0
554 18125.0
555 18125.0
556 18125.0
557 18125.0
558 18125.0
559 18125.0
560 18125.0
561 18125.0
562 18125.0
563 18125.0
564 18125.0
565 18125.0
566 18125.0
567 18125.0
568 18125.0
569 18125.0
570 18125.0
571 18125.0
572 18125.0
573 18125.0
574 18125.0
575 18125.0
576 18125.0
577 18125.0
578 18125.0
579 18125.0
580 18125.0
581 18125.0
582 18125.0
583 18125.0
584 18125.0
585 18125.0
586 18125.0
587 18125.0
588 18125.0
589 18125.0
590 18125.0
591 18125.0
592 18125.0
593 18125.0
594 18125.0
595 18125.0
596 18125.0
597 18125.0
598 18125.0
599 18125.0
600 18125.0
601 18125.0
602 18125.0
603 18125.0
604 18125.0
605 18125.0
606 18125.0
607 18125.0
608 18125.0
609 18125.0
610 18125.0
611 18125.0
612 18125.0
613 18125.0
614 18125.0
615 18125.0
616 18125.0
617 18125.0
618 18125.0
619 18125.0
620 18125.0
621 18125.0
622 18125.0
623 18125.0
624 18125.0
625 18125.0
626 18125.0
627 18125.0
628 18125.0
629 18125.0
630 18125.0
631 18125.0
632 18125.0
633 18125.0
634 18125.0
635 18125.0
636 18125.0
637 18125.0
638 18125.0
639 18125.0
640 18125.0
641 18125.0
642 18125.0
643 18125.0
644 18125.0
645 18125.0
646 18125.0
647 18125.0
648 18125.0
649 18125.0
650 18125.0
651 18125.0
652 18125.0
653 18125.0
654 18125.0
655 18125.0
656 18125.0
657 18125.0
658 18125.0
659 18125.0
660 18125.0
661 18125.0
662 18125.0
663 18125.0
664 18125.0
665 18125.0
666 18125.0
667 18125.0
668 18125.0
669 18125.0
670 18125.0
671 18125.0
672 18125.0
673 18125.0
674 18125.0
675 18125.0
676 18125.0
677 18125.0
678 18125.0
679 18125.0
680 18125.0
681 18125.0
682 18125.0
683 18125.0
684 18125.0
685 18125.0
686 18125.0
687 18125.0
688 18125.0
689 18125.0
690 18125.0
691 18125.0
692 18125.0
693 18125.0
694 18125.0
695 18125.0
696 18125.0
697 18125.0
698 18125.0
699 18125.0
700 18125.0
701 18125.0
702 18125.0
703 18125.0
704 18125.0
705 18125.0
706 18125.0
707 18125.0
708 18125.0
709 18125.0
710 18125.0
711 18125.0
712 18125.0
713 18125.0
714 18125.0
715 18125.0
716 18125.0
717 18125.0
718 18125.0
719 18125.0
720 18125.0
721 18125.0
722 18125.0
723 18125.0
724 18125.0
725 18125.0
726 18125.0
727 18125.0
728 18125.0
729 18125.0
730 18125.0
731 18125.0
732 18125.0
733 18125.0
734 18125.0
735 18125.0
736 18125.0
737 18125.0
738 18125.0
739 18125.0
740 18125.0
741 18125.0
742 18125.0
743 18125.0
744 18125.0
745 18125.0
746 18125.0
747 18125.0
748 18125.0
749 18125.0
750 18125.0
751 18125.0
752 18125.0
753 18125.0
754 18125.0
755 18125.0
756 18125.0
757 18125.0
758 18125.0
759 18125.0
760 18125.0
761 18125.0
762 18125.0
763 18125.0
764 18125.0
765 18125.0
766 18125.0
767 18125.0
768 18125.0
769 18125.0
770 18125.0
771 18125.0
772 18125.0
773 18125.0
774 18125.0
775 18125.0
776 18125.0
777 18125.0
778 18125.0
779 18125.0
780 18125.0
781 18125.0
782 18125.0
783 18125.0
784 18125.0
785 18125.0
786 18125.0
787 18125.0
788 18125.0
789 18125.0
790 18125.0
791 18125.0
792 18125.0
793 18125.0
794 18125.0
795 18125.0
796 18125.0
797 18125.0
798 18125.0
799 18125.0
800 18125.0
801 18125.0
802 18125.0
803 18125.0
804 18125.0
805 18125.0
806 18125.0
807 18125.0
808 18125.0
809 18125.0
810 18125.0
811 18125.0
812 18125.0
813 18125.0
814 18125.0
815 18125.0
816 18125.0
817 18125.0
818 18125.0
819 18125.0
820 18125.0
821 18125.0
822 18125.0
823 18125.0
824 18125.0
825 18125.0
826 18125.0
827 18125.0
828 18125.0
829 18125.0
830 18125.0
831 18125.0
832 18125.0
833 18125.0
834 18125.0
835 18125.0
836 18125.0
837 18125.0
838 18125.0
839 18125.0
840 18125.0
841 18125.0
842 18125.0
843 18125.0
844 18125.0
845 18125.0
846 18125.0
847 18125.0
848 18125.0
849 18125.0
850 18125.0
851 18125.0
852 18125.0
853 18125.0
854 18125.0
855 18125.0
856 18125.0
857 18125.0
858 18125.0
859 18125.0
860 18125.0
861 18125.0
862 18125.0
863 18125.0
864 18125.0
865 18125.0
866 18125.0
867 18125.0
868 18125.0
869 18125.0
870 18125.0
871 18125.0
872 18125.0
873 18125.0
874 18125.0
875 18125.0
876 18125.0
877 18125.0
878 18125.0
879 18125.0
880 18125.0
881 18125.0
882 18125.0
883 18125.0
884 18125.0
885 18125.0
886 18125.0
887 18125.0
888 18125.0
889 18125.0
890 18125.0
891 18125.0
892 18125.0
893 18125.0
894 18125.0
895 18125.0
896 18125.0
897 18125.0
898 18125.0
899 18125.0
900 18125.0
901 18125.0
902 18125.0
903 18125.0
904 18125.0
905 18125.0
906 18125.0
907 18125.0
908 18125.0
909 18125.0
910 18125.0
911 18125.0
912 18125.0
913 18125.0
914 18125.0
915 18125.0
916 18125.0
917 18125.0
918 18125.0
919 18125.0
920 18125.0
921 18125.0
922 18125.0
923 18125.0
924 18125.0
925 18125.0
926 18125.0
927 18125.0
928 18125.0
929 18125.0
930 18125.0
931 18125.0
932 18125.0
933 18125.0
934 18125.0
935 18125.0
936 18125.0
937 18125.0
938 18125.0
939 18125.0
940 18125.0
941 18125.0
942 18125.0
943 18125.0
944 18125.0
945 18125.0
946 18125.0
947 18125.0
948 18125.0
949 18125.0
950 18125.0
951 18125.0
952 18125.0
953 18125.0
954 18125.0
955 18125.0
956 18125.0
957 18125.0
958 18125.0
959 18125.0
960 18125.0
961 18125.0
962 18125.0
963 18125.0
964 18125.0
965 18125.0
966 18125.0
967 18125.0
968 18125.0
969 18125.0
970 18125.0
971 18125.0
972 18125.0
973 18125.0
974 18125.0
975 18125.0
976 18125.0
977 18125.0
978 18125.0
979 18125.0
980 18125.0
981 18125.0
982 18125.0
983 18125.0
984 18125.0
985 18125.0
986 18125.0
987 18125.0
988 18125.0
989 18125.0
990 18125.0
991 18125.0
992 18125.0
993 18125.0
994 18125.0
995 18125.0
996 18125.0
997 18125.0
998 18125.0
999 18125.0
1000 18125.0
