0 5631.0
1 6453.0
2 6847.0
3 7182.0
4 7888.0
5 8264.0
6 8427.0
7 9020.0
8 9369.0
9 10103.0
10 10602.0
11 10602.0
12 10722.0
13 10725.0
14 11343.0
15 11980.0
16 11862.0
17 12767.0
18 12767.0
19 12767.0
20 13202.0
21 13202.0
22 13592.0
23 13592.0
24 14084.0
25 13785.0
26 14151.0
27 14200.0
28 14672.0
29 14448.0
30 14416.0
31 14398.0
32 14710.0
33 14969.0
34 14716.0
35 15030.0
36 15360.0
37 15441.0
38 15360.0
39 15441.0
40 15550.0
41 15550.0
42 15853.0
43 15496.0
44 15863.0
45 15719.0
46 15952.0
47 16096.0
48 16178.0
49 16178.0
50 16141.0
51 16089.0
52 16736.0
53 16736.0
54 16354.0
55 16456.0
56 16548.0
57 16344.0
58 16522.0
59 16465.0
60 16460.0
61 16736.0
62 16508.0
63 16731.0
64 16567.0
65 16993.0
66 16825.0
67 16825.0
68 16948.0
69 17159.0
70 17159.0
71 16940.0
72 17017.0
73 17111.0
74 17276.0
75 17276.0
76 17378.0
77 17274.0
78 17268.0
79 17359.0
80 17611.0
81 17372.0
82 17469.0
83 17469.0
84 17544.0
85 17554.0
86 17554.0
87 17510.0
88 17570.0
89 17581.0
90 17604.0
91 17660.0
92 17655.0
93 17713.0
94 17836.0
95 17765.0
96 17790.0
97 17850.0
98 17848.0
99 17882.0
100 17850.0
101 17862.0
102 17868.0
103 17868.0
104 17894.0
105 17927.0
106 17977.0
107 17971.0
108 17972.0
109 17979.0
110 17979.0
111 17979.0
112 18000.0
113 18000.0
114 18000.0
115 17998.0
116 17998.0
117 17990.0
118 17990.0
119 17998.0
120 17987.0
121 17987.0
122 17987.0
123 17987.0
124 17987.0
125 17987.0
126 17965.0
127 17965.0
128 17965.0
129 17965.0
130 17965.0
131 17965.0
132 17965.0
133 17965.0
134 17965.0
135 17965.0
136 17965.0
137 17965.0
138 17965.0
139 17965.0
140 17965.0
141 17965.0
142 17965.0
143 17965.0
144 17965.0
145 17965.0
146 17965.0
147 17965.0
148 17965.0
149 17965.0
150 17983.0
151 17983.0
152 17983.0
153 17983.0
154 17965.0
155 17965.0
156 17965.0
157 17965.0
158 17965.0
159 17965.0
160 17965.0
161 17965.0
162 17965.0
163 17965.0
164 17965.0
165 17965.0
166 17965.0
167 17965.0
168 17965.0
169 17965.0
170 17965.0
171 17965.0
172 17965.0
173 17965.0
174 17965.0
175 17965.0
176 17965.0
177 17965.0
178 17965.0
179 17965.0
180 17965.0
181 17965.0
182 17965.0
183 17965.0
184 17965.0
185 17965.0
186 17965.0
187 17965.0
188 17965.0
189 17965.0
190 17965.0
191 17965.0
192 17965.0
193 17965.0
194 17965.0
195 17965.0
196 17965.0
197 17965.0
198 17965.0
199 17965.0
200 17965.0
201 17965.0
202 17965.0
203 17965.0
204 17965.0
205 17965.0
206 17965.0
207 17965.0
208 17965.0
209 17965.0
210 17965.0
211 17965.0
212 17965.0
213 17965.0
214 17965.0
215 17965.0
216 17965.0
217 17965.0
218 17965.0
219 17965.0
220 17965.0
221 17995.0
222 17995.0
223 17965.0
224 17965.0
225 17965.0
226 17965.0
227 17965.0
228 17965.0
229 17965.0
230 17965.0
231 17965.0
232 17965.0
233 17965.0
234 17965.0
235 17965.0
236 17965.0
237 17965.0
238 17965.0
239 17965.0
240 17965.0
241 17965.0
242 17965.0
243 17965.0
244 17965.0
245 17965.0
246 17965.0
247 17965.0
248 17965.0
249 17965.0
250 17965.0
251 17965.0
252 17965.0
253 17965.0
254 17965.0
255 17965.0
256 17965.0
257 17965.0
258 17965.0
259 17965.0
260 17965.0
261 17965.0
262 17965.0
263 17965.0
264 17965.0
265 17965.0
266 17965.0
267 17965.0
268 17965.0
269 17965.0
270 17965.0
271 17965.0
272 17965.0
273 17965.0
274 17965.0
275 17965.0
276 17965.0
277 17965.0
278 17965.0
279 17965.0
280 17965.0
281 17965.0
282 17965.0
283 17965.0
284 17965.0
285 17965.0
286 17965.0
287 17965.0
288 17965.0
289 17965.0
290 17965.0
291 17965.0
292 17965.0
293 17965.0
294 17965.0
295 17965.0
296 17965.0
297 17965.0
298 17965.0
299 17965.0
300 17965.0
301 17965.0
302 17965.0
303 17965.0
304 17965.0
305 17965.0
306 17965.0
307 17965.0
308 17965.0
309 17965.0
310 17965.0
311 17965.0
312 17965.0
313 17965.0
314 17965.0
315 17965.0
316 17965.0
317 17965.0
318 17965.0
319 17965.0
320 17965.0
321 17965.0
322 17965.0
323 17965.0
324 17965.0
325 17965.0
326 17965.0
327 17965.0
328 17965.0
329 17965.0
330 17984.0
331 18012.0
332 18012.0
333 17965.0
334 17965.0
335 17965.0
336 17965.0
337 17965.0
338 17965.0
339 17965.0
340 17965.0
341 17965.0
342 17965.0
343 17965.0
344 17965.0
345 17965.0
346 17965.0
347 17965.0
348 17965.0
349 17965.0
350 17965.0
351 17965.0
352 17965.0
353 17965.0
354 17965.0
355 17965.0
356 17965.0
357 17965.0
358 17965.0
359 17965.0
360 17965.0
361 17965.0
362 17965.0
363 17965.0
364 17965.0
365 17965.0
366 17965.0
367 17965.0
368 17965.0
369 17965.0
370 17965.0
371 17965.0
372 17965.0
373 17965.0
374 17965.0
375 17965.0
376 17965.0
377 17965.0
378 17965.0
379 17965.0
380 17965.0
381 17965.0
382 17965.0
383 17965.0
384 17965.0
385 17965.0
386 17965.0
387 17965.0
388 17965.0
389 17965.0
390 17965.0
391 17965.0
392 17965.0
393 17965.0
394 17965.0
395 17965.0
396 17965.0
397 17965.0
398 17965.0
399 17965.0
400 17965.0
401 17965.0
402 17965.0
403 17965.0
404 17965.0
405 17965.0
406 17965.0
407 17965.0
408 17965.0
409 17965.0
410 17965.0
411 17965.0
412 17965.0
413 17965.0
414 17965.0
415 17965.0
416 17965.0
417 17965.0
418 17965.0
419 17965.0
420 17965.0
421 17965.0
422 17965.0
423 17965.0
424 17965.0
425 17965.0
426 17965.0
427 17965.0
428 17965.0
429 17965.0
430 17965.0
431 17965.0
432 17965.0
433 17965.0
434 17965.0
435 17965.0
436 17965.0
437 17965.0
438 17965.0
439 17965.0
440 17965.0
441 17965.0
442 17965.0
443 17965.0
444 17965.0
445 17965.0
446 17965.0
447 17965.0
448 17965.0
449 17965.0
450 17965.0
451 17965.0
452 17965.0
453 17965.0
454 17965.0
455 17965.0
456 17965.0
457 17965.0
458 17965.0
459 17965.0
460 17965.0
461 17965.0
462 17965.0
463 17965.0
464 17965.0
465 17965.0
466 17965.0
467 17965.0
468 17965.0
469 17965.0
470 17965.0
471 17965.0
472 17965.0
473 17965.0
474 17965.0
475 17965.0
476 17965.0
477 17965.0
478 17965.0
479 17965.0
480 17965.0
481 17965.0
482 17965.0
483 17965.0
484 17965.0
485 17965.0
486 17965.0
487 17965.0
488 17965.0
489 17965.0
490 17965.0
491 17965.0
492 17965.0
493 17965.0
494 17965.0
495 17965.0
496 17965.0
497 17965.0
498 17965.0
499 17965.0
500 17965.0
501 17965.0
502 17965.0
503 17965.0
504 17965.0
505 17965.0
506 17965.0
507 17965.0
508 17965.0
509 17965.0
510 17965.0
511 17965.0
512 17965.0
513 17965.0
514 17965.0
515 17965.0
516 17965.0
517 17965.0
518 17965.0
519 17965.0
520 17965.0
521 17965.0
522 17965.0
523 17965.0
524 17965.0
525 17965.0
526 17965.0
527 17965.0
528 17965.0
529 17965.0
530 17965.0
531 17965.0
532 17965.0
533 17965.0
534 17965.0
535 17965.0
536 17965.0
537 17965.0
538 17965.0
539 17965.0
540 17965.0
541 17965.0
542 17965.0
543 17965.0
544 17965.0
545 17965.0
546 17965.0
547 17965.0
548 17965.0
549 17965.0
550 17965.0
551 17965.0
552 17965.0
553 17965.0
554 17965.0
555 17965.0
556 17965.0
557 17965.0
558 17965.0
559 17965.0
560 17965.0
561 17965.0
562 17965.0
563 17965.0
564 17965.0
565 17965.0
566 17965.0
567 17965.0
568 17965.0
569 17965.0
570 17965.0
571 17965.0
572 17965.0
573 17965.0
574 17965.0
575 17965.0
576 17965.0
577 17965.0
578 17965.0
579 17965.0
580 17965.0
581 17965.0
582 17965.0
583 17965.0
584 17965.0
585 17965.0
586 17965.0
587 17965.0
588 17965.0
589 17965.0
590 17965.0
591 17965.0
592 17965.0
593 17965.0
594 17965.0
595 17965.0
596 17965.0
597 17965.0
598 17965.0
599 17965.0
600 17965.0
601 17965.0
602 17965.0
603 17965.0
604 17965.0
605 17965.0
606 17965.0
607 17965.0
608 17965.0
609 17965.0
610 17965.0
611 17965.0
612 17965.0
613 17965.0
614 17965.0
615 17965.0
616 17965.0
617 17965.0
618 17965.0
619 17965.0
620 17965.0
621 17965.0
622 17965.0
623 17965.0
624 17965.0
625 17965.0
626 17965.0
627 17965.0
628 17965.0
629 17965.0
630 17965.0
631 17965.0
632 17965.0
633 17965.0
634 17965.0
635 17965.0
636 17965.0
637 17965.0
638 17965.0
639 17965.0
640 17965.0
641 17965.0
642 17965.0
643 17965.0
644 17965.0
645 17965.0
646 17965.0
647 17965.0
648 17965.0
649 17965.0
650 17965.0
651 17965.0
652 17965.0
653 17965.0
654 17965.0
655 17965.0
656 17965.0
657 17965.0
658 17965.0
659 17965.0
660 17965.0
661 17965.0
662 17965.0
663 17969.0
664 17965.0
665 17965.0
666 17965.0
667 17965.0
668 17965.0
669 17965.0
670 17965.0
671 17965.0
672 17965.0
673 17965.0
674 17965.0
675 17965.0
676 17965.0
677 17965.0
678 17965.0
679 17965.0
680 17965.0
681 17965.0
682 17965.0
683 17965.0
684 17965.0
685 17965.0
686 17965.0
687 17965.0
688 17965.0
689 17965.0
690 17965.0
691 17965.0
692 17965.0
693 17965.0
694 17965.0
695 17965.0
696 17965.0
697 17965.0
698 17965.0
699 17965.0
700 17965.0
701 17965.0
702 17965.0
703 17965.0
704 17965.0
705 17965.0
706 17965.0
707 17965.0
708 17965.0
709 17965.0
710 17965.0
711 17965.0
712 17965.0
713 17965.0
714 17965.0
715 17982.0
716 18011.0
717 17992.0
718 17965.0
719 17965.0
720 17965.0
721 17965.0
722 17965.0
723 17965.0
724 17965.0
725 17965.0
726 17965.0
727 17965.0
728 17965.0
729 17965.0
730 17965.0
731 17965.0
732 17965.0
733 17965.0
734 17965.0
735 17965.0
736 17965.0
737 17965.0
738 17965.0
739 17965.0
740 17965.0
741 17965.0
742 17965.0
743 17965.0
744 17965.0
745 17965.0
746 17965.0
747 17965.0
748 17965.0
749 17965.0
750 17965.0
751 17965.0
752 17965.0
753 17965.0
754 17965.0
755 17965.0
756 17965.0
757 17965.0
758 17965.0
759 17965.0
760 17965.0
761 17965.0
762 17965.0
763 17965.0
764 17965.0
765 17965.0
766 17965.0
767 17965.0
768 17965.0
769 17965.0
770 17965.0
771 17965.0
772 17965.0
773 17965.0
774 17965.0
775 17965.0
776 17965.0
777 17965.0
778 17965.0
779 17965.0
780 17965.0
781 17965.0
782 17965.0
783 17965.0
784 17983.0
785 17983.0
786 17983.0
787 17983.0
788 17983.0
789 17983.0
790 17983.0
791 17983.0
792 17983.0
793 17983.0
794 17983.0
795 17983.0
796 17983.0
797 17983.0
798 17983.0
799 17983.0
800 17983.0
801 17983.0
802 17983.0
803 17983.0
804 17983.0
805 17983.0
806 17983.0
807 17983.0
808 17983.0
809 17983.0
810 17983.0
811 17983.0
812 17983.0
813 17983.0
814 17983.0
815 17983.0
816 17983.0
817 17983.0
818 17983.0
819 17983.0
820 17983.0
821 17983.0
822 17983.0
823 17983.0
824 17983.0
825 17983.0
826 17983.0
827 17983.0
828 17983.0
829 17983.0
830 17983.0
831 17983.0
832 17983.0
833 17983.0
834 17983.0
835 17983.0
836 17983.0
837 17983.0
838 17983.0
839 17983.0
840 17983.0
841 17983.0
842 17983.0
843 17983.0
844 17983.0
845 17983.0
846 17983.0
847 17983.0
848 17983.0
849 17983.0
850 17983.0
851 17983.0
852 17983.0
853 17983.0
854 17983.0
855 17983.0
856 17983.0
857 17983.0
858 17983.0
859 17983.0
860 17983.0
861 17983.0
862 17983.0
863 17983.0
864 17983.0
865 17983.0
866 17983.0
867 17983.0
868 17983.0
869 17983.0
870 17983.0
871 17983.0
872 17983.0
873 17983.0
874 17983.0
875 17983.0
876 17983.0
877 17983.0
878 17983.0
879 17983.0
880 17983.0
881 17983.0
882 17983.0
883 17983.0
884 17983.0
885 17983.0
886 17983.0
887 17983.0
888 17983.0
889 17983.0
890 17983.0
891 17983.0
892 17983.0
893 17983.0
894 17983.0
895 17983.0
896 17983.0
897 17983.0
898 17983.0
899 17983.0
900 17983.0
901 17983.0
902 17983.0
903 17983.0
904 17983.0
905 17983.0
906 17983.0
907 17983.0
908 17983.0
909 17983.0
910 17983.0
911 17983.0
912 17983.0
913 17983.0
914 17983.0
915 17983.0
916 17983.0
917 17983.0
918 17983.0
919 17983.0
920 17983.0
921 17983.0
922 17983.0
923 17983.0
924 17983.0
925 17983.0
926 17983.0
927 17983.0
928 17983.0
929 17983.0
930 17983.0
931 17983.0
932 17983.0
933 17983.0
934 17983.0
935 17983.0
936 17983.0
937 17983.0
938 17983.0
939 17983.0
940 17983.0
941 17983.0
942 17983.0
943 17983.0
944 17983.0
945 17983.0
946 17983.0
947 17983.0
948 17983.0
949 17983.0
950 17983.0
951 17983.0
952 17983.0
953 17983.0
954 17983.0
955 17983.0
956 17983.0
957 17983.0
958 17983.0
959 17983.0
960 17983.0
961 17983.0
962 17983.0
963 17983.0
964 17983.0
965 17983.0
966 17983.0
967 17983.0
968 17983.0
969 17983.0
970 17983.0
971 17983.0
972 17983.0
973 17983.0
974 17983.0
975 17983.0
976 17983.0
977 17983.0
978 17983.0
979 17983.0
980 17983.0
981 17983.0
982 17983.0
983 17983.0
984 17983.0
985 17983.0
986 17983.0
987 17983.0
988 17983.0
989 17983.0
990 17983.0
991 17983.0
992 17983.0
993 17983.0
994 17983.0
995 17983.0
996 17983.0
997 17983.0
998 17983.0
999 17983.0
1000 17983.0
