0 5631.0
1 6341.0
2 6827.0
3 6970.0
4 7644.0
5 8045.0
6 8242.0
7 8755.0
8 9281.0
9 9411.0
10 9940.0
11 11419.0
12 10672.0
13 11761.0
14 11761.0
15 11906.0
16 11964.0
17 12396.0
18 13066.0
19 13110.0
20 13235.0
21 13336.0
22 13343.0
23 14193.0
24 14028.0
25 13782.0
26 13821.0
27 14099.0
28 14428.0
29 14534.0
30 14584.0
31 15005.0
32 15005.0
33 15036.0
34 15430.0
35 15399.0
36 15041.0
37 15417.0
38 15417.0
39 15417.0
40 15791.0
41 15791.0
42 15472.0
43 15755.0
44 15668.0
45 15789.0
46 15789.0
47 16001.0
48 16001.0
49 16016.0
50 16016.0
51 16016.0
52 16016.0
53 16016.0
54 16001.0
55 16072.0
56 16072.0
57 16188.0
58 16124.0
59 16318.0
60 16611.0
61 16902.0
62 16434.0
63 16756.0
64 16434.0
65 16508.0
66 16508.0
67 16477.0
68 16830.0
69 16830.0
70 17012.0
71 17012.0
72 17009.0
73 17009.0
74 17009.0
75 17050.0
76 17070.0
77 17198.0
78 17070.0
79 17070.0
80 17145.0
81 17171.0
82 17171.0
83 17150.0
84 17141.0
85 17350.0
86 17219.0
87 17275.0
88 17429.0
89 17359.0
90 17463.0
91 17541.0
92 17561.0
93 17372.0
94 17445.0
95 17445.0
96 17664.0
97 17562.0
98 17703.0
99 17668.0
100 17786.0
101 17786.0
102 17786.0
103 17786.0
104 17818.0
105 17818.0
106 17818.0
107 17951.0
108 17951.0
109 17951.0
110 17915.0
111 17888.0
112 17896.0
113 18053.0
114 18053.0
115 17988.0
116 18176.0
117 18176.0
118 18176.0
119 18176.0
120 18210.0
121 18188.0
122 18188.0
123 18264.0
124 18254.0
125 18277.0
126 18286.0
127 18286.0
128 18286.0
129 18277.0
130 18277.0
131 18277.0
132 18277.0
133 18277.0
134 18277.0
135 18277.0
136 18277.0
137 18277.0
138 18277.0
139 18277.0
140 18277.0
141 18277.0
142 18277.0
143 18277.0
144 18277.0
145 18277.0
146 18277.0
147 18277.0
148 18277.0
149 18277.0
150 18277.0
151 18277.0
152 18264.0
153 18264.0
154 18264.0
155 18264.0
156 18264.0
157 18264.0
158 18264.0
159 18264.0
160 18264.0
161 18264.0
162 18264.0
163 18264.0
164 18264.0
165 18264.0
166 18264.0
167 18264.0
168 18264.0
169 18264.0
170 18264.0
171 18264.0
172 18264.0
173 18264.0
174 18264.0
175 18264.0
176 18264.0
177 18264.0
178 18264.0
179 18264.0
180 18264.0
181 18264.0
182 18264.0
183 18264.0
184 18264.0
185 18264.0
186 18264.0
187 18264.0
188 18264.0
189 18264.0
190 18264.0
191 18264.0
192 18264.0
193 18264.0
194 18264.0
195 18264.0
196 18264.0
197 18264.0
198 18264.0
199 18264.0
200 18264.0
201 18264.0
202 18264.0
203 18264.0
204 18264.0
205 18264.0
206 18264.0
207 18264.0
208 18264.0
209 18264.0
210 18264.0
211 18264.0
212 18264.0
213 18264.0
214 18264.0
215 18264.0
216 18264.0
217 18264.0
218 18264.0
219 18264.0
220 18264.0
221 18264.0
222 18264.0
223 18264.0
224 18264.0
225 18264.0
226 18264.0
227 18265.0
228 18265.0
229 18265.0
230 18265.0
231 18265.0
232 18265.0
233 18265.0
234 18265.0
235 18265.0
236 18265.0
237 18265.0
238 18265.0
239 18265.0
240 18265.0
241 18265.0
242 18265.0
243 18265.0
244 18265.0
245 18265.0
246 18265.0
247 18265.0
248 18265.0
249 18265.0
250 18265.0
251 18265.0
252 18265.0
253 18265.0
254 18265.0
255 18265.0
256 18265.0
257 18265.0
258 18265.0
259 18265.0
260 18265.0
261 18265.0
262 18265.0
263 18265.0
264 18265.0
265 18265.0
266 18265.0
267 18265.0
268 18265.0
269 18265.0
270 18265.0
271 18265.0
272 18265.0
273 18265.0
274 18265.0
275 18265.0
276 18265.0
277 18265.0
278 18265.0
279 18265.0
280 18265.0
281 18265.0
282 18265.0
283 18265.0
284 18265.0
285 18265.0
286 18265.0
287 18265.0
288 18265.0
289 18265.0
290 18265.0
291 18265.0
292 18265.0
293 18265.0
294 18265.0
295 18265.0
296 18265.0
297 18265.0
298 18265.0
299 18265.0
300 18265.0
301 18265.0
302 18265.0
303 18265.0
304 18265.0
305 18265.0
306 18265.0
307 18265.0
308 18265.0
309 18265.0
310 18265.0
311 18265.0
312 18265.0
313 18265.0
314 18265.0
315 18265.0
316 18265.0
317 18265.0
318 18265.0
319 18265.0
320 18265.0
321 18265.0
322 18265.0
323 18265.0
324 18265.0
325 18265.0
326 18265.0
327 18265.0
328 18265.0
329 18265.0
330 18265.0
331 18265.0
332 18265.0
333 18265.0
334 18265.0
335 18265.0
336 18265.0
337 18265.0
338 18265.0
339 18265.0
340 18265.0
341 18265.0
342 18265.0
343 18265.0
344 18265.0
345 18265.0
346 18265.0
347 18265.0
348 18265.0
349 18265.0
350 18265.0
351 18265.0
352 18265.0
353 18265.0
354 18265.0
355 18265.0
356 18265.0
357 18265.0
358 18265.0
359 18265.0
360 18265.0
361 18265.0
362 18265.0
363 18265.0
364 18265.0
365 18265.0
366 18265.0
367 18265.0
368 18265.0
369 18265.0
370 18265.0
371 18265.0
372 18265.0
373 18265.0
374 18265.0
375 18265.0
376 18265.0
377 18265.0
378 18265.0
379 18265.0
380 18265.0
381 18265.0
382 18265.0
383 18265.0
384 18265.0
385 18265.0
386 18265.0
387 18265.0
388 18265.0
389 18265.0
390 18265.0
391 18265.0
392 18265.0
393 18265.0
394 18265.0
395 18265.0
396 18265.0
397 18270.0
398 18265.0
399 18265.0
400 18265.0
401 18265.0
402 18265.0
403 18265.0
404 18265.0
405 18265.0
406 18265.0
407 18265.0
408 18265.0
409 18265.0
410 18265.0
411 18265.0
412 18265.0
413 18265.0
414 18265.0
415 18265.0
416 18265.0
417 18265.0
418 18265.0
419 18265.0
420 18265.0
421 18265.0
422 18265.0
423 18265.0
424 18265.0
425 18265.0
426 18265.0
427 18265.0
428 18265.0
429 18265.0
430 18265.0
431 18265.0
432 18265.0
433 18265.0
434 18265.0
435 18265.0
436 18265.0
437 18265.0
438 18265.0
439 18265.0
440 18265.0
441 18265.0
442 18265.0
443 18265.0
444 18265.0
445 18265.0
446 18265.0
447 18265.0
448 18265.0
449 18265.0
450 18265.0
451 18265.0
452 18265.0
453 18265.0
454 18265.0
455 18265.0
456 18265.0
457 18265.0
458 18265.0
459 18265.0
460 18265.0
461 18265.0
462 18265.0
463 18265.0
464 18265.0
465 18265.0
466 18265.0
467 18265.0
468 18265.0
469 18265.0
470 18265.0
471 18265.0
472 18265.0
473 18265.0
474 18265.0
475 18265.0
476 18265.0
477 18265.0
478 18265.0
479 18265.0
480 18265.0
481 18265.0
482 18265.0
483 18265.0
484 18265.0
485 18265.0
486 18265.0
487 18265.0
488 18265.0
489 18265.0
490 18265.0
491 18265.0
492 18265.0
493 18265.0
494 18265.0
495 18265.0
496 18265.0
497 18265.0
498 18265.0
499 18265.0
500 18265.0
501 18265.0
502 18265.0
503 18265.0
504 18265.0
505 18265.0
506 18265.0
507 18265.0
508 18265.0
509 18265.0
510 18265.0
511 18265.0
512 18265.0
513 18265.0
514 18265.0
515 18265.0
516 18265.0
517 18265.0
518 18265.0
519 18265.0
520 18265.0
521 18265.0
522 18265.0
523 18265.0
524 18265.0
525 18265.0
526 18265.0
527 18265.0
528 18265.0
529 18265.0
530 18265.0
531 18265.0
532 18265.0
533 18265.0
534 18265.0
535 18265.0
536 18265.0
537 18265.0
538 18265.0
539 18265.0
540 18265.0
541 18265.0
542 18265.0
543 18265.0
544 18265.0
545 18265.0
546 18265.0
547 18265.0
548 18265.0
549 18265.0
550 18265.0
551 18265.0
552 18265.0
553 18265.0
554 18265.0
555 18265.0
556 18265.0
557 18265.0
558 18265.0
559 18265.0
560 18265.0
561 18265.0
562 18265.0
563 18265.0
564 18265.0
565 18265.0
566 18265.0
567 18265.0
568 18265.0
569 18265.0
570 18265.0
571 18265.0
572 18265.0
573 18265.0
574 18265.0
575 18265.0
576 18265.0
577 18265.0
578 18265.0
579 18265.0
580 18265.0
581 18265.0
582 18265.0
583 18265.0
584 18265.0
585 18265.0
586 18265.0
587 18265.0
588 18265.0
589 18265.0
590 18265.0
591 18265.0
592 18265.0
593 18265.0
594 18265.0
595 18265.0
596 18265.0
597 18265.0
598 18265.0
599 18265.0
600 18265.0
601 18265.0
602 18265.0
603 18265.0
604 18265.0
605 18265.0
606 18265.0
607 18265.0
608 18265.0
609 18265.0
610 18265.0
611 18265.0
612 18265.0
613 18265.0
614 18265.0
615 18265.0
616 18265.0
617 18265.0
618 18265.0
619 18265.0
620 18265.0
621 18265.0
622 18265.0
623 18265.0
624 18265.0
625 18265.0
626 18265.0
627 18265.0
628 18265.0
629 18265.0
630 18265.0
631 18265.0
632 18265.0
633 18265.0
634 18265.0
635 18265.0
636 18265.0
637 18265.0
638 18265.0
639 18265.0
640 18265.0
641 18265.0
642 18265.0
643 18265.0
644 18265.0
645 18265.0
646 18265.0
647 18265.0
648 18265.0
649 18265.0
650 18265.0
651 18265.0
652 18265.0
653 18265.0
654 18265.0
655 18265.0
656 18265.0
657 18265.0
658 18265.0
659 18265.0
660 18265.0
661 18265.0
662 18265.0
663 18265.0
664 18265.0
665 18265.0
666 18265.0
667 18265.0
668 18265.0
669 18265.0
670 18265.0
671 18265.0
672 18265.0
673 18265.0
674 18265.0
675 18265.0
676 18265.0
677 18265.0
678 18265.0
679 18265.0
680 18265.0
681 18265.0
682 18265.0
683 18265.0
684 18265.0
685 18265.0
686 18265.0
687 18265.0
688 18265.0
689 18265.0
690 18265.0
691 18265.0
692 18265.0
693 18265.0
694 18265.0
695 18265.0
696 18265.0
697 18265.0
698 18265.0
699 18265.0
700 18265.0
701 18265.0
702 18265.0
703 18265.0
704 18265.0
705 18265.0
706 18265.0
707 18265.0
708 18265.0
709 18265.0
710 18265.0
711 18265.0
712 18265.0
713 18265.0
714 18265.0
715 18265.0
716 18265.0
717 18265.0
718 18265.0
719 18265.0
720 18265.0
721 18265.0
722 18265.0
723 18265.0
724 18265.0
725 18265.0
726 18265.0
727 18265.0
728 18265.0
729 18265.0
730 18265.0
731 18265.0
732 18265.0
733 18265.0
734 18265.0
735 18265.0
736 18265.0
737 18265.0
738 18265.0
739 18265.0
740 18265.0
741 18265.0
742 18265.0
743 18265.0
744 18265.0
745 18265.0
746 18265.0
747 18265.0
748 18265.0
749 18265.0
750 18265.0
751 18265.0
752 18265.0
753 18265.0
754 18265.0
755 18265.0
756 18265.0
757 18265.0
758 18265.0
759 18265.0
760 18265.0
761 18265.0
762 18265.0
763 18265.0
764 18265.0
765 18265.0
766 18265.0
767 18265.0
768 18265.0
769 18265.0
770 18265.0
771 18265.0
772 18265.0
773 18265.0
774 18265.0
775 18265.0
776 18265.0
777 18265.0
778 18265.0
779 18265.0
780 18265.0
781 18265.0
782 18265.0
783 18265.0
784 18265.0
785 18265.0
786 18265.0
787 18265.0
788 18265.0
789 18265.0
790 18265.0
791 18265.0
792 18265.0
793 18265.0
794 18265.0
795 18265.0
796 18265.0
797 18265.0
798 18265.0
799 18265.0
800 18265.0
801 18265.0
802 18265.0
803 18265.0
804 18265.0
805 18265.0
806 18265.0
807 18265.0
808 18265.0
809 18265.0
810 18265.0
811 18265.0
812 18265.0
813 18265.0
814 18265.0
815 18265.0
816 18265.0
817 18265.0
818 18265.0
819 18265.0
820 18265.0
821 18265.0
822 18265.0
823 18265.0
824 18265.0
825 18265.0
826 18265.0
827 18265.0
828 18265.0
829 18265.0
830 18265.0
831 18265.0
832 18265.0
833 18265.0
834 18265.0
835 18265.0
836 18265.0
837 18265.0
838 18265.0
839 18265.0
840 18265.0
841 18265.0
842 18265.0
843 18265.0
844 18265.0
845 18265.0
846 18267.0
847 18267.0
848 18278.0
849 18267.0
850 18265.0
851 18265.0
852 18265.0
853 18265.0
854 18265.0
855 18265.0
856 18278.0
857 18265.0
858 18265.0
859 18265.0
860 18265.0
861 18265.0
862 18265.0
863 18265.0
864 18265.0
865 18265.0
866 18265.0
867 18265.0
868 18265.0
869 18265.0
870 18265.0
871 18265.0
872 18265.0
873 18265.0
874 18265.0
875 18265.0
876 18265.0
877 18265.0
878 18265.0
879 18265.0
880 18265.0
881 18265.0
882 18265.0
883 18265.0
884 18265.0
885 18265.0
886 18265.0
887 18265.0
888 18265.0
889 18265.0
890 18265.0
891 18265.0
892 18265.0
893 18265.0
894 18265.0
895 18265.0
896 18265.0
897 18265.0
898 18265.0
899 18265.0
900 18265.0
901 18265.0
902 18265.0
903 18265.0
904 18265.0
905 18265.0
906 18265.0
907 18265.0
908 18265.0
909 18265.0
910 18265.0
911 18265.0
912 18265.0
913 18265.0
914 18265.0
915 18265.0
916 18265.0
917 18265.0
918 18265.0
919 18265.0
920 18265.0
921 18265.0
922 18265.0
923 18265.0
924 18265.0
925 18265.0
926 18265.0
927 18265.0
928 18265.0
929 18265.0
930 18265.0
931 18265.0
932 18265.0
933 18265.0
934 18265.0
935 18265.0
936 18265.0
937 18265.0
938 18265.0
939 18265.0
940 18265.0
941 18265.0
942 18265.0
943 18265.0
944 18265.0
945 18265.0
946 18265.0
947 18265.0
948 18265.0
949 18265.0
950 18265.0
951 18265.0
952 18265.0
953 18265.0
954 18265.0
955 18265.0
956 18265.0
957 18265.0
958 18265.0
959 18265.0
960 18265.0
961 18265.0
962 18265.0
963 18265.0
964 18265.0
965 18265.0
966 18265.0
967 18265.0
968 18265.0
969 18265.0
970 18265.0
971 18265.0
972 18265.0
973 18265.0
974 18265.0
975 18265.0
976 18265.0
977 18265.0
978 18265.0
979 18265.0
980 18265.0
981 18265.0
982 18265.0
983 18265.0
984 18265.0
985 18265.0
986 18265.0
987 18265.0
988 18265.0
989 18265.0
990 18265.0
991 18265.0
992 18265.0
993 18265.0
994 18265.0
995 18265.0
996 18265.0
997 18265.0
998 18265.0
999 18265.0
1000 18265.0
