0 5631.0
1 6083.0
2 6478.0
3 6854.0
4 8066.0
5 8054.0
6 8232.0
7 8890.0
8 9188.0
9 9458.0
10 9717.0
11 10528.0
12 11063.0
13 11063.0
14 11300.0
15 11840.0
16 12465.0
17 12465.0
18 13008.0
19 13165.0
20 13071.0
21 13412.0
22 13412.0
23 13412.0
24 13534.0
25 14239.0
26 14544.0
27 14106.0
28 14480.0
29 14723.0
30 15146.0
31 14654.0
32 14884.0
33 14884.0
34 15232.0
35 15232.0
36 15232.0
37 15295.0
38 15467.0
39 15525.0
40 15705.0
41 15553.0
42 15553.0
43 15622.0
44 15661.0
45 15661.0
46 15888.0
47 16002.0
48 16002.0
49 16002.0
50 16002.0
51 16229.0
52 15789.0
53 15963.0
54 16017.0
55 16025.0
56 16332.0
57 16340.0
58 16309.0
59 16169.0
60 16256.0
61 16294.0
62 16690.0
63 16690.0
64 16690.0
65 16559.0
66 16801.0
67 16624.0
68 16899.0
69 16899.0
70 16899.0
71 16987.0
72 17008.0
73 17080.0
74 17021.0
75 17316.0
76 17184.0
77 17293.0
78 17293.0
79 17395.0
80 17395.0
81 17420.0
82 17420.0
83 17741.0
84 17611.0
85 17611.0
86 17612.0
87 17699.0
88 17648.0
89 17806.0
90 17832.0
91 17849.0
92 17858.0
93 17934.0
94 18050.0
95 17993.0
96 18060.0
97 18089.0
98 18116.0
99 18119.0
100 18115.0
101 18132.0
102 18132.0
103 18133.0
104 18133.0
105 18133.0
106 18128.0
107 18128.0
108 18129.0
109 18132.0
110 18132.0
111 18132.0
112 18132.0
113 18145.0
114 18145.0
115 18145.0
116 18145.0
117 18145.0
118 18145.0
119 18145.0
120 18145.0
121 18145.0
122 18145.0
123 18145.0
124 18222.0
125 18242.0
126 18242.0
127 18242.0
128 18145.0
129 18145.0
130 18145.0
131 18145.0
132 18145.0
133 18145.0
134 18145.0
135 18145.0
136 18145.0
137 18145.0
138 18145.0
139 18145.0
140 18145.0
141 18145.0
142 18145.0
143 18145.0
144 18145.0
145 18145.0
146 18145.0
147 18145.0
148 18145.0
149 18145.0
150 18145.0
151 18145.0
152 18145.0
153 18145.0
154 18145.0
155 18145.0
156 18145.0
157 18145.0
158 18145.0
159 18145.0
160 18145.0
161 18145.0
162 18145.0
163 18145.0
164 18145.0
165 18145.0
166 18145.0
167 18145.0
168 18145.0
169 18145.0
170 18145.0
171 18145.0
172 18145.0
173 18145.0
174 18145.0
175 18145.0
176 18145.0
177 18145.0
178 18145.0
179 18145.0
180 18145.0
181 18145.0
182 18145.0
183 18145.0
184 18145.0
185 18145.0
186 18145.0
187 18145.0
188 18145.0
189 18145.0
190 18145.0
191 18145.0
192 18145.0
193 18145.0
194 18145.0
195 18145.0
196 18145.0
197 18145.0
198 18145.0
199 18145.0
200 18145.0
201 18145.0
202 18145.0
203 18145.0
204 18145.0
205 18145.0
206 18145.0
207 18145.0
208 18145.0
209 18145.0
210 18145.0
211 18145.0
212 18145.0
213 18145.0
214 18145.0
215 18145.0
216 18145.0
217 18145.0
218 18145.0
219 18145.0
220 18145.0
221 18145.0
222 18145.0
223 18145.0
224 18145.0
225 18145.0
226 18145.0
227 18145.0
228 18145.0
229 18145.0
230 18145.0
231 18145.0
232 18145.0
233 18145.0
234 18145.0
235 18145.0
236 18145.0
237 18145.0
238 18145.0
239 18145.0
240 18145.0
241 18145.0
242 18145.0
243 18145.0
244 18145.0
245 18145.0
246 18145.0
247 18145.0
248 18145.0
249 18145.0
250 18145.0
251 18145.0
252 18145.0
253 18145.0
254 18145.0
255 18145.0
256 18145.0
257 18145.0
258 18145.0
259 18145.0
260 18145.0
261 18145.0
262 18145.0
263 18145.0
264 18145.0
265 18145.0
266 18145.0
267 18145.0
268 18145.0
269 18145.0
270 18145.0
271 18145.0
272 18145.0
273 18145.0
274 18145.0
275 18145.0
276 18145.0
277 18145.0
278 18145.0
279 18145.0
280 18145.0
281 18145.0
282 18145.0
283 18145.0
284 18145.0
285 18145.0
286 18145.0
287 18145.0
288 18145.0
289 18145.0
290 18145.0
291 18145.0
292 18145.0
293 18145.0
294 18145.0
295 18145.0
296 18145.0
297 18145.0
298 18145.0
299 18145.0
300 18145.0
301 18145.0
302 18145.0
303 18145.0
304 18145.0
305 18145.0
306 18145.0
307 18145.0
308 18145.0
309 18145.0
310 18145.0
311 18145.0
312 18145.0
313 18145.0
314 18145.0
315 18145.0
316 18145.0
317 18145.0
318 18145.0
319 18145.0
320 18145.0
321 18145.0
322 18145.0
323 18145.0
324 18145.0
325 18145.0
326 18145.0
327 18145.0
328 18145.0
329 18145.0
330 18145.0
331 18145.0
332 18145.0
333 18145.0
334 18145.0
335 18145.0
336 18145.0
337 18145.0
338 18145.0
339 18145.0
340 18145.0
341 18145.0
342 18145.0
343 18145.0
344 18145.0
345 18145.0
346 18145.0
347 18145.0
348 18145.0
349 18145.0
350 18145.0
351 18145.0
352 18208.0
353 18145.0
354 18145.0
355 18145.0
356 18145.0
357 18145.0
358 18145.0
359 18145.0
360 18145.0
361 18145.0
362 18145.0
363 18145.0
364 18145.0
365 18145.0
366 18145.0
367 18145.0
368 18145.0
369 18145.0
370 18145.0
371 18145.0
372 18145.0
373 18145.0
374 18145.0
375 18145.0
376 18145.0
377 18145.0
378 18145.0
379 18145.0
380 18145.0
381 18145.0
382 18145.0
383 18145.0
384 18145.0
385 18145.0
386 18145.0
387 18145.0
388 18186.0
389 18248.0
390 18248.0
391 18271.0
392 18271.0
393 18145.0
394 18145.0
395 18145.0
396 18145.0
397 18145.0
398 18145.0
399 18145.0
400 18145.0
401 18145.0
402 18145.0
403 18145.0
404 18145.0
405 18145.0
406 18145.0
407 18145.0
408 18145.0
409 18145.0
410 18145.0
411 18145.0
412 18145.0
413 18145.0
414 18145.0
415 18145.0
416 18145.0
417 18145.0
418 18145.0
419 18145.0
420 18145.0
421 18145.0
422 18145.0
423 18145.0
424 18145.0
425 18145.0
426 18145.0
427 18145.0
428 18145.0
429 18145.0
430 18145.0
431 18145.0
432 18145.0
433 18145.0
434 18145.0
435 18145.0
436 18145.0
437 18145.0
438 18145.0
439 18145.0
440 18145.0
441 18145.0
442 18145.0
443 18145.0
444 18145.0
445 18145.0
446 18145.0
447 18145.0
448 18145.0
449 18145.0
450 18145.0
451 18145.0
452 18145.0
453 18145.0
454 18145.0
455 18145.0
456 18145.0
457 18145.0
458 18145.0
459 18145.0
460 18145.0
461 18145.0
462 18145.0
463 18145.0
464 18145.0
465 18145.0
466 18145.0
467 18145.0
468 18145.0
469 18145.0
470 18145.0
471 18145.0
472 18145.0
473 18145.0
474 18145.0
475 18145.0
476 18145.0
477 18145.0
478 18145.0
479 18145.0
480 18145.0
481 18145.0
482 18145.0
483 18145.0
484 18145.0
485 18145.0
486 18145.0
487 18145.0
488 18145.0
489 18145.0
490 18145.0
491 18145.0
492 18145.0
493 18145.0
494 18145.0
495 18145.0
496 18145.0
497 18145.0
498 18145.0
499 18145.0
500 18145.0
501 18145.0
502 18145.0
503 18145.0
504 18145.0
505 18145.0
506 18145.0
507 18145.0
508 18145.0
509 18145.0
510 18145.0
511 18145.0
512 18145.0
513 18145.0
514 18145.0
515 18145.0
516 18145.0
517 18145.0
518 18145.0
519 18145.0
520 18145.0
521 18145.0
522 18145.0
523 18145.0
524 18145.0
525 18145.0
526 18145.0
527 18145.0
528 18145.0
529 18145.0
530 18145.0
531 18145.0
532 18145.0
533 18145.0
534 18145.0
535 18145.0
536 18145.0
537 18145.0
538 18145.0
539 18145.0
540 18145.0
541 18145.0
542 18145.0
543 18145.0
544 18145.0
545 18145.0
546 18145.0
547 18145.0
548 18145.0
549 18145.0
550 18145.0
551 18145.0
552 18145.0
553 18145.0
554 18145.0
555 18145.0
556 18145.0
557 18145.0
558 18145.0
559 18145.0
560 18260.0
561 18271.0
562 18271.0
563 18271.0
564 18271.0
565 18271.0
566 18271.0
567 18271.0
568 18271.0
569 18271.0
570 18271.0
571 18271.0
572 18271.0
573 18271.0
574 18188.0
575 18188.0
576 18197.0
577 18197.0
578 18197.0
579 18197.0
580 18197.0
581 18197.0
582 18197.0
583 18197.0
584 18197.0
585 18197.0
586 18197.0
587 18197.0
588 18197.0
589 18197.0
590 18310.0
591 18310.0
592 18310.0
593 18310.0
594 18197.0
595 18197.0
596 18197.0
597 18197.0
598 18197.0
599 18197.0
600 18197.0
601 18197.0
602 18197.0
603 18197.0
604 18197.0
605 18197.0
606 18197.0
607 18197.0
608 18197.0
609 18197.0
610 18197.0
611 18197.0
612 18197.0
613 18197.0
614 18252.0
615 18252.0
616 18197.0
617 18197.0
618 18197.0
619 18197.0
620 18197.0
621 18197.0
622 18197.0
623 18197.0
624 18197.0
625 18197.0
626 18197.0
627 18197.0
628 18197.0
629 18197.0
630 18197.0
631 18197.0
632 18197.0
633 18197.0
634 18197.0
635 18197.0
636 18197.0
637 18197.0
638 18197.0
639 18197.0
640 18197.0
641 18197.0
642 18197.0
643 18197.0
644 18197.0
645 18197.0
646 18197.0
647 18197.0
648 18197.0
649 18197.0
650 18197.0
651 18197.0
652 18197.0
653 18197.0
654 18197.0
655 18197.0
656 18197.0
657 18197.0
658 18197.0
659 18197.0
660 18197.0
661 18197.0
662 18197.0
663 18197.0
664 18197.0
665 18197.0
666 18197.0
667 18197.0
668 18197.0
669 18197.0
670 18197.0
671 18197.0
672 18197.0
673 18197.0
674 18197.0
675 18197.0
676 18197.0
677 18197.0
678 18197.0
679 18197.0
680 18197.0
681 18197.0
682 18197.0
683 18197.0
684 18197.0
685 18197.0
686 18197.0
687 18197.0
688 18197.0
689 18197.0
690 18197.0
691 18197.0
692 18197.0
693 18197.0
694 18197.0
695 18197.0
696 18197.0
697 18197.0
698 18197.0
699 18197.0
700 18197.0
701 18197.0
702 18197.0
703 18197.0
704 18197.0
705 18197.0
706 18197.0
707 18197.0
708 18197.0
709 18197.0
710 18197.0
711 18197.0
712 18197.0
713 18197.0
714 18197.0
715 18197.0
716 18197.0
717 18197.0
718 18197.0
719 18197.0
720 18197.0
721 18197.0
722 18197.0
723 18197.0
724 18197.0
725 18197.0
726 18197.0
727 18197.0
728 18197.0
729 18197.0
730 18197.0
731 18197.0
732 18197.0
733 18197.0
734 18197.0
735 18197.0
736 18197.0
737 18197.0
738 18197.0
739 18197.0
740 18197.0
741 18197.0
742 18197.0
743 18197.0
744 18197.0
745 18197.0
746 18197.0
747 18197.0
748 18197.0
749 18197.0
750 18197.0
751 18197.0
752 18197.0
753 18197.0
754 18197.0
755 18197.0
756 18197.0
757 18197.0
758 18197.0
759 18197.0
760 18197.0
761 18197.0
762 18197.0
763 18197.0
764 18197.0
765 18197.0
766 18197.0
767 18197.0
768 18197.0
769 18197.0
770 18197.0
771 18197.0
772 18197.0
773 18197.0
774 18197.0
775 18197.0
776 18197.0
777 18197.0
778 18197.0
779 18197.0
780 18197.0
781 18197.0
782 18197.0
783 18197.0
784 18197.0
785 18197.0
786 18197.0
787 18197.0
788 18197.0
789 18197.0
790 18197.0
791 18197.0
792 18197.0
793 18197.0
794 18197.0
795 18197.0
796 18197.0
797 18197.0
798 18197.0
799 18197.0
800 18197.0
801 18197.0
802 18197.0
803 18197.0
804 18197.0
805 18197.0
806 18197.0
807 18197.0
808 18197.0
809 18197.0
810 18197.0
811 18197.0
812 18197.0
813 18197.0
814 18197.0
815 18197.0
816 18197.0
817 18197.0
818 18197.0
819 18197.0
820 18197.0
821 18197.0
822 18197.0
823 18197.0
824 18197.0
825 18197.0
826 18197.0
827 18197.0
828 18197.0
829 18197.0
830 18197.0
831 18197.0
832 18197.0
833 18197.0
834 18197.0
835 18197.0
836 18197.0
837 18197.0
838 18197.0
839 18197.0
840 18197.0
841 18197.0
842 18197.0
843 18197.0
844 18197.0
845 18197.0
846 18197.0
847 18197.0
848 18197.0
849 18197.0
850 18197.0
851 18197.0
852 18197.0
853 18197.0
854 18197.0
855 18197.0
856 18197.0
857 18197.0
858 18197.0
859 18197.0
860 18197.0
861 18197.0
862 18197.0
863 18197.0
864 18197.0
865 18197.0
866 18197.0
867 18197.0
868 18197.0
869 18197.0
870 18197.0
871 18197.0
872 18197.0
873 18197.0
874 18197.0
875 18197.0
876 18197.0
877 18197.0
878 18197.0
879 18197.0
880 18197.0
881 18197.0
882 18197.0
883 18197.0
884 18197.0
885 18197.0
886 18197.0
887 18197.0
888 18197.0
889 18197.0
890 18197.0
891 18197.0
892 18197.0
893 18197.0
894 18197.0
895 18197.0
896 18197.0
897 18197.0
898 18197.0
899 18197.0
900 18197.0
901 18197.0
902 18197.0
903 18197.0
904 18197.0
905 18197.0
906 18197.0
907 18197.0
908 18197.0
909 18197.0
910 18197.0
911 18197.0
912 18197.0
913 18197.0
914 18197.0
915 18197.0
916 18197.0
917 18197.0
918 18197.0
919 18197.0
920 18197.0
921 18197.0
922 18197.0
923 18197.0
924 18197.0
925 18197.0
926 18197.0
927 18197.0
928 18197.0
929 18197.0
930 18197.0
931 18197.0
932 18197.0
933 18197.0
934 18197.0
935 18197.0
936 18197.0
937 18197.0
938 18197.0
939 18197.0
940 18197.0
941 18197.0
942 18197.0
943 18197.0
944 18197.0
945 18197.0
946 18197.0
947 18197.0
948 18197.0
949 18197.0
950 18197.0
951 18197.0
952 18197.0
953 18197.0
954 18197.0
955 18197.0
956 18197.0
957 18197.0
958 18197.0
959 18197.0
960 18243.0
961 18197.0
962 18197.0
963 18197.0
964 18197.0
965 18197.0
966 18197.0
967 18197.0
968 18197.0
969 18197.0
970 18197.0
971 18197.0
972 18197.0
973 18197.0
974 18197.0
975 18197.0
976 18197.0
977 18197.0
978 18197.0
979 18197.0
980 18197.0
981 18197.0
982 18197.0
983 18197.0
984 18197.0
985 18197.0
986 18197.0
987 18197.0
988 18197.0
989 18197.0
990 18197.0
991 18197.0
992 18197.0
993 18197.0
994 18197.0
995 18197.0
996 18197.0
997 18197.0
998 18197.0
999 18197.0
1000 18197.0
