0 5799.0
1 6086.0
2 7037.0
3 6919.0
4 7684.0
5 7917.0
6 7962.0
7 9114.0
8 9535.0
9 10070.0
10 10214.0
11 10351.0
12 11023.0
13 11401.0
14 11468.0
15 11261.0
16 12079.0
17 12079.0
18 12225.0
19 12666.0
20 13210.0
21 13273.0
22 13602.0
23 13647.0
24 13970.0
25 13983.0
26 14262.0
27 14857.0
28 15142.0
29 15142.0
30 15142.0
31 15142.0
32 15142.0
33 15142.0
34 15142.0
35 15008.0
36 14901.0
37 15193.0
38 15404.0
39 15314.0
40 15436.0
41 15494.0
42 15514.0
43 15530.0
44 15888.0
45 15767.0
46 15829.0
47 15829.0
48 15860.0
49 16037.0
50 16324.0
51 16324.0
52 16670.0
53 16670.0
54 16670.0
55 16543.0
56 16292.0
57 16589.0
58 16637.0
59 16528.0
60 16693.0
61 16626.0
62 16770.0
63 16839.0
64 16966.0
65 17008.0
66 17008.0
67 16844.0
68 16771.0
69 16909.0
70 17015.0
71 17047.0
72 17047.0
73 17208.0
74 17400.0
75 17400.0
76 17400.0
77 17359.0
78 17519.0
79 17335.0
80 17324.0
81 17673.0
82 17694.0
83 17694.0
84 17694.0
85 17544.0
86 17544.0
87 17752.0
88 17745.0
89 17745.0
90 17619.0
91 17781.0
92 17781.0
93 17781.0
94 17770.0
95 17770.0
96 17934.0
97 17934.0
98 17934.0
99 17934.0
100 17874.0
101 17927.0
102 17975.0
103 18035.0
104 18045.0
105 18045.0
106 18017.0
107 18045.0
108 18027.0
109 18019.0
110 18082.0
111 18151.0
112 18151.0
113 18109.0
114 18227.0
115 18235.0
116 18254.0
117 18187.0
118 18248.0
119 18248.0
120 18222.0
121 18222.0
122 18222.0
123 18222.0
124 18195.0
125 18208.0
126 18214.0
127 18242.0
128 18214.0
129 18217.0
130 18230.0
131 18230.0
132 18217.0
133 18230.0
134 18230.0
135 18230.0
136 18230.0
137 18230.0
138 18230.0
139 18230.0
140 18230.0
141 18230.0
142 18230.0
143 18230.0
144 18230.0
145 18230.0
146 18230.0
147 18230.0
148 18230.0
149 18230.0
150 18230.0
151 18230.0
152 18230.0
153 18230.0
154 18230.0
155 18230.0
156 18230.0
157 18230.0
158 18230.0
159 18230.0
160 18230.0
161 18230.0
162 18278.0
163 18282.0
164 18282.0
165 18282.0
166 18282.0
167 18282.0
168 18282.0
169 18282.0
170 18282.0
171 18282.0
172 18282.0
173 18282.0
174 18282.0
175 18282.0
176 18282.0
177 18282.0
178 18282.0
179 18282.0
180 18282.0
181 18282.0
182 18282.0
183 18282.0
184 18282.0
185 18282.0
186 18282.0
187 18282.0
188 18282.0
189 18282.0
190 18282.0
191 18282.0
192 18282.0
193 18282.0
194 18282.0
195 18282.0
196 18282.0
197 18282.0
198 18282.0
199 18282.0
200 18282.0
201 18282.0
202 18282.0
203 18282.0
204 18282.0
205 18282.0
206 18282.0
207 18282.0
208 18282.0
209 18282.0
210 18282.0
211 18282.0
212 18282.0
213 18282.0
214 18282.0
215 18282.0
216 18282.0
217 18282.0
218 18282.0
219 18282.0
220 18282.0
221 18282.0
222 18282.0
223 18282.0
224 18282.0
225 18282.0
226 18282.0
227 18282.0
228 18282.0
229 18282.0
230 18282.0
231 18282.0
232 18282.0
233 18282.0
234 18282.0
235 18282.0
236 18282.0
237 18282.0
238 18282.0
239 18282.0
240 18282.0
241 18282.0
242 18282.0
243 18282.0
244 18282.0
245 18282.0
246 18282.0
247 18282.0
248 18282.0
249 18282.0
250 18282.0
251 18282.0
252 18282.0
253 18282.0
254 18282.0
255 18282.0
256 18282.0
257 18282.0
258 18282.0
259 18282.0
260 18282.0
261 18282.0
262 18282.0
263 18282.0
264 18282.0
265 18282.0
266 18282.0
267 18282.0
268 18282.0
269 18282.0
270 18282.0
271 18282.0
272 18282.0
273 18282.0
274 18282.0
275 18282.0
276 18282.0
277 18282.0
278 18282.0
279 18282.0
280 18282.0
281 18282.0
282 18282.0
283 18282.0
284 18282.0
285 18282.0
286 18282.0
287 18282.0
288 18282.0
289 18282.0
290 18282.0
291 18282.0
292 18282.0
293 18282.0
294 18282.0
295 18282.0
296 18282.0
297 18282.0
298 18282.0
299 18282.0
300 18282.0
301 18282.0
302 18282.0
303 18282.0
304 18282.0
305 18282.0
306 18282.0
307 18282.0
308 18282.0
309 18282.0
310 18282.0
311 18282.0
312 18282.0
313 18282.0
314 18282.0
315 18282.0
316 18282.0
317 18282.0
318 18282.0
319 18282.0
320 18282.0
321 18282.0
322 18282.0
323 18282.0
324 18282.0
325 18282.0
326 18282.0
327 18282.0
328 18282.0
329 18282.0
330 18282.0
331 18282.0
332 18282.0
333 18282.0
334 18282.0
335 18282.0
336 18282.0
337 18282.0
338 18282.0
339 18282.0
340 18282.0
341 18282.0
342 18282.0
343 18282.0
344 18282.0
345 18282.0
346 18282.0
347 18282.0
348 18282.0
349 18282.0
350 18282.0
351 18282.0
352 18282.0
353 18282.0
354 18282.0
355 18282.0
356 18282.0
357 18282.0
358 18282.0
359 18282.0
360 18282.0
361 18282.0
362 18282.0
363 18282.0
364 18282.0
365 18282.0
366 18282.0
367 18282.0
368 18282.0
369 18282.0
370 18282.0
371 18282.0
372 18282.0
373 18282.0
374 18282.0
375 18282.0
376 18282.0
377 18282.0
378 18282.0
379 18282.0
380 18282.0
381 18282.0
382 18282.0
383 18282.0
384 18282.0
385 18282.0
386 18282.0
387 18282.0
388 18282.0
389 18282.0
390 18282.0
391 18282.0
392 18282.0
393 18282.0
394 18282.0
395 18282.0
396 18282.0
397 18282.0
398 18282.0
399 18282.0
400 18282.0
401 18282.0
402 18282.0
403 18282.0
404 18282.0
405 18282.0
406 18282.0
407 18282.0
408 18282.0
409 18282.0
410 18282.0
411 18282.0
412 18282.0
413 18282.0
414 18282.0
415 18282.0
416 18282.0
417 18282.0
418 18282.0
419 18282.0
420 18282.0
421 18282.0
422 18282.0
423 18282.0
424 18282.0
425 18282.0
426 18282.0
427 18282.0
428 18282.0
429 18282.0
430 18282.0
431 18282.0
432 18282.0
433 18282.0
434 18282.0
435 18282.0
436 18282.0
437 18282.0
438 18282.0
439 18282.0
440 18282.0
441 18282.0
442 18282.0
443 18282.0
444 18282.0
445 18282.0
446 18282.0
447 18282.0
448 18282.0
449 18282.0
450 18282.0
451 18282.0
452 18282.0
453 18282.0
454 18282.0
455 18282.0
456 18282.0
457 18282.0
458 18282.0
459 18282.0
460 18282.0
461 18282.0
462 18282.0
463 18282.0
464 18282.0
465 18282.0
466 18282.0
467 18282.0
468 18282.0
469 18282.0
470 18282.0
471 18282.0
472 18282.0
473 18282.0
474 18282.0
475 18282.0
476 18282.0
477 18282.0
478 18282.0
479 18282.0
480 18282.0
481 18282.0
482 18282.0
483 18282.0
484 18282.0
485 18282.0
486 18282.0
487 18282.0
488 18282.0
489 18282.0
490 18282.0
491 18282.0
492 18282.0
493 18282.0
494 18282.0
495 18282.0
496 18282.0
497 18282.0
498 18282.0
499 18282.0
500 18282.0
501 18282.0
502 18282.0
503 18282.0
504 18282.0
505 18282.0
506 18282.0
507 18282.0
508 18282.0
509 18282.0
510 18282.0
511 18282.0
512 18282.0
513 18282.0
514 18282.0
515 18282.0
516 18282.0
517 18282.0
518 18282.0
519 18282.0
520 18282.0
521 18282.0
522 18282.0
523 18282.0
524 18282.0
525 18282.0
526 18282.0
527 18282.0
528 18282.0
529 18282.0
530 18282.0
531 18282.0
532 18282.0
533 18282.0
534 18282.0
535 18282.0
536 18282.0
537 18282.0
538 18282.0
539 18282.0
540 18282.0
541 18282.0
542 18282.0
543 18282.0
544 18282.0
545 18282.0
546 18282.0
547 18282.0
548 18282.0
549 18282.0
550 18282.0
551 18282.0
552 18282.0
553 18282.0
554 18282.0
555 18282.0
556 18282.0
557 18282.0
558 18282.0
559 18282.0
560 18282.0
561 18282.0
562 18282.0
563 18282.0
564 18282.0
565 18282.0
566 18282.0
567 18282.0
568 18282.0
569 18282.0
570 18282.0
571 18282.0
572 18282.0
573 18282.0
574 18282.0
575 18282.0
576 18282.0
577 18282.0
578 18282.0
579 18282.0
580 18282.0
581 18282.0
582 18282.0
583 18282.0
584 18282.0
585 18282.0
586 18282.0
587 18282.0
588 18282.0
589 18282.0
590 18282.0
591 18282.0
592 18282.0
593 18282.0
594 18282.0
595 18282.0
596 18282.0
597 18282.0
598 18282.0
599 18282.0
600 18282.0
601 18282.0
602 18282.0
603 18282.0
604 18282.0
605 18282.0
606 18282.0
607 18282.0
608 18282.0
609 18282.0
610 18282.0
611 18282.0
612 18282.0
613 18282.0
614 18282.0
615 18282.0
616 18282.0
617 18282.0
618 18282.0
619 18282.0
620 18282.0
621 18282.0
622 18282.0
623 18282.0
624 18282.0
625 18282.0
626 18282.0
627 18282.0
628 18282.0
629 18282.0
630 18282.0
631 18282.0
632 18282.0
633 18282.0
634 18282.0
635 18282.0
636 18282.0
637 18282.0
638 18282.0
639 18282.0
640 18282.0
641 18282.0
642 18282.0
643 18282.0
644 18282.0
645 18282.0
646 18282.0
647 18282.0
648 18282.0
649 18282.0
650 18282.0
651 18282.0
652 18282.0
653 18282.0
654 18282.0
655 18282.0
656 18282.0
657 18282.0
658 18282.0
659 18282.0
660 18282.0
661 18282.0
662 18282.0
663 18282.0
664 18282.0
665 18282.0
666 18282.0
667 18282.0
668 18282.0
669 18282.0
670 18282.0
671 18282.0
672 18282.0
673 18282.0
674 18282.0
675 18282.0
676 18282.0
677 18282.0
678 18282.0
679 18282.0
680 18282.0
681 18282.0
682 18282.0
683 18282.0
684 18282.0
685 18282.0
686 18282.0
687 18282.0
688 18282.0
689 18282.0
690 18282.0
691 18282.0
692 18282.0
693 18282.0
694 18282.0
695 18282.0
696 18282.0
697 18282.0
698 18282.0
699 18282.0
700 18282.0
701 18282.0
702 18282.0
703 18282.0
704 18282.0
705 18282.0
706 18282.0
707 18282.0
708 18282.0
709 18282.0
710 18282.0
711 18282.0
712 18282.0
713 18282.0
714 18282.0
715 18282.0
716 18282.0
717 18282.0
718 18282.0
719 18282.0
720 18282.0
721 18282.0
722 18282.0
723 18282.0
724 18282.0
725 18282.0
726 18282.0
727 18282.0
728 18282.0
729 18282.0
730 18282.0
731 18282.0
732 18282.0
733 18282.0
734 18282.0
735 18282.0
736 18282.0
737 18282.0
738 18282.0
739 18282.0
740 18282.0
741 18282.0
742 18282.0
743 18282.0
744 18282.0
745 18282.0
746 18282.0
747 18282.0
748 18282.0
749 18282.0
750 18282.0
751 18282.0
752 18282.0
753 18282.0
754 18282.0
755 18282.0
756 18282.0
757 18282.0
758 18282.0
759 18282.0
760 18282.0
761 18282.0
762 18282.0
763 18282.0
764 18282.0
765 18282.0
766 18282.0
767 18282.0
768 18282.0
769 18282.0
770 18282.0
771 18282.0
772 18282.0
773 18282.0
774 18282.0
775 18282.0
776 18282.0
777 18282.0
778 18282.0
779 18282.0
780 18282.0
781 18282.0
782 18282.0
783 18282.0
784 18282.0
785 18282.0
786 18282.0
787 18282.0
788 18282.0
789 18282.0
790 18282.0
791 18282.0
792 18282.0
793 18282.0
794 18282.0
795 18282.0
796 18282.0
797 18282.0
798 18282.0
799 18282.0
800 18282.0
801 18282.0
802 18282.0
803 18282.0
804 18282.0
805 18282.0
806 18282.0
807 18282.0
808 18282.0
809 18282.0
810 18282.0
811 18282.0
812 18282.0
813 18282.0
814 18282.0
815 18282.0
816 18282.0
817 18282.0
818 18282.0
819 18282.0
820 18282.0
821 18282.0
822 18282.0
823 18282.0
824 18282.0
825 18282.0
826 18282.0
827 18282.0
828 18282.0
829 18282.0
830 18282.0
831 18282.0
832 18282.0
833 18282.0
834 18282.0
835 18282.0
836 18282.0
837 18282.0
838 18282.0
839 18282.0
840 18282.0
841 18282.0
842 18282.0
843 18282.0
844 18282.0
845 18282.0
846 18282.0
847 18282.0
848 18282.0
849 18282.0
850 18282.0
851 18282.0
852 18282.0
853 18282.0
854 18282.0
855 18282.0
856 18282.0
857 18282.0
858 18282.0
859 18282.0
860 18282.0
861 18282.0
862 18282.0
863 18282.0
864 18282.0
865 18282.0
866 18282.0
867 18282.0
868 18282.0
869 18282.0
870 18282.0
871 18282.0
872 18282.0
873 18282.0
874 18282.0
875 18282.0
876 18282.0
877 18282.0
878 18282.0
879 18282.0
880 18282.0
881 18282.0
882 18282.0
883 18282.0
884 18282.0
885 18282.0
886 18282.0
887 18282.0
888 18282.0
889 18282.0
890 18282.0
891 18282.0
892 18282.0
893 18282.0
894 18282.0
895 18282.0
896 18282.0
897 18282.0
898 18282.0
899 18282.0
900 18282.0
901 18282.0
902 18282.0
903 18282.0
904 18282.0
905 18282.0
906 18282.0
907 18282.0
908 18282.0
909 18282.0
910 18282.0
911 18282.0
912 18282.0
913 18282.0
914 18282.0
915 18282.0
916 18282.0
917 18282.0
918 18282.0
919 18282.0
920 18282.0
921 18282.0
922 18282.0
923 18282.0
924 18282.0
925 18282.0
926 18282.0
927 18282.0
928 18282.0
929 18282.0
930 18282.0
931 18282.0
932 18282.0
933 18282.0
934 18282.0
935 18282.0
936 18282.0
937 18282.0
938 18282.0
939 18282.0
940 18282.0
941 18282.0
942 18282.0
943 18282.0
944 18282.0
945 18282.0
946 18282.0
947 18282.0
948 18282.0
949 18282.0
950 18282.0
951 18282.0
952 18282.0
953 18282.0
954 18282.0
955 18282.0
956 18282.0
957 18282.0
958 18282.0
959 18282.0
960 18282.0
961 18282.0
962 18282.0
963 18282.0
964 18282.0
965 18282.0
966 18282.0
967 18282.0
968 18282.0
969 18282.0
970 18282.0
971 18282.0
972 18282.0
973 18282.0
974 18282.0
975 18282.0
976 18282.0
977 18282.0
978 18282.0
979 18282.0
980 18282.0
981 18282.0
982 18282.0
983 18282.0
984 18282.0
985 18282.0
986 18282.0
987 18282.0
988 18282.0
989 18282.0
990 18282.0
991 18282.0
992 18282.0
993 18282.0
994 18282.0
995 18282.0
996 18282.0
997 18282.0
998 18282.0
999 18282.0
1000 18282.0
