0	5767.0	1945.0
1	5793.0	2608.0
2	5814.0	2863.0
3	6040.0	3087.0
4	6114.0	3136.0
5	6212.0	3343.0
6	6212.0	3343.0
7	6212.0	3343.0
8	6212.0	3389.0
9	6212.0	3389.0
10	6212.0	3661.0
11	6212.0	3661.0
12	6212.0	3725.0
13	6212.0	3725.0
14	6212.0	3725.0
15	6212.0	3725.0
16	6212.0	3725.0
17	6212.0	3725.0
18	6212.0	3725.0
19	6212.0	3725.0
20	6212.0	3907.0
21	6212.0	3752.0
22	6212.0	3752.0
23	6212.0	3752.0
24	6212.0	3752.0
25	6212.0	3752.0
26	6212.0	3752.0
27	6212.0	4134.0
28	6212.0	4134.0
29	6212.0	4134.0
30	6212.0	4134.0
31	6212.0	4134.0
32	6212.0	4134.0
33	6212.0	4177.0
34	6212.0	4177.0
35	6212.0	4177.0
36	6212.0	4177.0
37	6212.0	4177.0
38	6212.0	4177.0
39	6212.0	4177.0
40	6212.0	4340.0
41	6212.0	4208.0
42	6212.0	4208.0
43	6212.0	4208.0
44	6212.0	4208.0
45	6212.0	4208.0
46	6212.0	4208.0
47	6212.0	4208.0
48	6212.0	4208.0
49	6212.0	4208.0
50	6212.0	4208.0
51	6212.0	4208.0
52	6212.0	4208.0
53	6212.0	4208.0
54	6212.0	4208.0
55	6212.0	4208.0
56	6653.0	4208.0
57	6653.0	4208.0
58	6653.0	4208.0
59	6653.0	4208.0
60	6653.0	4471.0
61	6653.0	4208.0
62	6653.0	4208.0
63	6653.0	4208.0
64	6653.0	4208.0
65	6653.0	4208.0
66	6653.0	4208.0
67	6653.0	4208.0
68	6653.0	4232.0
69	6653.0	4232.0
70	6653.0	4262.0
71	6653.0	4262.0
72	6653.0	4262.0
73	6653.0	4262.0
74	6653.0	4262.0
75	6653.0	4262.0
76	6653.0	4262.0
77	6653.0	4262.0
78	6653.0	4262.0
79	6653.0	4262.0
80	6653.0	4578.0
81	6653.0	4429.0
82	6653.0	4459.0
83	6653.0	4459.0
84	6653.0	4459.0
85	6653.0	4459.0
86	6653.0	4459.0
87	6653.0	4459.0
88	6653.0	4459.0
89	6653.0	4459.0
90	6653.0	4482.0
91	6653.0	4482.0
92	6653.0	4482.0
93	6653.0	4482.0
94	6653.0	4482.0
95	6653.0	4482.0
96	6653.0	4482.0
97	6653.0	4482.0
98	6653.0	4482.0
99	6653.0	4482.0
100	6653.0	4578.0
101	6653.0	4482.0
102	6653.0	4482.0
103	6653.0	4482.0
104	6653.0	4578.0
105	6653.0	4578.0
106	6653.0	4578.0
107	6653.0	4578.0
108	6653.0	4578.0
109	6653.0	4578.0
110	6653.0	4578.0
111	6653.0	4586.0
112	6653.0	4586.0
113	6653.0	4586.0
114	6653.0	4586.0
115	6653.0	4586.0
116	6653.0	4586.0
117	6653.0	4586.0
118	6653.0	4586.0
119	6653.0	4586.0
120	6653.0	4610.0
121	6653.0	4586.0
122	6653.0	4586.0
123	6653.0	4586.0
124	6653.0	4586.0
125	6653.0	4586.0
126	6653.0	4586.0
127	6653.0	4586.0
128	6653.0	4586.0
129	6653.0	4586.0
130	6653.0	4586.0
131	6653.0	4586.0
132	6653.0	4586.0
133	6653.0	4586.0
134	6653.0	4586.0
135	6653.0	4630.0
136	6653.0	4630.0
137	6653.0	4630.0
138	6653.0	4630.0
139	6653.0	4646.0
140	6653.0	4665.0
141	6653.0	4665.0
142	6653.0	4665.0
143	6653.0	4665.0
144	6653.0	4665.0
145	6653.0	4665.0
146	6653.0	4665.0
147	6653.0	4665.0
148	6653.0	4665.0
149	6653.0	4670.0
150	6653.0	4670.0
151	6653.0	4670.0
152	6653.0	4670.0
153	6653.0	4670.0
154	6653.0	4688.0
155	6653.0	4688.0
156	6653.0	4688.0
157	6653.0	4688.0
158	6653.0	4688.0
159	6653.0	4688.0
160	6653.0	4710.0
161	6653.0	4688.0
162	6653.0	4688.0
163	6653.0	4688.0
164	6653.0	4688.0
165	6653.0	4688.0
166	6653.0	4688.0
167	6653.0	4688.0
168	6653.0	4688.0
169	6653.0	4688.0
170	6653.0	4688.0
171	6653.0	4688.0
172	6653.0	4688.0
173	6653.0	4688.0
174	6653.0	4688.0
175	6653.0	4688.0
176	6653.0	4688.0
177	6653.0	4688.0
178	6653.0	4688.0
179	6653.0	4688.0
180	6653.0	4688.0
181	6653.0	4688.0
182	6653.0	4688.0
183	6653.0	4688.0
184	6653.0	4688.0
185	6653.0	4688.0
186	6653.0	4688.0
187	6653.0	4688.0
188	6653.0	4688.0
189	6653.0	4688.0
190	6653.0	4688.0
191	6653.0	4688.0
192	6653.0	4688.0
193	6653.0	4688.0
194	6653.0	4688.0
195	6653.0	4688.0
196	6653.0	4688.0
197	6653.0	4688.0
198	6653.0	4688.0
199	6653.0	4688.0
200	6653.0	4849.0
201	6653.0	4697.0
202	6653.0	4697.0
203	6653.0	4697.0
204	6653.0	4697.0
205	6653.0	4697.0
206	6653.0	4697.0
207	6653.0	4697.0
208	6653.0	4697.0
209	6653.0	4697.0
210	6653.0	4697.0
211	6653.0	4697.0
212	6653.0	4697.0
213	6653.0	4697.0
214	6653.0	4697.0
215	6653.0	4697.0
216	6653.0	4697.0
217	6653.0	4697.0
218	6653.0	4697.0
219	6653.0	4697.0
220	6653.0	4697.0
221	6653.0	4697.0
222	6653.0	4697.0
223	6653.0	4697.0
224	6653.0	4697.0
225	6653.0	4697.0
226	6653.0	4697.0
227	6653.0	4697.0
228	6653.0	4697.0
229	6653.0	4697.0
230	6653.0	4697.0
231	6653.0	4697.0
232	6653.0	4697.0
233	6653.0	4697.0
234	6653.0	4697.0
235	6653.0	4697.0
236	6653.0	4697.0
237	6653.0	4697.0
238	6653.0	4697.0
239	6653.0	4697.0
240	6653.0	4886.0
241	6653.0	4697.0
242	6653.0	4697.0
243	6653.0	4697.0
244	6653.0	4697.0
245	6653.0	4697.0
246	6653.0	4697.0
247	6653.0	4697.0
248	6653.0	4697.0
249	6653.0	4697.0
250	6653.0	4697.0
251	6653.0	4697.0
252	6653.0	4697.0
253	6653.0	4697.0
254	6653.0	4809.0
255	6653.0	4809.0
256	6653.0	4809.0
257	6653.0	4809.0
258	6653.0	4809.0
259	6653.0	4809.0
260	6653.0	4944.0
261	6653.0	4809.0
262	6653.0	4809.0
263	6653.0	4809.0
264	6653.0	4809.0
265	6653.0	4809.0
266	6653.0	4809.0
267	6653.0	4809.0
268	6653.0	4809.0
269	6653.0	4809.0
270	6653.0	4809.0
271	6653.0	4809.0
272	6653.0	4809.0
273	6653.0	4809.0
274	6653.0	4809.0
275	6653.0	4809.0
276	6653.0	4809.0
277	6653.0	4809.0
278	6653.0	4809.0
279	6653.0	4809.0
280	6653.0	4921.0
281	6653.0	4809.0
282	6653.0	4809.0
283	6653.0	4809.0
284	6653.0	4809.0
285	6653.0	4809.0
286	6653.0	4809.0
287	6653.0	4809.0
288	6653.0	4809.0
289	6653.0	4809.0
290	6653.0	4809.0
291	6653.0	4809.0
292	6653.0	4809.0
293	6653.0	4809.0
294	6653.0	4809.0
295	6653.0	4809.0
296	6653.0	4809.0
297	6653.0	4809.0
298	6653.0	4809.0
299	6653.0	4809.0
300	6653.0	4894.0
301	6653.0	4809.0
302	6653.0	4809.0
303	6653.0	4809.0
304	6653.0	4809.0
305	6653.0	4809.0
306	6653.0	4809.0
307	6653.0	4886.0
308	6653.0	4886.0
309	6653.0	4886.0
310	6653.0	4886.0
311	6653.0	4886.0
312	6653.0	4886.0
313	6653.0	4886.0
314	6653.0	4886.0
315	6653.0	4886.0
316	6653.0	4886.0
317	6653.0	4886.0
318	6653.0	4886.0
319	6653.0	4886.0
320	6653.0	4977.0
321	6653.0	4886.0
322	6653.0	4886.0
323	6653.0	4886.0
324	6653.0	4886.0
325	6653.0	4886.0
326	6653.0	4886.0
327	6653.0	4886.0
328	6653.0	4886.0
329	6653.0	4886.0
330	6653.0	4886.0
331	6653.0	4886.0
332	6653.0	4886.0
333	6653.0	4886.0
334	6653.0	4886.0
335	6653.0	4886.0
336	6653.0	4886.0
337	6653.0	4886.0
338	6653.0	4886.0
339	6653.0	4886.0
340	6653.0	4944.0
341	6653.0	4886.0
342	6653.0	4886.0
343	6653.0	4886.0
344	6653.0	4886.0
345	6653.0	4886.0
346	6653.0	4886.0
347	6653.0	4886.0
348	6653.0	4886.0
349	6653.0	4894.0
350	6653.0	4894.0
351	6653.0	4894.0
352	6653.0	4894.0
353	6653.0	4894.0
354	6653.0	4894.0
355	6653.0	4894.0
356	6653.0	4894.0
357	6653.0	4894.0
358	6653.0	4894.0
359	6653.0	4894.0
360	6653.0	4982.0
361	6653.0	4894.0
362	6653.0	4894.0
363	6653.0	4894.0
364	6653.0	4894.0
365	6653.0	4894.0
366	6653.0	4894.0
367	6653.0	4894.0
368	6653.0	4894.0
369	6653.0	4894.0
370	6653.0	4894.0
371	6653.0	4894.0
372	6653.0	4894.0
373	6653.0	4894.0
374	6653.0	4894.0
375	6653.0	4894.0
376	6653.0	4894.0
377	6653.0	4894.0
378	6653.0	4894.0
379	6653.0	4894.0
380	6653.0	5017.0
381	6653.0	4894.0
382	6653.0	4894.0
383	6653.0	4894.0
384	6653.0	4894.0
385	6653.0	4894.0
386	6653.0	4894.0
387	6653.0	4894.0
388	6653.0	4894.0
389	6653.0	4894.0
390	6653.0	4894.0
391	6653.0	4894.0
392	6653.0	4894.0
393	6653.0	4894.0
394	6653.0	4894.0
395	6653.0	4894.0
396	6653.0	4894.0
397	6653.0	4894.0
398	6653.0	4894.0
399	6653.0	4894.0
400	6653.0	4999.0
401	6653.0	4894.0
402	6653.0	4894.0
403	6653.0	4894.0
404	6653.0	4894.0
405	6653.0	4894.0
406	6653.0	4894.0
407	6653.0	4894.0
408	6653.0	4894.0
409	6653.0	4894.0
410	6653.0	4894.0
411	6653.0	4894.0
412	6653.0	4894.0
413	6653.0	4894.0
414	6653.0	4894.0
415	6653.0	4894.0
416	6653.0	4894.0
417	6653.0	4894.0
418	6653.0	4894.0
419	6653.0	4894.0
420	6653.0	4894.0
421	6653.0	4894.0
422	6653.0	4894.0
423	6653.0	4894.0
424	6653.0	4894.0
425	6653.0	4894.0
426	6653.0	4894.0
427	6653.0	4894.0
428	6653.0	4894.0
429	6653.0	4894.0
430	6653.0	4894.0
431	6653.0	4894.0
432	6653.0	4894.0
433	6653.0	4894.0
434	6653.0	4894.0
435	6653.0	4894.0
436	6653.0	4894.0
437	6653.0	4894.0
438	6653.0	4894.0
439	6653.0	4894.0
440	6653.0	5015.0
441	6653.0	4894.0
442	6653.0	4894.0
443	6653.0	4894.0
444	6653.0	4894.0
445	6653.0	4894.0
446	6653.0	4894.0
447	6653.0	4894.0
448	6653.0	4894.0
449	6653.0	4894.0
450	6653.0	4894.0
451	6653.0	4894.0
452	6653.0	4894.0
453	6653.0	4894.0
454	6653.0	4894.0
455	6653.0	4894.0
456	6653.0	4894.0
457	6653.0	4894.0
458	6653.0	4894.0
459	6653.0	4894.0
460	6653.0	4894.0
461	6653.0	4894.0
462	6653.0	4894.0
463	6653.0	4894.0
464	6653.0	4894.0
465	6653.0	4894.0
466	6653.0	4894.0
467	6653.0	4894.0
468	6653.0	4894.0
469	6653.0	4894.0
470	6653.0	4894.0
471	6653.0	4894.0
472	6653.0	4894.0
473	6653.0	4894.0
474	6653.0	4894.0
475	6653.0	4894.0
476	6653.0	4894.0
477	6653.0	4894.0
478	6653.0	4894.0
479	6653.0	4894.0
480	6653.0	4894.0
481	6653.0	4894.0
482	6653.0	4894.0
483	6653.0	4894.0
484	6653.0	4894.0
485	6653.0	4894.0
486	6653.0	4894.0
487	6653.0	4894.0
488	6653.0	4894.0
489	6653.0	4894.0
490	6653.0	4894.0
491	6653.0	4894.0
492	6653.0	4894.0
493	6653.0	4894.0
494	6653.0	4894.0
495	6653.0	4894.0
496	6653.0	4894.0
497	6653.0	4894.0
498	6653.0	4894.0
499	6653.0	4894.0
500	6653.0	5015.0
501	6653.0	4894.0
502	6653.0	4894.0
503	6653.0	4894.0
504	6653.0	4894.0
505	6653.0	4894.0
506	6653.0	4894.0
507	6653.0	4894.0
508	6653.0	4894.0
509	6653.0	4894.0
510	6653.0	4894.0
511	6653.0	4894.0
512	6653.0	4894.0
513	6653.0	4894.0
514	6653.0	4894.0
515	6653.0	4894.0
516	6653.0	4894.0
517	6653.0	4894.0
518	6653.0	4894.0
519	6653.0	4894.0
520	6653.0	4894.0
521	6653.0	4894.0
522	6653.0	4894.0
523	6653.0	4894.0
524	6653.0	4894.0
525	6653.0	4894.0
526	6653.0	4894.0
527	6653.0	4894.0
528	6653.0	4894.0
529	6653.0	4894.0
530	6653.0	4894.0
531	6653.0	4894.0
532	6653.0	4894.0
533	6653.0	4894.0
534	6653.0	4894.0
535	6653.0	4894.0
536	6653.0	4894.0
537	6653.0	4894.0
538	6653.0	4894.0
539	6653.0	4894.0
540	6653.0	5007.0
541	6653.0	4894.0
542	6653.0	4894.0
543	6653.0	4894.0
544	6653.0	4894.0
545	6653.0	4894.0
546	6653.0	4894.0
547	6653.0	4894.0
548	6653.0	4894.0
549	6653.0	4894.0
550	6653.0	4894.0
551	6653.0	4894.0
552	6653.0	4894.0
553	6653.0	4894.0
554	6653.0	4894.0
555	6653.0	4894.0
556	6653.0	4894.0
557	6653.0	4894.0
558	6653.0	4894.0
559	6653.0	4894.0
560	6653.0	5082.0
561	6653.0	4894.0
562	6653.0	4894.0
563	6653.0	4894.0
564	6653.0	4894.0
565	6653.0	4894.0
566	6653.0	4894.0
567	6653.0	4894.0
568	6653.0	4894.0
569	6653.0	4894.0
570	6653.0	4894.0
571	6653.0	4894.0
572	6653.0	4894.0
573	6653.0	4894.0
574	6653.0	4894.0
575	6653.0	4894.0
576	6653.0	4894.0
577	6653.0	4894.0
578	6653.0	4894.0
579	6653.0	4894.0
580	6653.0	5134.0
581	6653.0	4894.0
582	6653.0	4894.0
583	6653.0	4894.0
584	6653.0	4894.0
585	6653.0	4894.0
586	6653.0	4894.0
587	6653.0	4894.0
588	6653.0	4894.0
589	6653.0	4894.0
590	6653.0	4894.0
591	6653.0	4894.0
592	6653.0	4894.0
593	6653.0	4894.0
594	6653.0	4894.0
595	6653.0	4894.0
596	6653.0	4894.0
597	6653.0	4894.0
598	6653.0	4894.0
599	6653.0	4894.0
600	6653.0	5103.0
601	6653.0	4894.0
602	6653.0	4894.0
603	6653.0	4894.0
604	6653.0	4894.0
605	6653.0	4894.0
606	6653.0	4894.0
607	6653.0	4894.0
608	6653.0	4894.0
609	6653.0	4894.0
610	6653.0	4894.0
611	6653.0	4894.0
612	6653.0	4894.0
613	6653.0	4894.0
614	6653.0	4894.0
615	6653.0	4894.0
616	6653.0	4894.0
617	6653.0	4894.0
618	6653.0	4894.0
619	6653.0	4904.0
620	6653.0	5109.0
621	6653.0	5045.0
622	6653.0	5045.0
623	6653.0	5045.0
624	6653.0	5045.0
625	6653.0	5045.0
626	6653.0	5045.0
627	6653.0	5045.0
628	6653.0	5045.0
629	6653.0	5045.0
630	6653.0	5045.0
631	6653.0	5045.0
632	6653.0	5045.0
633	6653.0	5045.0
634	6653.0	5045.0
635	6653.0	5045.0
636	6653.0	5045.0
637	6653.0	5045.0
638	6653.0	5045.0
639	6653.0	5045.0
640	6653.0	5111.0
641	6653.0	5045.0
642	6653.0	5045.0
643	6653.0	5045.0
644	6653.0	5045.0
645	6653.0	5045.0
646	6653.0	5045.0
647	6653.0	5045.0
648	6653.0	5045.0
649	6653.0	5045.0
650	6653.0	5045.0
651	6653.0	5045.0
652	6653.0	5045.0
653	6653.0	5045.0
654	6653.0	5045.0
655	6653.0	5045.0
656	6653.0	5045.0
657	6653.0	5045.0
658	6653.0	5045.0
659	6653.0	5045.0
660	6653.0	5124.0
661	6653.0	5045.0
662	6653.0	5045.0
663	6653.0	5045.0
664	6653.0	5045.0
665	6653.0	5045.0
666	6653.0	5045.0
667	6653.0	5045.0
668	6653.0	5045.0
669	6653.0	5045.0
670	6653.0	5104.0
671	6653.0	5104.0
672	6653.0	5104.0
673	6653.0	5104.0
674	6653.0	5104.0
675	6653.0	5104.0
676	6653.0	5104.0
677	6653.0	5104.0
678	6653.0	5104.0
679	6653.0	5104.0
680	6653.0	5104.0
681	6653.0	5104.0
682	6653.0	5104.0
683	6653.0	5104.0
684	6653.0	5104.0
685	6653.0	5104.0
686	6653.0	5104.0
687	6653.0	5104.0
688	6653.0	5104.0
689	6653.0	5104.0
690	6653.0	5104.0
691	6653.0	5104.0
692	6653.0	5104.0
693	6653.0	5104.0
694	6653.0	5104.0
695	6653.0	5104.0
696	6653.0	5104.0
697	6653.0	5104.0
698	6653.0	5104.0
699	6653.0	5104.0
700	6653.0	5124.0
701	6653.0	5104.0
702	6653.0	5104.0
703	6653.0	5104.0
704	6653.0	5104.0
705	6653.0	5104.0
706	6653.0	5104.0
707	6653.0	5104.0
708	6653.0	5104.0
709	6653.0	5104.0
710	6653.0	5104.0
711	6653.0	5104.0
712	6653.0	5104.0
713	6653.0	5104.0
714	6653.0	5104.0
715	6653.0	5104.0
716	6653.0	5104.0
717	6653.0	5104.0
718	6653.0	5104.0
719	6653.0	5104.0
720	6653.0	5177.0
721	6653.0	5104.0
722	6653.0	5104.0
723	6653.0	5104.0
724	6653.0	5104.0
725	6653.0	5104.0
726	6653.0	5104.0
727	6653.0	5104.0
728	6653.0	5104.0
729	6653.0	5104.0
730	6653.0	5104.0
731	6653.0	5104.0
732	6653.0	5104.0
733	6653.0	5104.0
734	6653.0	5104.0
735	6653.0	5104.0
736	6653.0	5104.0
737	6653.0	5104.0
738	6653.0	5104.0
739	6653.0	5104.0
740	6653.0	5167.0
741	6653.0	5104.0
742	6653.0	5104.0
743	6653.0	5104.0
744	6653.0	5104.0
745	6653.0	5104.0
746	6653.0	5104.0
747	6653.0	5104.0
748	6653.0	5104.0
749	6653.0	5104.0
750	6653.0	5104.0
751	6653.0	5104.0
752	6653.0	5104.0
753	6653.0	5104.0
754	6653.0	5104.0
755	6653.0	5104.0
756	6653.0	5104.0
757	6653.0	5104.0
758	6653.0	5104.0
759	6653.0	5104.0
760	6653.0	5152.0
761	6653.0	5104.0
762	6653.0	5104.0
763	6653.0	5104.0
764	6653.0	5104.0
765	6653.0	5104.0
766	6653.0	5104.0
767	6653.0	5104.0
768	6653.0	5104.0
769	6653.0	5104.0
770	6653.0	5104.0
771	6653.0	5104.0
772	6653.0	5104.0
773	6653.0	5104.0
774	6653.0	5104.0
775	6653.0	5104.0
776	6653.0	5104.0
777	6653.0	5104.0
778	6653.0	5104.0
779	6653.0	5104.0
780	6653.0	5161.0
781	6653.0	5104.0
782	6653.0	5104.0
783	6653.0	5104.0
784	6653.0	5104.0
785	6653.0	5104.0
786	6653.0	5104.0
787	6653.0	5104.0
788	6653.0	5104.0
789	6653.0	5104.0
790	6653.0	5104.0
791	6653.0	5104.0
792	6653.0	5104.0
793	6653.0	5104.0
794	6653.0	5104.0
795	6653.0	5104.0
796	6653.0	5104.0
797	6653.0	5104.0
798	6653.0	5104.0
799	6653.0	5104.0
800	6653.0	5199.0
801	6653.0	5104.0
802	6653.0	5104.0
803	6653.0	5104.0
804	6653.0	5104.0
805	6653.0	5104.0
806	6653.0	5104.0
807	6653.0	5104.0
808	6653.0	5104.0
809	6653.0	5104.0
810	6653.0	5104.0
811	6653.0	5104.0
812	6653.0	5104.0
813	6653.0	5104.0
814	6653.0	5104.0
815	6653.0	5104.0
816	6653.0	5104.0
817	6653.0	5104.0
818	6653.0	5104.0
819	6653.0	5104.0
820	6653.0	5199.0
821	6653.0	5104.0
822	6653.0	5104.0
823	6653.0	5104.0
824	6653.0	5104.0
825	6653.0	5104.0
826	6653.0	5104.0
827	6653.0	5104.0
828	6653.0	5104.0
829	6653.0	5104.0
830	6653.0	5104.0
831	6653.0	5104.0
832	6653.0	5104.0
833	6653.0	5104.0
834	6653.0	5104.0
835	6653.0	5104.0
836	6653.0	5104.0
837	6653.0	5104.0
838	6653.0	5104.0
839	6653.0	5104.0
840	6653.0	5177.0
841	6653.0	5104.0
842	6653.0	5104.0
843	6653.0	5104.0
844	6653.0	5104.0
845	6653.0	5104.0
846	6653.0	5104.0
847	6653.0	5104.0
848	6653.0	5104.0
849	6653.0	5104.0
850	6653.0	5104.0
851	6653.0	5104.0
852	6653.0	5104.0
853	6653.0	5104.0
854	6653.0	5104.0
855	6653.0	5104.0
856	6653.0	5104.0
857	6653.0	5104.0
858	6653.0	5104.0
859	6653.0	5104.0
860	6653.0	5247.0
861	6653.0	5104.0
862	6653.0	5104.0
863	6653.0	5104.0
864	6653.0	5104.0
865	6653.0	5104.0
866	6653.0	5104.0
867	6653.0	5104.0
868	6653.0	5104.0
869	6653.0	5104.0
870	6653.0	5104.0
871	6653.0	5104.0
872	6653.0	5104.0
873	6653.0	5104.0
874	6653.0	5104.0
875	6653.0	5104.0
876	6653.0	5104.0
877	6653.0	5104.0
878	6653.0	5104.0
879	6653.0	5104.0
880	6653.0	5247.0
881	6653.0	5104.0
882	6653.0	5104.0
883	6653.0	5104.0
884	6653.0	5104.0
885	6653.0	5104.0
886	6653.0	5104.0
887	6653.0	5104.0
888	6653.0	5104.0
889	6653.0	5104.0
890	6653.0	5104.0
891	6653.0	5104.0
892	6653.0	5104.0
893	6653.0	5104.0
894	6653.0	5104.0
895	6653.0	5104.0
896	6653.0	5104.0
897	6653.0	5104.0
898	6653.0	5104.0
899	6653.0	5104.0
900	6653.0	5221.0
901	6653.0	5104.0
902	6653.0	5104.0
903	6653.0	5104.0
904	6653.0	5104.0
905	6653.0	5104.0
906	6653.0	5104.0
907	6653.0	5104.0
908	6653.0	5104.0
909	6653.0	5104.0
910	6653.0	5104.0
911	6653.0	5104.0
912	6653.0	5104.0
913	6653.0	5104.0
914	6653.0	5104.0
915	6653.0	5104.0
916	6653.0	5104.0
917	6653.0	5150.0
918	6653.0	5150.0
919	6653.0	5150.0
920	6653.0	5150.0
921	6653.0	5150.0
922	6653.0	5150.0
923	6653.0	5150.0
924	6653.0	5150.0
925	6653.0	5150.0
926	6653.0	5150.0
927	6653.0	5150.0
928	6653.0	5150.0
929	6653.0	5150.0
930	6653.0	5150.0
931	6653.0	5150.0
932	6653.0	5150.0
933	6653.0	5150.0
934	6653.0	5150.0
935	6653.0	5150.0
936	6653.0	5150.0
937	6653.0	5150.0
938	6653.0	5150.0
939	6653.0	5150.0
940	6653.0	5225.0
941	6653.0	5150.0
942	6653.0	5150.0
943	6653.0	5150.0
944	6653.0	5150.0
945	6653.0	5150.0
946	6653.0	5150.0
947	6653.0	5150.0
948	6653.0	5150.0
949	6653.0	5150.0
950	6653.0	5150.0
951	6653.0	5150.0
952	6653.0	5150.0
953	6653.0	5150.0
954	6653.0	5150.0
955	6653.0	5150.0
956	6653.0	5150.0
957	6653.0	5150.0
958	6653.0	5150.0
959	6653.0	5150.0
960	6653.0	5161.0
961	6653.0	5150.0
962	6653.0	5150.0
963	6653.0	5150.0
964	6653.0	5150.0
965	6653.0	5150.0
966	6653.0	5150.0
967	6653.0	5150.0
968	6653.0	5150.0
969	6653.0	5150.0
970	6653.0	5150.0
971	6653.0	5150.0
972	6653.0	5150.0
973	6653.0	5150.0
974	6653.0	5150.0
975	6653.0	5150.0
976	6653.0	5150.0
977	6653.0	5150.0
978	6653.0	5150.0
979	6653.0	5185.0
980	6653.0	5227.0
981	6653.0	5185.0
982	6653.0	5185.0
983	6653.0	5185.0
984	6653.0	5185.0
985	6653.0	5185.0
986	6653.0	5185.0
987	6653.0	5185.0
988	6653.0	5185.0
989	6653.0	5185.0
990	6653.0	5185.0
991	6653.0	5185.0
992	6653.0	5185.0
993	6653.0	5185.0
994	6653.0	5185.0
995	6653.0	5185.0
996	6653.0	5185.0
997	6653.0	5185.0
998	6653.0	5185.0
999	6653.0	5185.0
1000	6653.0	5319.0
