0 7403.0
1 8109.0
2 8883.0
3 10114.0
4 11009.0
5 11262.0
6 11330.0
7 12499.0
8 12972.0
9 14824.0
10 14554.0
11 15138.0
12 16276.0
13 17410.0
14 17753.0
15 17594.0
16 19076.0
17 20418.0
18 20731.0
19 20731.0
20 21439.0
21 21439.0
22 22889.0
23 22025.0
24 22808.0
25 22990.0
26 23947.0
27 23947.0
28 24612.0
29 24831.0
30 23953.0
31 25615.0
32 25102.0
33 25970.0
34 26451.0
35 26805.0
36 27171.0
37 27832.0
38 26819.0
39 27637.0
40 28188.0
41 29213.0
42 30221.0
43 30221.0
44 30221.0
45 30221.0
46 31124.0
47 30215.0
48 30284.0
49 30456.0
50 30456.0
51 30876.0
52 30876.0
53 31777.0
54 31522.0
55 33828.0
56 32087.0
57 31840.0
58 32029.0
59 32595.0
60 32782.0
61 32969.0
62 33407.0
63 32291.0
64 33123.0
65 33123.0
66 33123.0
67 32859.0
68 33689.0
69 33795.0
70 34183.0
71 34419.0
72 34419.0
73 34922.0
74 34922.0
75 34922.0
76 34922.0
77 35756.0
78 35756.0
79 36178.0
80 36178.0
81 36178.0
82 36178.0
83 36995.0
84 36268.0
85 36337.0
86 36337.0
87 36114.0
88 35988.0
89 37220.0
90 37220.0
91 36515.0
92 36384.0
93 37079.0
94 37374.0
95 37079.0
96 37203.0
97 37432.0
98 37563.0
99 37563.0
100 37399.0
101 36869.0
102 37340.0
103 37340.0
104 37461.0
105 37121.0
106 37820.0
107 37820.0
108 37820.0
109 37441.0
110 37432.0
111 37663.0
112 38498.0
113 38498.0
114 38502.0
115 38498.0
116 37535.0
117 37717.0
118 37628.0
119 37628.0
120 38154.0
121 38549.0
122 38549.0
123 38142.0
124 38237.0
125 38654.0
126 38654.0
127 38654.0
128 39155.0
129 39155.0
130 39155.0
131 38807.0
132 40048.0
133 39037.0
134 39037.0
135 39588.0
136 38807.0
137 38714.0
138 38867.0
139 39039.0
140 38684.0
141 39055.0
142 38833.0
143 38730.0
144 39124.0
145 39124.0
146 39124.0
147 39674.0
148 39674.0
149 39124.0
150 39304.0
151 38643.0
152 39304.0
153 38923.0
154 39502.0
155 39502.0
156 39322.0
157 39166.0
158 40015.0
159 39679.0
160 39679.0
161 40473.0
162 39775.0
163 40079.0
164 40079.0
165 39278.0
166 39605.0
167 39963.0
168 40321.0
169 40321.0
170 40640.0
171 40640.0
172 40591.0
173 41042.0
174 41042.0
175 40831.0
176 39935.0
177 39935.0
178 40823.0
179 40243.0
180 39946.0
181 40523.0
182 40876.0
183 40283.0
184 40283.0
185 42142.0
186 42142.0
187 40524.0
188 40524.0
189 40045.0
190 41223.0
191 41223.0
192 40338.0
193 40760.0
194 40760.0
195 40760.0
196 40779.0
197 40779.0
198 41986.0
199 40556.0
200 40710.0
201 41115.0
202 40744.0
203 40744.0
204 41235.0
205 41483.0
206 40859.0
207 41367.0
208 41550.0
209 40345.0
210 40928.0
211 40665.0
212 40518.0
213 41137.0
214 41137.0
215 41545.0
216 41545.0
217 41545.0
218 42003.0
219 42003.0
220 41394.0
221 40988.0
222 42418.0
223 42418.0
224 42418.0
225 42418.0
226 42418.0
227 42418.0
228 42418.0
229 42439.0
230 42418.0
231 42418.0
232 42257.0
233 42257.0
234 42257.0
235 40968.0
236 41305.0
237 41290.0
238 41290.0
239 41425.0
240 41607.0
241 41607.0
242 41607.0
243 41607.0
244 41607.0
245 41607.0
246 41607.0
247 41256.0
248 41256.0
249 41408.0
250 41408.0
251 41569.0
252 41408.0
253 41085.0
254 40803.0
255 41034.0
256 41753.0
257 40934.0
258 40814.0
259 41875.0
260 41875.0
261 41410.0
262 41195.0
263 41195.0
264 41557.0
265 41557.0
266 41557.0
267 40915.0
268 40915.0
269 41973.0
270 40915.0
271 40915.0
272 41087.0
273 40612.0
274 40763.0
275 41126.0
276 41126.0
277 41385.0
278 41385.0
279 41385.0
280 41385.0
281 41385.0
282 41721.0
283 41721.0
284 41721.0
285 41721.0
286 41721.0
287 41721.0
288 40900.0
289 40900.0
290 40704.0
291 41248.0
292 41248.0
293 42083.0
294 41248.0
295 41248.0
296 40941.0
297 42185.0
298 41033.0
299 40773.0
300 40819.0
301 40909.0
302 40685.0
303 41350.0
304 41960.0
305 41960.0
306 41062.0
307 40857.0
308 40683.0
309 40997.0
310 40850.0
311 40850.0
312 40753.0
313 40753.0
314 40753.0
315 40763.0
316 40921.0
317 41157.0
318 41157.0
319 41523.0
320 41523.0
321 41523.0
322 41523.0
323 41840.0
324 41840.0
325 41654.0
326 41654.0
327 41406.0
328 41816.0
329 41648.0
330 41648.0
331 41648.0
332 41784.0
333 41784.0
334 41784.0
335 42239.0
336 41549.0
337 42740.0
338 42740.0
339 42740.0
340 42740.0
341 42740.0
342 42445.0
343 42468.0
344 42468.0
345 42468.0
346 42439.0
347 42439.0
348 42323.0
349 41399.0
350 41399.0
351 40677.0
352 43288.0
353 43288.0
354 41773.0
355 41773.0
356 41486.0
357 41486.0
358 41486.0
359 42107.0
360 41486.0
361 40991.0
362 40999.0
363 41314.0
364 41314.0
365 40686.0
366 40601.0
367 41317.0
368 41539.0
369 41462.0
370 41509.0
371 42094.0
372 42094.0
373 41685.0
374 41642.0
375 42042.0
376 41502.0
377 41250.0
378 41767.0
379 41873.0
380 41873.0
381 41402.0
382 41402.0
383 41955.0
384 41519.0
385 41197.0
386 41490.0
387 41928.0
388 42200.0
389 41624.0
390 41624.0
391 41629.0
392 41932.0
393 41587.0
394 41477.0
395 41670.0
396 42399.0
397 42399.0
398 42041.0
399 42041.0
400 42041.0
401 42231.0
402 41820.0
403 42056.0
404 42467.0
405 42242.0
406 42242.0
407 41940.0
408 41940.0
409 42115.0
410 42115.0
411 42939.0
412 42939.0
413 42939.0
414 42939.0
415 42939.0
416 43881.0
417 43881.0
418 42452.0
419 41376.0
420 42713.0
421 42172.0
422 42378.0
423 42378.0
424 42378.0
425 42401.0
426 42401.0
427 41814.0
428 42527.0
429 42527.0
430 42527.0
431 41466.0
432 41466.0
433 41488.0
434 41242.0
435 41221.0
436 41221.0
437 42561.0
438 42561.0
439 42561.0
440 42071.0
441 41870.0
442 41870.0
443 42210.0
444 42745.0
445 42210.0
446 42210.0
447 42279.0
448 41569.0
449 42026.0
450 42669.0
451 41775.0
452 41775.0
453 41756.0
454 42619.0
455 42408.0
456 42516.0
457 42462.0
458 42720.0
459 42720.0
460 42720.0
461 42487.0
462 42487.0
463 42487.0
464 42487.0
465 42694.0
466 42487.0
467 42487.0
468 42656.0
469 42328.0
470 42844.0
471 42844.0
472 42844.0
473 42248.0
474 42571.0
475 42571.0
476 42225.0
477 42590.0
478 41918.0
479 42460.0
480 42160.0
481 42160.0
482 42160.0
483 43235.0
484 43235.0
485 42419.0
486 42840.0
487 43514.0
488 43514.0
489 43514.0
490 43187.0
491 43187.0
492 43187.0
493 42978.0
494 42978.0
495 42978.0
496 43357.0
497 43357.0
498 43357.0
499 43357.0
500 43357.0
501 43357.0
502 43099.0
503 43099.0
504 43099.0
505 43099.0
506 42515.0
507 42505.0
508 42857.0
509 43184.0
510 43184.0
511 43184.0
512 42601.0
513 43255.0
514 42848.0
515 42848.0
516 42848.0
517 42532.0
518 42722.0
519 42722.0
520 43262.0
521 43152.0
522 43187.0
523 43187.0
524 43187.0
525 43187.0
526 42254.0
527 42794.0
528 43229.0
529 42530.0
530 42530.0
531 42339.0
532 42487.0
533 41874.0
534 41735.0
535 41871.0
536 42099.0
537 42419.0
538 42419.0
539 42492.0
540 42570.0
541 43010.0
542 43010.0
543 43087.0
544 42641.0
545 42742.0
546 42742.0
547 42742.0
548 42243.0
549 42936.0
550 42936.0
551 42936.0
552 43161.0
553 43166.0
554 43132.0
555 43132.0
556 43268.0
557 43505.0
558 43505.0
559 43505.0
560 43080.0
561 43457.0
562 43457.0
563 42789.0
564 42789.0
565 43691.0
566 43359.0
567 42943.0
568 42943.0
569 43615.0
570 43615.0
571 43615.0
572 43615.0
573 43615.0
574 43615.0
575 43116.0
576 43235.0
577 43421.0
578 42941.0
579 43105.0
580 42934.0
581 42934.0
582 42934.0
583 43273.0
584 43498.0
585 43498.0
586 43498.0
587 43498.0
588 44443.0
589 44443.0
590 43371.0
591 43371.0
592 43055.0
593 42895.0
594 42895.0
595 42692.0
596 42771.0
597 43435.0
598 42771.0
599 42771.0
600 42620.0
601 42979.0
602 42540.0
603 42751.0
604 42772.0
605 42772.0
606 42772.0
607 43041.0
608 43077.0
609 42402.0
610 43148.0
611 43367.0
612 43367.0
613 43424.0
614 43148.0
615 43148.0
616 42527.0
617 42421.0
618 42794.0
619 42794.0
620 42702.0
621 42902.0
622 43026.0
623 43181.0
624 42941.0
625 43118.0
626 42941.0
627 42941.0
628 42941.0
629 42941.0
630 43062.0
631 43062.0
632 43059.0
633 42474.0
634 43230.0
635 43738.0
636 43738.0
637 43738.0
638 43738.0
639 42557.0
640 42557.0
641 43480.0
642 43184.0
643 42570.0
644 42557.0
645 42557.0
646 43469.0
647 41829.0
648 42427.0
649 42427.0
650 41949.0
651 41912.0
652 42178.0
653 42178.0
654 41949.0
655 42031.0
656 42147.0
657 42147.0
658 42401.0
659 42401.0
660 42454.0
661 42454.0
662 41877.0
663 41877.0
664 42301.0
665 42301.0
666 42424.0
667 42424.0
668 42996.0
669 42996.0
670 42284.0
671 42439.0
672 42439.0
673 42746.0
674 41646.0
675 41646.0
676 41646.0
677 41646.0
678 41646.0
679 42322.0
680 43679.0
681 43679.0
682 42264.0
683 42264.0
684 42424.0
685 42424.0
686 42083.0
687 42083.0
688 41317.0
689 41317.0
690 41106.0
691 41454.0
692 41609.0
693 41889.0
694 41869.0
695 42132.0
696 42132.0
697 42132.0
698 42132.0
699 42132.0
700 42652.0
701 42132.0
702 42132.0
703 42039.0
704 42039.0
705 42039.0
706 42039.0
707 42543.0
708 41680.0
709 41860.0
710 41860.0
711 41860.0
712 41529.0
713 41529.0
714 41529.0
715 42358.0
716 42358.0
717 41922.0
718 41596.0
719 41215.0
720 41539.0
721 43111.0
722 43111.0
723 43111.0
724 43111.0
725 41843.0
726 42035.0
727 42035.0
728 42035.0
729 41822.0
730 42927.0
731 41726.0
732 42449.0
733 41960.0
734 43431.0
735 43117.0
736 43117.0
737 41882.0
738 41882.0
739 42002.0
740 42002.0
741 42058.0
742 42006.0
743 42333.0
744 42333.0
745 42447.0
746 41904.0
747 42284.0
748 42390.0
749 42390.0
750 43392.0
751 43392.0
752 42674.0
753 42674.0
754 42674.0
755 42674.0
756 42674.0
757 42674.0
758 42906.0
759 42537.0
760 42537.0
761 42537.0
762 42562.0
763 42562.0
764 42764.0
765 42764.0
766 42764.0
767 42764.0
768 42331.0
769 42570.0
770 42640.0
771 43182.0
772 43182.0
773 43182.0
774 43182.0
775 42973.0
776 42860.0
777 42860.0
778 42644.0
779 43064.0
780 42644.0
781 42821.0
782 42821.0
783 44137.0
784 44137.0
785 43018.0
786 43018.0
787 42618.0
788 42618.0
789 42990.0
790 42990.0
791 43054.0
792 43054.0
793 43439.0
794 43439.0
795 43439.0
796 43439.0
797 43439.0
798 42781.0
799 42781.0
800 42781.0
801 42781.0
802 42781.0
803 42560.0
804 42560.0
805 43147.0
806 42300.0
807 42647.0
808 42801.0
809 42787.0
810 43335.0
811 43335.0
812 42888.0
813 42251.0
814 42251.0
815 44192.0
816 44192.0
817 42769.0
818 42769.0
819 42125.0
820 42834.0
821 42834.0
822 43103.0
823 43103.0
824 43103.0
825 43398.0
826 43398.0
827 43282.0
828 43103.0
829 42478.0
830 42702.0
831 42702.0
832 42702.0
833 43123.0
834 42707.0
835 42707.0
836 42779.0
837 43952.0
838 42754.0
839 43223.0
840 43223.0
841 42776.0
842 43132.0
843 42776.0
844 43380.0
845 43380.0
846 43380.0
847 42813.0
848 43005.0
849 43005.0
850 43867.0
851 43867.0
852 43867.0
853 43867.0
854 43867.0
855 43867.0
856 43389.0
857 43389.0
858 43153.0
859 43153.0
860 42824.0
861 42854.0
862 42631.0
863 42631.0
864 43515.0
865 43515.0
866 43617.0
867 42602.0
868 42602.0
869 42497.0
870 43444.0
871 43444.0
872 42957.0
873 42446.0
874 42508.0
875 42508.0
876 42741.0
877 43138.0
878 43424.0
879 43424.0
880 43424.0
881 43269.0
882 43269.0
883 43121.0
884 42627.0
885 42618.0
886 42667.0
887 43710.0
888 43710.0
889 43710.0
890 43710.0
891 43962.0
892 43962.0
893 43962.0
894 43962.0
895 43962.0
896 43006.0
897 43445.0
898 43445.0
899 43445.0
900 42710.0
901 42608.0
902 42945.0
903 42945.0
904 42945.0
905 42945.0
906 42945.0
907 42945.0
908 42745.0
909 42710.0
910 43387.0
911 42962.0
912 42962.0
913 42962.0
914 43151.0
915 42536.0
916 42994.0
917 42994.0
918 42723.0
919 42713.0
920 42972.0
921 42972.0
922 43291.0
923 42972.0
924 42796.0
925 43296.0
926 42898.0
927 43814.0
928 43814.0
929 43814.0
930 43814.0
931 43018.0
932 42486.0
933 42441.0
934 43207.0
935 43207.0
936 43207.0
937 43207.0
938 43207.0
939 43107.0
940 43222.0
941 43222.0
942 43222.0
943 43413.0
944 43413.0
945 43413.0
946 43491.0
947 42913.0
948 42913.0
949 42213.0
950 42079.0
951 42845.0
952 42178.0
953 42410.0
954 42672.0
955 42222.0
956 42222.0
957 43226.0
958 42348.0
959 43071.0
960 43071.0
961 43071.0
962 42070.0
963 41984.0
964 43963.0
965 42902.0
966 42902.0
967 42902.0
968 42902.0
969 42959.0
970 42959.0
971 42959.0
972 42511.0
973 43354.0
974 42951.0
975 42951.0
976 42487.0
977 42487.0
978 42346.0
979 43573.0
980 42639.0
981 42639.0
982 42107.0
983 43146.0
984 43146.0
985 43146.0
986 43146.0
987 43146.0
988 43146.0
989 43146.0
990 42461.0
991 42461.0
992 42824.0
993 42824.0
994 42425.0
995 44189.0
996 44189.0
997 42849.0
998 42594.0
999 42594.0
1000 42611.0
