0 7153.0
1 8194.0
2 8760.0
3 9300.0
4 10687.0
5 10763.0
6 11859.0
7 12566.0
8 13727.0
9 14832.0
10 15366.0
11 15267.0
12 16749.0
13 16763.0
14 17132.0
15 18481.0
16 18432.0
17 19412.0
18 19412.0
19 19412.0
20 20787.0
21 21581.0
22 21581.0
23 21513.0
24 23038.0
25 23038.0
26 23667.0
27 24037.0
28 24261.0
29 24327.0
30 25295.0
31 25500.0
32 25961.0
33 26019.0
34 26978.0
35 27157.0
36 27157.0
37 27718.0
38 27157.0
39 28208.0
40 28208.0
41 29066.0
42 28853.0
43 29136.0
44 29651.0
45 29234.0
46 30043.0
47 30088.0
48 30088.0
49 30412.0
50 31280.0
51 30986.0
52 31209.0
53 31835.0
54 32563.0
55 32855.0
56 32827.0
57 32650.0
58 32626.0
59 33109.0
60 33435.0
61 33491.0
62 33861.0
63 33916.0
64 33916.0
65 33916.0
66 34913.0
67 34995.0
68 34763.0
69 34941.0
70 34596.0
71 35220.0
72 35238.0
73 35389.0
74 35491.0
75 35491.0
76 36564.0
77 35149.0
78 36336.0
79 35580.0
80 37439.0
81 37439.0
82 35734.0
83 37007.0
84 37007.0
85 37007.0
86 37007.0
87 37007.0
88 36786.0
89 36959.0
90 37014.0
91 37283.0
92 37038.0
93 37897.0
94 38186.0
95 37897.0
96 37897.0
97 38037.0
98 37897.0
99 39416.0
100 38323.0
101 38323.0
102 38546.0
103 38546.0
104 38558.0
105 39266.0
106 38548.0
107 38437.0
108 38392.0
109 38447.0
110 39147.0
111 38885.0
112 39690.0
113 39690.0
114 39690.0
115 39690.0
116 38884.0
117 39428.0
118 39428.0
119 39428.0
120 39314.0
121 39505.0
122 39505.0
123 39223.0
124 39223.0
125 39512.0
126 39759.0
127 39759.0
128 39759.0
129 39512.0
130 39673.0
131 39673.0
132 39287.0
133 39053.0
134 40285.0
135 39828.0
136 39942.0
137 39428.0
138 39428.0
139 39428.0
140 40754.0
141 40754.0
142 40754.0
143 40754.0
144 40754.0
145 40754.0
146 40754.0
147 39648.0
148 41024.0
149 41024.0
150 41024.0
151 40632.0
152 40632.0
153 39722.0
154 40707.0
155 41381.0
156 40746.0
157 40746.0
158 40746.0
159 40922.0
160 40731.0
161 41009.0
162 40277.0
163 40689.0
164 40411.0
165 41275.0
166 40215.0
167 40663.0
168 40913.0
169 40913.0
170 40913.0
171 40182.0
172 40277.0
173 40277.0
174 40286.0
175 40286.0
176 40303.0
177 40657.0
178 40968.0
179 40968.0
180 41088.0
181 41088.0
182 42332.0
183 42332.0
184 42332.0
185 42332.0
186 42332.0
187 42332.0
188 41092.0
189 40977.0
190 40802.0
191 42067.0
192 41664.0
193 41664.0
194 41445.0
195 41445.0
196 40802.0
197 40802.0
198 41484.0
199 41033.0
200 41033.0
201 40549.0
202 41013.0
203 41194.0
204 41194.0
205 40608.0
206 40732.0
207 41300.0
208 40732.0
209 40878.0
210 41314.0
211 40878.0
212 41336.0
213 41336.0
214 41062.0
215 41040.0
216 41546.0
217 41030.0
218 41329.0
219 41003.0
220 41231.0
221 41182.0
222 41118.0
223 41984.0
224 41539.0
225 41539.0
226 41155.0
227 41749.0
228 41749.0
229 41749.0
230 41662.0
231 41662.0
232 41662.0
233 42096.0
234 42096.0
235 42075.0
236 40844.0
237 41082.0
238 41468.0
239 41961.0
240 41225.0
241 41016.0
242 41463.0
243 42035.0
244 42246.0
245 42035.0
246 41446.0
247 41446.0
248 41446.0
249 41446.0
250 41495.0
251 41495.0
252 41356.0
253 41148.0
254 41902.0
255 40577.0
256 41082.0
257 41082.0
258 41282.0
259 41147.0
260 41943.0
261 40873.0
262 42765.0
263 41185.0
264 40794.0
265 41447.0
266 41447.0
267 41127.0
268 41127.0
269 41679.0
270 41679.0
271 41645.0
272 41645.0
273 41600.0
274 42344.0
275 41600.0
276 41683.0
277 41082.0
278 41082.0
279 40800.0
280 42013.0
281 42035.0
282 42035.0
283 42035.0
284 42035.0
285 42035.0
286 41795.0
287 41795.0
288 42276.0
289 42276.0
290 42276.0
291 42276.0
292 42276.0
293 42276.0
294 41696.0
295 41696.0
296 41696.0
297 41337.0
298 41068.0
299 41668.0
300 42114.0
301 42114.0
302 42114.0
303 42114.0
304 41843.0
305 41694.0
306 41920.0
307 42199.0
308 42199.0
309 42199.0
310 41950.0
311 42220.0
312 41398.0
313 41331.0
314 41577.0
315 41577.0
316 41577.0
317 41025.0
318 41198.0
319 41198.0
320 41578.0
321 41426.0
322 41006.0
323 41420.0
324 41344.0
325 41344.0
326 41344.0
327 41699.0
328 41494.0
329 42193.0
330 42193.0
331 42193.0
332 41621.0
333 41298.0
334 41298.0
335 40973.0
336 41889.0
337 41889.0
338 41889.0
339 41889.0
340 42008.0
341 42008.0
342 42008.0
343 42008.0
344 42008.0
345 41447.0
346 41447.0
347 40731.0
348 40763.0
349 41204.0
350 41204.0
351 40976.0
352 40976.0
353 40976.0
354 40976.0
355 41269.0
356 41269.0
357 41470.0
358 41973.0
359 41973.0
360 41067.0
361 41228.0
362 41482.0
363 41482.0
364 41031.0
365 41578.0
366 41925.0
367 41533.0
368 41813.0
369 41813.0
370 42555.0
371 42555.0
372 42555.0
373 42555.0
374 43408.0
375 43408.0
376 42555.0
377 41902.0
378 41492.0
379 41771.0
380 42322.0
381 42322.0
382 42322.0
383 42322.0
384 42322.0
385 41460.0
386 41460.0
387 42090.0
388 41991.0
389 41652.0
390 41652.0
391 41932.0
392 41932.0
393 41932.0
394 42004.0
395 42198.0
396 42198.0
397 41248.0
398 41474.0
399 42556.0
400 42556.0
401 41786.0
402 41786.0
403 42142.0
404 42142.0
405 42142.0
406 42142.0
407 42142.0
408 42142.0
409 42142.0
410 42142.0
411 41612.0
412 42297.0
413 42297.0
414 42297.0
415 42297.0
416 42297.0
417 42297.0
418 42297.0
419 42297.0
420 41904.0
421 42498.0
422 42498.0
423 42060.0
424 42060.0
425 42060.0
426 42060.0
427 42326.0
428 42060.0
429 42172.0
430 41676.0
431 41676.0
432 41533.0
433 41965.0
434 42363.0
435 42481.0
436 42481.0
437 42481.0
438 42481.0
439 42481.0
440 42372.0
441 42372.0
442 42372.0
443 42178.0
444 42178.0
445 42178.0
446 42178.0
447 42178.0
448 42245.0
449 42772.0
450 41803.0
451 41803.0
452 41915.0
453 41741.0
454 42386.0
455 41660.0
456 41988.0
457 41988.0
458 42103.0
459 42311.0
460 43211.0
461 43211.0
462 43211.0
463 41422.0
464 41379.0
465 42258.0
466 42258.0
467 42258.0
468 42258.0
469 42258.0
470 42627.0
471 41654.0
472 41654.0
473 41456.0
474 41439.0
475 42009.0
476 43175.0
477 43175.0
478 41772.0
479 41829.0
480 41829.0
481 41883.0
482 41847.0
483 41847.0
484 42637.0
485 42637.0
486 42271.0
487 42629.0
488 42779.0
489 42510.0
490 42510.0
491 42510.0
492 41917.0
493 41917.0
494 41599.0
495 42536.0
496 42536.0
497 43936.0
498 43936.0
499 43936.0
500 41513.0
501 41319.0
502 41878.0
503 41431.0
504 41547.0
505 41693.0
506 42364.0
507 42003.0
508 41935.0
509 41954.0
510 41935.0
511 41854.0
512 41984.0
513 42124.0
514 41693.0
515 41930.0
516 41975.0
517 41975.0
518 41975.0
519 41975.0
520 41829.0
521 41829.0
522 41829.0
523 41384.0
524 41867.0
525 41509.0
526 41991.0
527 41991.0
528 41991.0
529 41991.0
530 42230.0
531 41915.0
532 41915.0
533 42157.0
534 41456.0
535 41456.0
536 41271.0
537 41271.0
538 41562.0
539 41562.0
540 41562.0
541 41845.0
542 42464.0
543 41934.0
544 41934.0
545 41773.0
546 41807.0
547 41818.0
548 41807.0
549 41788.0
550 41719.0
551 41719.0
552 41734.0
553 42236.0
554 42236.0
555 42250.0
556 41491.0
557 41776.0
558 42084.0
559 42084.0
560 42084.0
561 42084.0
562 41814.0
563 42705.0
564 42494.0
565 42494.0
566 42494.0
567 41803.0
568 42485.0
569 42677.0
570 42677.0
571 42677.0
572 42677.0
573 42677.0
574 44029.0
575 42677.0
576 42345.0
577 42345.0
578 42996.0
579 42454.0
580 42886.0
581 42439.0
582 42823.0
583 42823.0
584 42439.0
585 42439.0
586 42575.0
587 43018.0
588 42473.0
589 42885.0
590 42885.0
591 44235.0
592 44235.0
593 42299.0
594 42537.0
595 43224.0
596 43224.0
597 43224.0
598 43224.0
599 41871.0
600 42144.0
601 42270.0
602 42270.0
603 42270.0
604 42144.0
605 42721.0
606 43405.0
607 43405.0
608 43405.0
609 43196.0
610 43196.0
611 43196.0
612 42528.0
613 43818.0
614 42936.0
615 43678.0
616 43678.0
617 42936.0
618 42258.0
619 42745.0
620 42695.0
621 43371.0
622 43649.0
623 43649.0
624 43649.0
625 43649.0
626 42897.0
627 43078.0
628 42863.0
629 42863.0
630 43430.0
631 43430.0
632 43851.0
633 42830.0
634 42957.0
635 42957.0
636 42442.0
637 42442.0
638 42442.0
639 42404.0
640 42228.0
641 42228.0
642 42594.0
643 42298.0
644 42463.0
645 42463.0
646 42693.0
647 42693.0
648 42551.0
649 42874.0
650 43446.0
651 43305.0
652 43305.0
653 43084.0
654 43084.0
655 43552.0
656 43605.0
657 43084.0
658 43084.0
659 43084.0
660 43084.0
661 43084.0
662 43084.0
663 42994.0
664 42994.0
665 42569.0
666 42857.0
667 43519.0
668 42893.0
669 42765.0
670 43078.0
671 43355.0
672 43818.0
673 43818.0
674 43028.0
675 42590.0
676 42696.0
677 42890.0
678 43182.0
679 42729.0
680 42729.0
681 42729.0
682 43391.0
683 42761.0
684 42882.0
685 42712.0
686 42952.0
687 43228.0
688 43228.0
689 43140.0
690 43290.0
691 43094.0
692 42795.0
693 42860.0
694 43337.0
695 42953.0
696 43128.0
697 44751.0
698 44751.0
699 44751.0
700 43150.0
701 43150.0
702 43150.0
703 43842.0
704 43842.0
705 43842.0
706 43579.0
707 43579.0
708 43579.0
709 43579.0
710 43521.0
711 43521.0
712 43738.0
713 43738.0
714 43738.0
715 43592.0
716 43592.0
717 43592.0
718 43546.0
719 43823.0
720 43808.0
721 43808.0
722 43496.0
723 43496.0
724 43667.0
725 43608.0
726 43608.0
727 43412.0
728 43577.0
729 44065.0
730 44065.0
731 42913.0
732 43422.0
733 43422.0
734 43422.0
735 43092.0
736 43067.0
737 42955.0
738 42955.0
739 42955.0
740 43786.0
741 43391.0
742 43770.0
743 44428.0
744 44118.0
745 43818.0
746 43113.0
747 42822.0
748 42848.0
749 43072.0
750 42973.0
751 43360.0
752 43360.0
753 42973.0
754 42943.0
755 42943.0
756 42943.0
757 43309.0
758 42943.0
759 42943.0
760 43510.0
761 43510.0
762 43510.0
763 43510.0
764 43510.0
765 43262.0
766 42479.0
767 42479.0
768 42638.0
769 42939.0
770 42974.0
771 42974.0
772 42467.0
773 42870.0
774 42870.0
775 41956.0
776 42867.0
777 42805.0
778 43663.0
779 43663.0
780 43663.0
781 43663.0
782 42571.0
783 42571.0
784 42571.0
785 42401.0
786 42101.0
787 42101.0
788 42101.0
789 42534.0
790 42534.0
791 42534.0
792 42256.0
793 42256.0
794 41844.0
795 41789.0
796 41713.0
797 41713.0
798 42569.0
799 42569.0
800 42569.0
801 42569.0
802 42261.0
803 41997.0
804 41434.0
805 41434.0
806 41713.0
807 42215.0
808 41657.0
809 41310.0
810 41439.0
811 41439.0
812 41504.0
813 41504.0
814 41491.0
815 41668.0
816 41668.0
817 41619.0
818 41867.0
819 42473.0
820 42473.0
821 42473.0
822 42151.0
823 41531.0
824 41817.0
825 41817.0
826 42020.0
827 42020.0
828 41925.0
829 41705.0
830 42013.0
831 41955.0
832 41955.0
833 43186.0
834 42079.0
835 42093.0
836 42093.0
837 41796.0
838 41796.0
839 41796.0
840 41796.0
841 42086.0
842 42086.0
843 42086.0
844 42086.0
845 42132.0
846 42132.0
847 42132.0
848 42132.0
849 42162.0
850 41912.0
851 42229.0
852 41829.0
853 41933.0
854 41933.0
855 42537.0
856 42267.0
857 43050.0
858 43050.0
859 42440.0
860 42440.0
861 42440.0
862 42192.0
863 42598.0
864 42598.0
865 42887.0
866 42100.0
867 42100.0
868 41916.0
869 41916.0
870 41916.0
871 41916.0
872 41916.0
873 42249.0
874 42249.0
875 42249.0
876 42893.0
877 41920.0
878 41920.0
879 42182.0
880 42182.0
881 42972.0
882 41784.0
883 41867.0
884 41867.0
885 41881.0
886 42459.0
887 42560.0
888 42703.0
889 42056.0
890 42003.0
891 42025.0
892 42073.0
893 42073.0
894 42318.0
895 42246.0
896 42073.0
897 42486.0
898 42486.0
899 41698.0
900 42728.0
901 43685.0
902 43685.0
903 43685.0
904 43685.0
905 43685.0
906 42419.0
907 42354.0
908 42047.0
909 42316.0
910 42066.0
911 42701.0
912 42701.0
913 42123.0
914 42458.0
915 42458.0
916 42778.0
917 42778.0
918 42362.0
919 42362.0
920 42362.0
921 42362.0
922 42780.0
923 42780.0
924 42780.0
925 43304.0
926 43304.0
927 43481.0
928 43481.0
929 43304.0
930 43304.0
931 43936.0
932 43936.0
933 43304.0
934 43304.0
935 43296.0
936 42940.0
937 43411.0
938 43545.0
939 43555.0
940 43545.0
941 43545.0
942 43958.0
943 43958.0
944 44668.0
945 43580.0
946 43580.0
947 43154.0
948 42996.0
949 43423.0
950 43423.0
951 43347.0
952 43359.0
953 43359.0
954 44207.0
955 44207.0
956 43158.0
957 43140.0
958 43538.0
959 43172.0
960 43487.0
961 43401.0
962 43401.0
963 44003.0
964 44003.0
965 44039.0
966 44003.0
967 43437.0
968 44003.0
969 43629.0
970 43629.0
971 43784.0
972 43690.0
973 43641.0
974 44302.0
975 43643.0
976 43626.0
977 43626.0
978 43860.0
979 43983.0
980 43983.0
981 43860.0
982 43460.0
983 43672.0
984 43672.0
985 43714.0
986 44106.0
987 44106.0
988 44185.0
989 44185.0
990 44185.0
991 43826.0
992 44611.0
993 44611.0
994 44611.0
995 44611.0
996 44611.0
997 44611.0
998 44611.0
999 44611.0
1000 44611.0
