0 7146.0
1 7851.0
2 8723.0
3 9168.0
4 11289.0
5 11472.0
6 12345.0
7 12373.0
8 13408.0
9 13590.0
10 15076.0
11 16330.0
12 16196.0
13 16591.0
14 17943.0
15 17943.0
16 18168.0
17 19880.0
18 19880.0
19 20146.0
20 20440.0
21 21627.0
22 21627.0
23 22615.0
24 23156.0
25 22448.0
26 22598.0
27 23373.0
28 24203.0
29 25735.0
30 25735.0
31 26918.0
32 26918.0
33 27052.0
34 27052.0
35 27082.0
36 27813.0
37 27887.0
38 28505.0
39 28245.0
40 29410.0
41 29410.0
42 29588.0
43 29957.0
44 30210.0
45 30210.0
46 31327.0
47 31327.0
48 31327.0
49 31439.0
50 31439.0
51 32256.0
52 31967.0
53 32070.0
54 31690.0
55 32721.0
56 32721.0
57 32888.0
58 32888.0
59 32888.0
60 33056.0
61 33099.0
62 34120.0
63 33562.0
64 34126.0
65 34126.0
66 33936.0
67 34253.0
68 34397.0
69 34696.0
70 34696.0
71 34696.0
72 35039.0
73 34917.0
74 35880.0
75 36035.0
76 35946.0
77 35946.0
78 35946.0
79 35788.0
80 37049.0
81 37074.0
82 36170.0
83 37024.0
84 36775.0
85 36711.0
86 37869.0
87 37059.0
88 36982.0
89 37037.0
90 38017.0
91 37669.0
92 38120.0
93 38225.0
94 37482.0
95 37799.0
96 37811.0
97 38470.0
98 37970.0
99 37970.0
100 38236.0
101 38271.0
102 39090.0
103 39090.0
104 39090.0
105 38835.0
106 38738.0
107 38738.0
108 38893.0
109 38738.0
110 39126.0
111 39389.0
112 39389.0
113 39126.0
114 39619.0
115 40301.0
116 39619.0
117 39619.0
118 39619.0
119 39619.0
120 39383.0
121 39191.0
122 39671.0
123 39671.0
124 39671.0
125 39671.0
126 39609.0
127 39626.0
128 39626.0
129 39626.0
130 40275.0
131 40275.0
132 40275.0
133 39923.0
134 39923.0
135 40115.0
136 40183.0
137 40198.0
138 40193.0
139 40193.0
140 40454.0
141 40454.0
142 40139.0
143 40160.0
144 40160.0
145 40871.0
146 40871.0
147 40931.0
148 40364.0
149 40364.0
150 40976.0
151 40976.0
152 40976.0
153 40976.0
154 40943.0
155 40715.0
156 40898.0
157 40898.0
158 41020.0
159 40898.0
160 41056.0
161 40622.0
162 41067.0
163 41067.0
164 41067.0
165 41136.0
166 41136.0
167 41190.0
168 41190.0
169 41190.0
170 41196.0
171 41196.0
172 41190.0
173 41190.0
174 41190.0
175 40793.0
176 41559.0
177 40234.0
178 40234.0
179 41139.0
180 41139.0
181 41139.0
182 41139.0
183 41139.0
184 41139.0
185 41382.0
186 40998.0
187 40864.0
188 42337.0
189 40864.0
190 41369.0
191 40471.0
192 41787.0
193 41278.0
194 41101.0
195 40815.0
196 40815.0
197 41035.0
198 40815.0
199 40772.0
200 41881.0
201 41881.0
202 42300.0
203 42300.0
204 42300.0
205 41128.0
206 40884.0
207 41345.0
208 41345.0
209 41345.0
210 41752.0
211 41950.0
212 42484.0
213 42484.0
214 42260.0
215 42260.0
216 41045.0
217 42232.0
218 41112.0
219 41413.0
220 41852.0
221 41439.0
222 41376.0
223 41376.0
224 41376.0
225 41376.0
226 41376.0
227 41402.0
228 41327.0
229 41327.0
230 41157.0
231 41812.0
232 42763.0
233 42763.0
234 42763.0
235 42763.0
236 42763.0
237 41794.0
238 41592.0
239 41592.0
240 41384.0
241 41384.0
242 40834.0
243 41304.0
244 41938.0
245 42618.0
246 42618.0
247 42427.0
248 42432.0
249 42427.0
250 42427.0
251 42427.0
252 42427.0
253 42318.0
254 42088.0
255 42088.0
256 42088.0
257 41925.0
258 41925.0
259 41753.0
260 41753.0
261 41610.0
262 41981.0
263 41952.0
264 41954.0
265 41954.0
266 41782.0
267 43447.0
268 43447.0
269 43447.0
270 42442.0
271 42442.0
272 42442.0
273 42479.0
274 44816.0
275 44816.0
276 41878.0
277 42284.0
278 42914.0
279 42914.0
280 43651.0
281 41891.0
282 42612.0
283 41819.0
284 42539.0
285 42539.0
286 42517.0
287 43081.0
288 43081.0
289 43165.0
290 43165.0
291 43165.0
292 43030.0
293 43030.0
294 42439.0
295 42717.0
296 42849.0
297 42849.0
298 42849.0
299 42324.0
300 43154.0
301 43154.0
302 43154.0
303 42382.0
304 42412.0
305 42799.0
306 43056.0
307 42871.0
308 42871.0
309 43115.0
310 42871.0
311 43876.0
312 42968.0
313 42975.0
314 43101.0
315 42875.0
316 42875.0
317 42875.0
318 42875.0
319 42875.0
320 43195.0
321 43446.0
322 43446.0
323 43436.0
324 43436.0
325 43248.0
326 42799.0
327 42722.0
328 43269.0
329 43317.0
330 43618.0
331 43618.0
332 43618.0
333 43618.0
334 43618.0
335 43618.0
336 43967.0
337 43618.0
338 43618.0
339 43618.0
340 43618.0
341 43288.0
342 44156.0
343 44156.0
344 42955.0
345 42983.0
346 42983.0
347 43167.0
348 42857.0
349 42857.0
350 43727.0
351 43727.0
352 43727.0
353 42538.0
354 42589.0
355 42095.0
356 42847.0
357 42847.0
358 42851.0
359 42921.0
360 42921.0
361 42921.0
362 42921.0
363 42842.0
364 43043.0
365 43043.0
366 42640.0
367 42640.0
368 42640.0
369 42640.0
370 42640.0
371 42640.0
372 42640.0
373 42500.0
374 42500.0
375 43309.0
376 42501.0
377 42721.0
378 42721.0
379 42688.0
380 43179.0
381 42708.0
382 42594.0
383 43108.0
384 43052.0
385 43509.0
386 43315.0
387 43315.0
388 43315.0
389 43315.0
390 43985.0
391 43691.0
392 43691.0
393 43691.0
394 43691.0
395 43691.0
396 43691.0
397 43691.0
398 43521.0
399 43537.0
400 43309.0
401 43309.0
402 42866.0
403 43018.0
404 43018.0
405 43146.0
406 43268.0
407 43896.0
408 43921.0
409 43298.0
410 43468.0
411 43345.0
412 44023.0
413 44023.0
414 44023.0
415 44023.0
416 43455.0
417 43916.0
418 43455.0
419 43570.0
420 43570.0
421 43337.0
422 43418.0
423 43418.0
424 43389.0
425 43661.0
426 43266.0
427 43266.0
428 43403.0
429 43461.0
430 43461.0
431 43461.0
432 43366.0
433 43986.0
434 43632.0
435 43700.0
436 44443.0
437 44443.0
438 44443.0
439 44443.0
440 44095.0
441 43449.0
442 43190.0
443 43261.0
444 43159.0
445 43438.0
446 43438.0
447 43400.0
448 44640.0
449 44640.0
450 44640.0
451 43635.0
452 43612.0
453 43472.0
454 43460.0
455 43553.0
456 43553.0
457 43965.0
458 43520.0
459 43327.0
460 43247.0
461 44250.0
462 44250.0
463 44006.0
464 44022.0
465 44022.0
466 43152.0
467 44596.0
468 44596.0
469 44596.0
470 44596.0
471 44596.0
472 43503.0
473 44117.0
474 43503.0
475 43344.0
476 43103.0
477 43098.0
478 43044.0
479 42842.0
480 42990.0
481 43418.0
482 43418.0
483 43418.0
484 42905.0
485 42985.0
486 42906.0
487 43879.0
488 43879.0
489 43391.0
490 43845.0
491 43845.0
492 43845.0
493 43845.0
494 44166.0
495 44166.0
496 43681.0
497 43681.0
498 43681.0
499 43681.0
500 43681.0
501 43862.0
502 43862.0
503 43666.0
504 43666.0
505 43953.0
506 44127.0
507 43320.0
508 43518.0
509 44179.0
510 43607.0
511 43607.0
512 43533.0
513 43701.0
514 43701.0
515 43450.0
516 43450.0
517 43778.0
518 43612.0
519 43240.0
520 44032.0
521 43366.0
522 43425.0
523 43240.0
524 43172.0
525 43171.0
526 43197.0
527 43656.0
528 43656.0
529 43656.0
530 43656.0
531 43333.0
532 43067.0
533 43067.0
534 43814.0
535 42996.0
536 43351.0
537 43351.0
538 43351.0
539 43351.0
540 42805.0
541 43598.0
542 42510.0
543 42510.0
544 43495.0
545 43307.0
546 42497.0
547 42360.0
548 43481.0
549 43039.0
550 42978.0
551 42552.0
552 42715.0
553 42126.0
554 42736.0
555 42736.0
556 42736.0
557 42736.0
558 42796.0
559 43331.0
560 43331.0
561 43052.0
562 43052.0
563 43681.0
564 43681.0
565 42726.0
566 42726.0
567 42726.0
568 42740.0
569 43155.0
570 42527.0
571 43108.0
572 42859.0
573 42859.0
574 42630.0
575 42850.0
576 42850.0
577 43079.0
578 42342.0
579 42447.0
580 42870.0
581 42507.0
582 42788.0
583 42447.0
584 42138.0
585 42118.0
586 42878.0
587 42690.0
588 42690.0
589 42690.0
590 42616.0
591 42616.0
592 42726.0
593 43579.0
594 43276.0
595 42980.0
596 42779.0
597 43056.0
598 43153.0
599 43788.0
600 43614.0
601 43614.0
602 43599.0
603 43546.0
604 43696.0
605 43322.0
606 43692.0
607 44053.0
608 44112.0
609 43706.0
610 44143.0
611 44025.0
612 44025.0
613 44025.0
614 43611.0
615 43630.0
616 43916.0
617 43609.0
618 44273.0
619 43818.0
620 43889.0
621 44062.0
622 44156.0
623 44156.0
624 44156.0
625 43868.0
626 44118.0
627 43650.0
628 43885.0
629 44488.0
630 46025.0
631 46025.0
632 44204.0
633 43690.0
634 44059.0
635 44059.0
636 44144.0
637 44304.0
638 44144.0
639 44405.0
640 44144.0
641 44685.0
642 44685.0
643 44685.0
644 44685.0
645 44685.0
646 44875.0
647 44590.0
648 44150.0
649 44308.0
650 44570.0
651 44570.0
652 44558.0
653 44342.0
654 44279.0
655 44577.0
656 44577.0
657 44332.0
658 44373.0
659 44332.0
660 44644.0
661 44458.0
662 44745.0
663 44466.0
664 44560.0
665 44751.0
666 44505.0
667 44505.0
668 44398.0
669 45093.0
670 44567.0
671 44483.0
672 44528.0
673 44471.0
674 45553.0
675 44679.0
676 44895.0
677 44895.0
678 44786.0
679 44397.0
680 44438.0
681 45887.0
682 45887.0
683 44470.0
684 45330.0
685 45217.0
686 44771.0
687 44468.0
688 44468.0
689 44140.0
690 44125.0
691 44354.0
692 43725.0
693 43821.0
694 43725.0
695 44640.0
696 44640.0
697 44640.0
698 44135.0
699 44259.0
700 44259.0
701 44426.0
702 44624.0
703 43780.0
704 44116.0
705 43860.0
706 43796.0
707 43967.0
708 43967.0
709 43536.0
710 44252.0
711 44252.0
712 43848.0
713 44267.0
714 44291.0
715 44291.0
716 44291.0
717 43992.0
718 44136.0
719 44820.0
720 43992.0
721 44392.0
722 44392.0
723 44392.0
724 44592.0
725 44359.0
726 44359.0
727 44120.0
728 44843.0
729 44623.0
730 44782.0
731 44782.0
732 44782.0
733 44782.0
734 44956.0
735 44956.0
736 44956.0
737 44820.0
738 45159.0
739 45690.0
740 45159.0
741 45159.0
742 44428.0
743 44972.0
744 45639.0
745 45639.0
746 44478.0
747 45117.0
748 44527.0
749 45578.0
750 45578.0
751 45118.0
752 45118.0
753 44929.0
754 44929.0
755 44929.0
756 45142.0
757 45442.0
758 44985.0
759 45127.0
760 45270.0
761 44896.0
762 44913.0
763 45651.0
764 45299.0
765 45299.0
766 45299.0
767 45778.0
768 45299.0
769 45513.0
770 45513.0
771 45380.0
772 45380.0
773 45240.0
774 46273.0
775 46273.0
776 46273.0
777 46273.0
778 45696.0
779 46035.0
780 46035.0
781 46116.0
782 46426.0
783 46139.0
784 46035.0
785 46035.0
786 46035.0
787 46531.0
788 46121.0
789 46332.0
790 46138.0
791 46138.0
792 46214.0
793 46536.0
794 46722.0
795 46357.0
796 46357.0
797 46357.0
798 46937.0
799 45800.0
800 45800.0
801 45800.0
802 46064.0
803 47016.0
804 47016.0
805 47016.0
806 47016.0
807 47016.0
808 47015.0
809 46493.0
810 46493.0
811 46493.0
812 46261.0
813 46079.0
814 46239.0
815 46239.0
816 46239.0
817 45545.0
818 45519.0
819 45335.0
820 46130.0
821 46130.0
822 46130.0
823 45637.0
824 45799.0
825 45799.0
826 46013.0
827 46013.0
828 45984.0
829 45984.0
830 46263.0
831 45800.0
832 46007.0
833 46316.0
834 45917.0
835 45917.0
836 46212.0
837 46212.0
838 45870.0
839 45744.0
840 45897.0
841 46946.0
842 46946.0
843 46946.0
844 46946.0
845 46583.0
846 46212.0
847 46212.0
848 46611.0
849 46242.0
850 46217.0
851 46217.0
852 46722.0
853 46175.0
854 46513.0
855 46501.0
856 46501.0
857 46921.0
858 46921.0
859 46921.0
860 46868.0
861 46868.0
862 46868.0
863 46670.0
864 46486.0
865 46345.0
866 46345.0
867 46345.0
868 46345.0
869 47170.0
870 47278.0
871 46788.0
872 46788.0
873 46684.0
874 46684.0
875 46881.0
876 46881.0
877 46579.0
878 47066.0
879 47066.0
880 47113.0
881 47113.0
882 47026.0
883 47026.0
884 46653.0
885 46653.0
886 46653.0
887 46936.0
888 46653.0
889 46937.0
890 46878.0
891 46907.0
892 46907.0
893 46907.0
894 46907.0
895 46842.0
896 47040.0
897 47040.0
898 47286.0
899 47286.0
900 47146.0
901 47002.0
902 47221.0
903 47221.0
904 47221.0
905 47221.0
906 47221.0
907 46953.0
908 47403.0
909 47403.0
910 47403.0
911 47230.0
912 47303.0
913 47303.0
914 47322.0
915 47322.0
916 47322.0
917 47322.0
918 47322.0
919 47322.0
920 47580.0
921 47446.0
922 47446.0
923 47864.0
924 47078.0
925 47200.0
926 47200.0
927 47237.0
928 47848.0
929 47237.0
930 47237.0
931 47112.0
932 47885.0
933 47885.0
934 47885.0
935 47393.0
936 47519.0
937 47084.0
938 47084.0
939 47415.0
940 47499.0
941 47499.0
942 47496.0
943 47250.0
944 47233.0
945 47233.0
946 47523.0
947 47597.0
948 47597.0
949 47365.0
950 47249.0
951 47892.0
952 47892.0
953 47892.0
954 47350.0
955 47635.0
956 47350.0
957 47158.0
958 47158.0
959 47242.0
960 47181.0
961 47548.0
962 47681.0
963 47548.0
964 47592.0
965 47548.0
966 47379.0
967 47436.0
968 47379.0
969 47851.0
970 47681.0
971 47681.0
972 47681.0
973 47681.0
974 47681.0
975 47681.0
976 47548.0
977 47959.0
978 47923.0
979 47923.0
980 47632.0
981 47632.0
982 47677.0
983 47682.0
984 47678.0
985 47838.0
986 47838.0
987 47886.0
988 47886.0
989 48143.0
990 48106.0
991 48106.0
992 48362.0
993 48208.0
994 48187.0
995 48630.0
996 48187.0
997 47972.0
998 47954.0
999 48079.0
1000 48079.0
