0 7336.0
1 8136.0
2 9399.0
3 10306.0
4 10306.0
5 11588.0
6 12698.0
7 13269.0
8 13269.0
9 13975.0
10 14201.0
11 15283.0
12 17027.0
13 16818.0
14 17309.0
15 17633.0
16 17865.0
17 19179.0
18 20095.0
19 19808.0
20 20596.0
21 21779.0
22 21969.0
23 22699.0
24 22699.0
25 22789.0
26 22699.0
27 24093.0
28 24127.0
29 24301.0
30 24494.0
31 24908.0
32 25430.0
33 25755.0
34 26504.0
35 26629.0
36 27018.0
37 27107.0
38 27238.0
39 27739.0
40 28872.0
41 28872.0
42 28666.0
43 28722.0
44 30160.0
45 29915.0
46 29942.0
47 30053.0
48 30276.0
49 31844.0
50 31844.0
51 31704.0
52 31956.0
53 31956.0
54 32048.0
55 33870.0
56 33870.0
57 33870.0
58 33870.0
59 33999.0
60 33630.0
61 34042.0
62 33630.0
63 34484.0
64 34115.0
65 34634.0
66 34801.0
67 34873.0
68 34873.0
69 35321.0
70 34538.0
71 35322.0
72 35558.0
73 36509.0
74 36509.0
75 36509.0
76 35785.0
77 36476.0
78 37301.0
79 37301.0
80 36078.0
81 36598.0
82 37004.0
83 37004.0
84 37004.0
85 37279.0
86 37004.0
87 37004.0
88 37616.0
89 36868.0
90 37149.0
91 37546.0
92 37953.0
93 38962.0
94 38664.0
95 38664.0
96 38664.0
97 37364.0
98 38438.0
99 39551.0
100 38438.0
101 38438.0
102 39192.0
103 39192.0
104 38181.0
105 39112.0
106 39112.0
107 39112.0
108 38807.0
109 39900.0
110 39900.0
111 39900.0
112 38533.0
113 39086.0
114 39778.0
115 39778.0
116 39778.0
117 38728.0
118 39080.0
119 39080.0
120 39080.0
121 38854.0
122 39782.0
123 39782.0
124 39782.0
125 39782.0
126 39782.0
127 39813.0
128 39608.0
129 39835.0
130 39835.0
131 39652.0
132 39652.0
133 39926.0
134 39382.0
135 39729.0
136 39729.0
137 40409.0
138 40409.0
139 40409.0
140 40409.0
141 40409.0
142 39884.0
143 40131.0
144 39908.0
145 39908.0
146 40024.0
147 40024.0
148 40736.0
149 40736.0
150 40736.0
151 41065.0
152 40736.0
153 40736.0
154 40736.0
155 40524.0
156 40936.0
157 40936.0
158 40090.0
159 40643.0
160 40643.0
161 40121.0
162 40625.0
163 40625.0
164 40625.0
165 40625.0
166 40713.0
167 40177.0
168 40313.0
169 40925.0
170 41391.0
171 41391.0
172 41391.0
173 41391.0
174 41391.0
175 41391.0
176 41391.0
177 41015.0
178 40428.0
179 40482.0
180 40175.0
181 40951.0
182 40984.0
183 40125.0
184 40814.0
185 40630.0
186 41034.0
187 40379.0
188 40908.0
189 40535.0
190 40535.0
191 40535.0
192 41087.0
193 41087.0
194 41087.0
195 40646.0
196 40646.0
197 40646.0
198 41257.0
199 41541.0
200 41541.0
201 41541.0
202 41541.0
203 40903.0
204 40903.0
205 40903.0
206 40690.0
207 40978.0
208 40978.0
209 41461.0
210 40971.0
211 40971.0
212 40563.0
213 40563.0
214 40925.0
215 41064.0
216 41270.0
217 42783.0
218 42783.0
219 41270.0
220 41270.0
221 41270.0
222 40941.0
223 40583.0
224 40590.0
225 41617.0
226 40690.0
227 40690.0
228 40690.0
229 42282.0
230 41110.0
231 41084.0
232 41270.0
233 41270.0
234 41513.0
235 42431.0
236 40945.0
237 41921.0
238 41921.0
239 40418.0
240 40573.0
241 40573.0
242 40991.0
243 40991.0
244 41143.0
245 41143.0
246 41899.0
247 41899.0
248 41143.0
249 41013.0
250 41067.0
251 40619.0
252 41156.0
253 40883.0
254 41315.0
255 41315.0
256 42978.0
257 40934.0
258 40974.0
259 41449.0
260 42260.0
261 42260.0
262 41557.0
263 41534.0
264 41534.0
265 41535.0
266 41535.0
267 41535.0
268 41535.0
269 42659.0
270 41570.0
271 41570.0
272 41447.0
273 41856.0
274 41856.0
275 41461.0
276 41461.0
277 41461.0
278 41293.0
279 41007.0
280 41321.0
281 42160.0
282 42160.0
283 42160.0
284 41681.0
285 41706.0
286 41681.0
287 41681.0
288 41759.0
289 42055.0
290 42055.0
291 42055.0
292 42055.0
293 42424.0
294 42424.0
295 41893.0
296 42168.0
297 42168.0
298 42089.0
299 42267.0
300 41986.0
301 41986.0
302 42488.0
303 42488.0
304 42488.0
305 43118.0
306 43118.0
307 43118.0
308 42359.0
309 42226.0
310 42454.0
311 42454.0
312 42570.0
313 42246.0
314 41985.0
315 41967.0
316 42373.0
317 42373.0
318 42373.0
319 42934.0
320 42934.0
321 42221.0
322 42977.0
323 42952.0
324 42138.0
325 42222.0
326 42325.0
327 42751.0
328 42686.0
329 42325.0
330 42428.0
331 42428.0
332 42428.0
333 42672.0
334 42428.0
335 42428.0
336 43047.0
337 42089.0
338 42026.0
339 42026.0
340 42004.0
341 42004.0
342 41909.0
343 41712.0
344 42375.0
345 42375.0
346 42375.0
347 42262.0
348 42285.0
349 42285.0
350 42285.0
351 42285.0
352 41520.0
353 41833.0
354 41833.0
355 42289.0
356 42256.0
357 42475.0
358 42256.0
359 42256.0
360 42028.0
361 42915.0
362 42058.0
363 42058.0
364 42394.0
365 43269.0
366 43269.0
367 43269.0
368 42250.0
369 42250.0
370 43008.0
371 43008.0
372 43008.0
373 42183.0
374 42543.0
375 42821.0
376 42929.0
377 42929.0
378 42906.0
379 42699.0
380 42699.0
381 42826.0
382 43530.0
383 43530.0
384 43078.0
385 42429.0
386 43380.0
387 42420.0
388 42420.0
389 42591.0
390 42647.0
391 42862.0
392 43782.0
393 43782.0
394 42862.0
395 42763.0
396 42763.0
397 42847.0
398 43077.0
399 43077.0
400 42761.0
401 43380.0
402 43870.0
403 43436.0
404 42844.0
405 43298.0
406 43298.0
407 42898.0
408 43671.0
409 43671.0
410 43671.0
411 43671.0
412 43671.0
413 43235.0
414 43235.0
415 43235.0
416 42672.0
417 43151.0
418 43151.0
419 43151.0
420 43151.0
421 43151.0
422 43151.0
423 43151.0
424 42733.0
425 42271.0
426 42441.0
427 42501.0
428 42501.0
429 42572.0
430 42572.0
431 42572.0
432 42572.0
433 42572.0
434 42572.0
435 42572.0
436 42572.0
437 42572.0
438 42541.0
439 42541.0
440 42286.0
441 41998.0
442 42715.0
443 42715.0
444 43074.0
445 43074.0
446 43074.0
447 42391.0
448 42391.0
449 42521.0
450 42521.0
451 42521.0
452 42521.0
453 42135.0
454 42097.0
455 42468.0
456 42092.0
457 42747.0
458 42209.0
459 42732.0
460 42732.0
461 43278.0
462 43278.0
463 42816.0
464 42816.0
465 42816.0
466 43234.0
467 43234.0
468 42839.0
469 42839.0
470 42839.0
471 43030.0
472 42161.0
473 42257.0
474 42305.0
475 42178.0
476 43324.0
477 42826.0
478 42479.0
479 42949.0
480 42949.0
481 42949.0
482 42663.0
483 43071.0
484 42915.0
485 42915.0
486 42915.0
487 42915.0
488 42398.0
489 42350.0
490 42449.0
491 42449.0
492 43190.0
493 43190.0
494 43190.0
495 43143.0
496 42543.0
497 43224.0
498 42743.0
499 42728.0
500 43040.0
501 42803.0
502 42803.0
503 42803.0
504 42876.0
505 43281.0
506 43281.0
507 43281.0
508 43281.0
509 43281.0
510 43997.0
511 43208.0
512 43275.0
513 43176.0
514 43176.0
515 44291.0
516 44291.0
517 42414.0
518 42882.0
519 42932.0
520 42932.0
521 43870.0
522 42949.0
523 43175.0
524 43009.0
525 43539.0
526 43539.0
527 43640.0
528 43640.0
529 43930.0
530 43930.0
531 43930.0
532 43214.0
533 43757.0
534 43052.0
535 42971.0
536 42773.0
537 43435.0
538 43644.0
539 43644.0
540 43644.0
541 43426.0
542 44230.0
543 44230.0
544 44230.0
545 43884.0
546 43289.0
547 43569.0
548 43289.0
549 43392.0
550 43518.0
551 43548.0
552 43613.0
553 43613.0
554 42950.0
555 43468.0
556 43524.0
557 43524.0
558 43524.0
559 43602.0
560 43602.0
561 43056.0
562 43171.0
563 42950.0
564 43133.0
565 43557.0
566 43595.0
567 43595.0
568 43635.0
569 43595.0
570 43557.0
571 43850.0
572 43572.0
573 43572.0
574 43572.0
575 43572.0
576 43848.0
577 43848.0
578 43632.0
579 43628.0
580 43699.0
581 44227.0
582 43423.0
583 43748.0
584 43464.0
585 43715.0
586 43715.0
587 43800.0
588 43816.0
589 44360.0
590 44360.0
591 44360.0
592 44360.0
593 44070.0
594 43695.0
595 44060.0
596 44142.0
597 43688.0
598 43830.0
599 44101.0
600 44392.0
601 44343.0
602 44231.0
603 44337.0
604 44909.0
605 44981.0
606 44223.0
607 44371.0
608 44371.0
609 44218.0
610 43936.0
611 43936.0
612 43936.0
613 43936.0
614 43743.0
615 44451.0
616 44451.0
617 44451.0
618 44012.0
619 44464.0
620 44012.0
621 44545.0
622 43949.0
623 44147.0
624 44359.0
625 44147.0
626 44516.0
627 43979.0
628 43979.0
629 43679.0
630 44597.0
631 44597.0
632 44597.0
633 44551.0
634 45270.0
635 44551.0
636 44752.0
637 44752.0
638 44752.0
639 44784.0
640 44784.0
641 44590.0
642 43990.0
643 43866.0
644 43866.0
645 43866.0
646 43892.0
647 43892.0
648 44560.0
649 43887.0
650 44347.0
651 44347.0
652 44385.0
653 44347.0
654 44347.0
655 44347.0
656 43800.0
657 43800.0
658 44189.0
659 43800.0
660 43800.0
661 43800.0
662 43940.0
663 44087.0
664 44087.0
665 43335.0
666 43335.0
667 43085.0
668 43085.0
669 43236.0
670 43222.0
671 43222.0
672 43222.0
673 42962.0
674 42833.0
675 42833.0
676 42532.0
677 43138.0
678 43138.0
679 43138.0
680 43010.0
681 43053.0
682 43053.0
683 42752.0
684 43267.0
685 43976.0
686 43267.0
687 43983.0
688 43983.0
689 43983.0
690 43732.0
691 43679.0
692 43827.0
693 43219.0
694 43287.0
695 43084.0
696 43084.0
697 44405.0
698 43084.0
699 42995.0
700 43071.0
701 43390.0
702 43463.0
703 43463.0
704 43390.0
705 43390.0
706 43507.0
707 44629.0
708 44629.0
709 43507.0
710 43429.0
711 43429.0
712 43029.0
713 43029.0
714 43029.0
715 43029.0
716 43160.0
717 43160.0
718 43160.0
719 42863.0
720 42863.0
721 42863.0
722 42451.0
723 42088.0
724 42206.0
725 42206.0
726 42359.0
727 42359.0
728 41655.0
729 41586.0
730 41857.0
731 41617.0
732 41908.0
733 41908.0
734 42251.0
735 42398.0
736 42398.0
737 42398.0
738 42398.0
739 42344.0
740 42344.0
741 41937.0
742 41937.0
743 41937.0
744 41937.0
745 41937.0
746 41826.0
747 41826.0
748 41771.0
749 41912.0
750 42069.0
751 41912.0
752 42827.0
753 42827.0
754 42827.0
755 41843.0
756 41843.0
757 41673.0
758 41484.0
759 41981.0
760 41641.0
761 41641.0
762 42096.0
763 42096.0
764 42288.0
765 42288.0
766 42096.0
767 42096.0
768 42096.0
769 41860.0
770 42177.0
771 42641.0
772 42177.0
773 42570.0
774 42177.0
775 42186.0
776 42177.0
777 42578.0
778 42301.0
779 42315.0
780 42762.0
781 42301.0
782 41842.0
783 42033.0
784 43307.0
785 43307.0
786 43307.0
787 43307.0
788 42560.0
789 42350.0
790 42350.0
791 42856.0
792 42856.0
793 42728.0
794 42728.0
795 42728.0
796 42728.0
797 42700.0
798 42611.0
799 42919.0
800 42919.0
801 43270.0
802 42275.0
803 44242.0
804 44242.0
805 42362.0
806 42608.0
807 43064.0
808 43064.0
809 43064.0
810 43248.0
811 42611.0
812 43461.0
813 42657.0
814 42611.0
815 42528.0
816 42528.0
817 42629.0
818 42482.0
819 42527.0
820 42593.0
821 42807.0
822 42807.0
823 43505.0
824 43505.0
825 43505.0
826 42865.0
827 42865.0
828 42865.0
829 42804.0
830 42635.0
831 43605.0
832 43605.0
833 43641.0
834 43641.0
835 44244.0
836 44244.0
837 43013.0
838 43059.0
839 42490.0
840 42547.0
841 42547.0
842 42467.0
843 43384.0
844 43161.0
845 43411.0
846 44025.0
847 44025.0
848 43411.0
849 42774.0
850 42774.0
851 42851.0
852 43680.0
853 42703.0
854 42799.0
855 42799.0
856 43096.0
857 42483.0
858 42522.0
859 42347.0
860 42938.0
861 42901.0
862 42984.0
863 42900.0
864 42900.0
865 42900.0
866 42900.0
867 43214.0
868 42900.0
869 42641.0
870 42782.0
871 42637.0
872 42933.0
873 43294.0
874 43294.0
875 43294.0
876 43294.0
877 43329.0
878 43294.0
879 43294.0
880 43294.0
881 42803.0
882 43045.0
883 43344.0
884 43344.0
885 43723.0
886 43242.0
887 43242.0
888 42939.0
889 43530.0
890 43530.0
891 43800.0
892 43800.0
893 43800.0
894 43168.0
895 43224.0
896 43463.0
897 43463.0
898 43463.0
899 43463.0
900 43929.0
901 43704.0
902 43587.0
903 43910.0
904 43614.0
905 43793.0
906 43857.0
907 44727.0
908 43857.0
909 44812.0
910 43857.0
911 43750.0
912 43750.0
913 43708.0
914 45059.0
915 44629.0
916 44629.0
917 44629.0
918 44629.0
919 44629.0
920 44629.0
921 44187.0
922 44378.0
923 43997.0
924 44071.0
925 44875.0
926 44875.0
927 44280.0
928 44280.0
929 44287.0
930 44520.0
931 44520.0
932 44520.0
933 43886.0
934 44682.0
935 44682.0
936 44682.0
937 44869.0
938 44869.0
939 44869.0
940 44140.0
941 43673.0
942 43570.0
943 44022.0
944 44022.0
945 44022.0
946 43615.0
947 43971.0
948 43971.0
949 43995.0
950 43995.0
951 43971.0
952 43971.0
953 43971.0
954 43439.0
955 44673.0
956 44673.0
957 44409.0
958 43715.0
959 44297.0
960 44297.0
961 44297.0
962 44297.0
963 44297.0
964 44297.0
965 44262.0
966 44032.0
967 44032.0
968 43698.0
969 43744.0
970 43744.0
971 44212.0
972 43980.0
973 44019.0
974 43929.0
975 43827.0
976 44209.0
977 44209.0
978 44705.0
979 43926.0
980 44035.0
981 43940.0
982 44136.0
983 44136.0
984 43944.0
985 44758.0
986 44758.0
987 44123.0
988 43805.0
989 44124.0
990 44297.0
991 44297.0
992 44290.0
993 44509.0
994 44855.0
995 44388.0
996 44316.0
997 44316.0
998 44316.0
999 44050.0
1000 44086.0
