0 7428.0
1 8137.0
2 8721.0
3 9972.0
4 10546.0
5 11576.0
6 11890.0
7 12748.0
8 13982.0
9 13980.0
10 14396.0
11 15197.0
12 16261.0
13 16395.0
14 16794.0
15 17573.0
16 17820.0
17 18216.0
18 18865.0
19 20096.0
20 20861.0
21 21760.0
22 21809.0
23 22051.0
24 22515.0
25 22696.0
26 23534.0
27 24307.0
28 25472.0
29 25472.0
30 25514.0
31 25967.0
32 26283.0
33 26334.0
34 27320.0
35 29190.0
36 27719.0
37 27938.0
38 28501.0
39 28553.0
40 28690.0
41 29928.0
42 30130.0
43 31001.0
44 31001.0
45 30576.0
46 30982.0
47 30829.0
48 30829.0
49 31403.0
50 31466.0
51 31297.0
52 31907.0
53 31997.0
54 32857.0
55 32857.0
56 32857.0
57 33577.0
58 33577.0
59 33161.0
60 33499.0
61 33862.0
62 33463.0
63 35169.0
64 35169.0
65 35169.0
66 35466.0
67 34907.0
68 35038.0
69 34828.0
70 35313.0
71 35313.0
72 35113.0
73 35113.0
74 36226.0
75 35559.0
76 35559.0
77 36299.0
78 36265.0
79 36265.0
80 36265.0
81 36832.0
82 36832.0
83 36947.0
84 37272.0
85 36384.0
86 36450.0
87 36450.0
88 37050.0
89 37050.0
90 37168.0
91 37168.0
92 36718.0
93 37215.0
94 37215.0
95 37567.0
96 37576.0
97 37576.0
98 37576.0
99 37576.0
100 37165.0
101 38193.0
102 38424.0
103 37811.0
104 38057.0
105 38057.0
106 38057.0
107 38099.0
108 37655.0
109 37760.0
110 38180.0
111 38180.0
112 38311.0
113 38135.0
114 38511.0
115 37906.0
116 38789.0
117 38606.0
118 38857.0
119 38857.0
120 39490.0
121 39490.0
122 39490.0
123 39490.0
124 38723.0
125 38723.0
126 39290.0
127 39092.0
128 39212.0
129 39092.0
130 39229.0
131 39421.0
132 40238.0
133 39328.0
134 39328.0
135 39328.0
136 39328.0
137 39328.0
138 39328.0
139 39311.0
140 39600.0
141 39600.0
142 39600.0
143 39683.0
144 39861.0
145 39861.0
146 40504.0
147 40504.0
148 40504.0
149 39802.0
150 39802.0
151 39109.0
152 39459.0
153 39109.0
154 39109.0
155 39969.0
156 39969.0
157 39328.0
158 39328.0
159 39396.0
160 39389.0
161 39065.0
162 40625.0
163 40625.0
164 40476.0
165 40476.0
166 40476.0
167 40472.0
168 40472.0
169 39893.0
170 39549.0
171 41289.0
172 40324.0
173 40119.0
174 40029.0
175 39435.0
176 40687.0
177 40687.0
178 40098.0
179 40098.0
180 40734.0
181 41225.0
182 40545.0
183 40288.0
184 41430.0
185 40104.0
186 40585.0
187 40250.0
188 40075.0
189 40075.0
190 40472.0
191 40623.0
192 40619.0
193 40307.0
194 40134.0
195 41265.0
196 40627.0
197 40262.0
198 40279.0
199 40134.0
200 40340.0
201 40340.0
202 40381.0
203 40853.0
204 40323.0
205 41111.0
206 42369.0
207 42369.0
208 41458.0
209 41458.0
210 41458.0
211 40951.0
212 40851.0
213 41272.0
214 41357.0
215 41272.0
216 41272.0
217 41272.0
218 41272.0
219 41272.0
220 42517.0
221 41832.0
222 41832.0
223 41592.0
224 41993.0
225 41295.0
226 41295.0
227 41479.0
228 41479.0
229 42058.0
230 40666.0
231 41594.0
232 41594.0
233 41594.0
234 41594.0
235 41594.0
236 41279.0
237 41238.0
238 41238.0
239 41238.0
240 41162.0
241 41104.0
242 40988.0
243 41037.0
244 41037.0
245 41709.0
246 41709.0
247 41709.0
248 41242.0
249 41242.0
250 41242.0
251 41242.0
252 40800.0
253 41330.0
254 42095.0
255 41202.0
256 42182.0
257 42182.0
258 42182.0
259 42182.0
260 41471.0
261 41224.0
262 41560.0
263 41560.0
264 41561.0
265 41298.0
266 41911.0
267 42151.0
268 42151.0
269 42151.0
270 42804.0
271 42151.0
272 42151.0
273 42935.0
274 42195.0
275 41586.0
276 41822.0
277 43249.0
278 42780.0
279 42113.0
280 41702.0
281 42769.0
282 42769.0
283 42769.0
284 42769.0
285 42769.0
286 42769.0
287 42769.0
288 42769.0
289 42399.0
290 42399.0
291 42399.0
292 42399.0
293 42644.0
294 42644.0
295 42644.0
296 42733.0
297 42733.0
298 42644.0
299 41844.0
300 41844.0
301 42730.0
302 42730.0
303 41907.0
304 41724.0
305 41705.0
306 41072.0
307 41312.0
308 41805.0
309 41805.0
310 41805.0
311 41805.0
312 41278.0
313 41409.0
314 41409.0
315 41002.0
316 41160.0
317 41020.0
318 41020.0
319 42034.0
320 41887.0
321 41887.0
322 41214.0
323 41414.0
324 41512.0
325 41512.0
326 41667.0
327 41667.0
328 41317.0
329 41416.0
330 41317.0
331 41189.0
332 41145.0
333 42538.0
334 42538.0
335 41625.0
336 41518.0
337 41518.0
338 42316.0
339 43052.0
340 43052.0
341 43052.0
342 43052.0
343 41620.0
344 41620.0
345 41398.0
346 41632.0
347 41849.0
348 41359.0
349 41839.0
350 41381.0
351 41253.0
352 41255.0
353 41593.0
354 41633.0
355 41751.0
356 42800.0
357 42401.0
358 42401.0
359 41982.0
360 41851.0
361 41938.0
362 42074.0
363 41938.0
364 41417.0
365 42526.0
366 42526.0
367 41644.0
368 41685.0
369 41685.0
370 43132.0
371 42448.0
372 42448.0
373 42493.0
374 42493.0
375 42278.0
376 42278.0
377 42278.0
378 41569.0
379 41552.0
380 42086.0
381 42086.0
382 42086.0
383 41778.0
384 41820.0
385 41778.0
386 41778.0
387 41709.0
388 41896.0
389 41896.0
390 42104.0
391 41980.0
392 41896.0
393 42533.0
394 42005.0
395 42199.0
396 42199.0
397 42259.0
398 42434.0
399 42434.0
400 42455.0
401 42259.0
402 42259.0
403 42259.0
404 42258.0
405 42258.0
406 42258.0
407 42258.0
408 42087.0
409 42087.0
410 42087.0
411 42087.0
412 42172.0
413 42380.0
414 42380.0
415 42380.0
416 42513.0
417 42243.0
418 42243.0
419 42537.0
420 42511.0
421 42511.0
422 42243.0
423 42243.0
424 42243.0
425 42243.0
426 42941.0
427 42739.0
428 42739.0
429 42560.0
430 42560.0
431 42572.0
432 43397.0
433 43397.0
434 43397.0
435 42333.0
436 42443.0
437 43249.0
438 43249.0
439 43403.0
440 43403.0
441 43403.0
442 43403.0
443 43403.0
444 42766.0
445 43139.0
446 43139.0
447 42894.0
448 42999.0
449 43956.0
450 43125.0
451 43104.0
452 43131.0
453 43131.0
454 42750.0
455 43087.0
456 43714.0
457 43714.0
458 43714.0
459 43655.0
460 43469.0
461 43469.0
462 43501.0
463 43501.0
464 43501.0
465 42930.0
466 43435.0
467 44064.0
468 43699.0
469 43770.0
470 43783.0
471 43386.0
472 43221.0
473 43313.0
474 43657.0
475 43657.0
476 43199.0
477 43150.0
478 43377.0
479 43759.0
480 43433.0
481 43433.0
482 43649.0
483 44234.0
484 44234.0
485 44234.0
486 44234.0
487 44234.0
488 43563.0
489 43782.0
490 43782.0
491 43583.0
492 43583.0
493 43735.0
494 43735.0
495 43735.0
496 43735.0
497 43735.0
498 42969.0
499 43469.0
500 43619.0
501 43619.0
502 43882.0
503 43619.0
504 43456.0
505 43456.0
506 43519.0
507 43519.0
508 43539.0
509 43539.0
510 43708.0
511 43968.0
512 43968.0
513 44032.0
514 43968.0
515 43409.0
516 43953.0
517 43610.0
518 44150.0
519 43388.0
520 43350.0
521 43435.0
522 43984.0
523 43984.0
524 43914.0
525 44263.0
526 44892.0
527 44013.0
528 44013.0
529 44013.0
530 44289.0
531 44289.0
532 44289.0
533 44289.0
534 45328.0
535 45328.0
536 45328.0
537 44193.0
538 44024.0
539 44024.0
540 44385.0
541 44024.0
542 43969.0
543 43720.0
544 44576.0
545 43857.0
546 43857.0
547 43857.0
548 43953.0
549 43818.0
550 43818.0
551 43818.0
552 43818.0
553 44366.0
554 44366.0
555 43580.0
556 44232.0
557 43655.0
558 43524.0
559 43905.0
560 44179.0
561 43905.0
562 43905.0
563 43770.0
564 43770.0
565 43784.0
566 44096.0
567 44096.0
568 43918.0
569 43719.0
570 43713.0
571 43610.0
572 44772.0
573 44293.0
574 44293.0
575 43846.0
576 44267.0
577 43950.0
578 44063.0
579 43900.0
580 43955.0
581 44527.0
582 46081.0
583 46081.0
584 44482.0
585 43805.0
586 43805.0
587 43845.0
588 43881.0
589 44096.0
590 44085.0
591 44023.0
592 43991.0
593 44716.0
594 44716.0
595 45037.0
596 44139.0
597 44739.0
598 44215.0
599 44143.0
600 44349.0
601 44527.0
602 44527.0
603 44297.0
604 44297.0
605 44297.0
606 44297.0
607 44079.0
608 44079.0
609 43807.0
610 44296.0
611 44077.0
612 44077.0
613 44194.0
614 43811.0
615 43779.0
616 43932.0
617 44404.0
618 44379.0
619 44379.0
620 44782.0
621 44782.0
622 44529.0
623 44529.0
624 44415.0
625 44364.0
626 45864.0
627 44399.0
628 44545.0
629 44585.0
630 44585.0
631 44345.0
632 44934.0
633 44934.0
634 44934.0
635 44472.0
636 44472.0
637 44617.0
638 44518.0
639 45097.0
640 44445.0
641 44613.0
642 44958.0
643 44958.0
644 44958.0
645 44985.0
646 44985.0
647 45191.0
648 45191.0
649 44985.0
650 44985.0
651 45209.0
652 45209.0
653 45209.0
654 44605.0
655 44703.0
656 44740.0
657 44872.0
658 44934.0
659 44872.0
660 44872.0
661 44962.0
662 45318.0
663 46029.0
664 44517.0
665 44568.0
666 44888.0
667 44731.0
668 44674.0
669 44674.0
670 44843.0
671 44783.0
672 45330.0
673 45330.0
674 44986.0
675 45338.0
676 44762.0
677 44753.0
678 45308.0
679 45308.0
680 45308.0
681 45308.0
682 45308.0
683 45186.0
684 45186.0
685 45186.0
686 45338.0
687 45217.0
688 44988.0
689 45112.0
690 45053.0
691 45053.0
692 44869.0
693 45239.0
694 44994.0
695 45073.0
696 45073.0
697 45073.0
698 44994.0
699 44994.0
700 44999.0
701 44999.0
702 44999.0
703 44994.0
704 45581.0
705 44777.0
706 44982.0
707 45597.0
708 45597.0
709 44947.0
710 45028.0
711 45223.0
712 45563.0
713 45417.0
714 45417.0
715 45417.0
716 45417.0
717 45289.0
718 45479.0
719 45479.0
720 45479.0
721 45106.0
722 45051.0
723 45413.0
724 45413.0
725 45413.0
726 45027.0
727 45742.0
728 46127.0
729 45510.0
730 45510.0
731 45608.0
732 45830.0
733 45830.0
734 46062.0
735 46062.0
736 46847.0
737 46847.0
738 46847.0
739 45229.0
740 46154.0
741 46154.0
742 45732.0
743 45732.0
744 45741.0
745 45741.0
746 45741.0
747 45718.0
748 45791.0
749 45778.0
750 45778.0
751 46313.0
752 46313.0
753 46313.0
754 46313.0
755 46313.0
756 45929.0
757 45929.0
758 45929.0
759 45929.0
760 45613.0
761 45143.0
762 45220.0
763 45921.0
764 45753.0
765 45753.0
766 45753.0
767 45628.0
768 45628.0
769 45628.0
770 45628.0
771 45253.0
772 45231.0
773 45231.0
774 45350.0
775 45350.0
776 45350.0
777 45350.0
778 45153.0
779 44905.0
780 44736.0
781 45150.0
782 45183.0
783 45220.0
784 45220.0
785 45150.0
786 45098.0
787 45098.0
788 45752.0
789 45232.0
790 45275.0
791 45034.0
792 45034.0
793 44880.0
794 45023.0
795 45023.0
796 44698.0
797 44639.0
798 44639.0
799 44792.0
800 45141.0
801 45297.0
802 45297.0
803 44971.0
804 45239.0
805 45057.0
806 44996.0
807 45069.0
808 45062.0
809 45062.0
810 44877.0
811 44900.0
812 45038.0
813 45017.0
814 44973.0
815 44973.0
816 44922.0
817 45035.0
818 45035.0
819 45431.0
820 45554.0
821 45250.0
822 45446.0
823 45023.0
824 45311.0
825 45311.0
826 45332.0
827 45318.0
828 45483.0
829 45728.0
830 45728.0
831 45728.0
832 45771.0
833 45325.0
834 45391.0
835 45692.0
836 45391.0
837 45382.0
838 46425.0
839 46425.0
840 46363.0
841 46363.0
842 46023.0
843 46092.0
844 46328.0
845 45592.0
846 45890.0
847 45530.0
848 45530.0
849 45958.0
850 45814.0
851 45814.0
852 45814.0
853 46165.0
854 46095.0
855 46405.0
856 46405.0
857 46095.0
858 46095.0
859 46235.0
860 46235.0
861 45971.0
862 45721.0
863 45678.0
864 46036.0
865 46387.0
866 46064.0
867 45941.0
868 46015.0
869 46253.0
870 46015.0
871 46120.0
872 46433.0
873 46433.0
874 46433.0
875 46433.0
876 46433.0
877 46749.0
878 46749.0
879 45983.0
880 46442.0
881 46442.0
882 46442.0
883 45936.0
884 45938.0
885 45969.0
886 45969.0
887 46087.0
888 46170.0
889 45919.0
890 46064.0
891 46206.0
892 46153.0
893 46105.0
894 46501.0
895 46501.0
896 46765.0
897 46087.0
898 46521.0
899 46307.0
900 46307.0
901 46307.0
902 46287.0
903 46982.0
904 46982.0
905 46982.0
906 46410.0
907 46410.0
908 46438.0
909 46811.0
910 46482.0
911 46482.0
912 46458.0
913 46901.0
914 46806.0
915 46806.0
916 46680.0
917 46680.0
918 46680.0
919 46669.0
920 46731.0
921 46731.0
922 46731.0
923 46731.0
924 46697.0
925 46697.0
926 46697.0
927 46767.0
928 46919.0
929 46968.0
930 46942.0
931 46942.0
932 46739.0
933 46739.0
934 46739.0
935 47394.0
936 46681.0
937 46889.0
938 46677.0
939 46772.0
940 46772.0
941 46772.0
942 47278.0
943 47278.0
944 47278.0
945 47278.0
946 46965.0
947 47410.0
948 47432.0
949 47410.0
950 47410.0
951 47410.0
952 47410.0
953 47410.0
954 46962.0
955 46962.0
956 47076.0
957 47085.0
958 47152.0
959 47085.0
960 47085.0
961 47085.0
962 47085.0
963 47809.0
964 47809.0
965 47809.0
966 47530.0
967 47098.0
968 47153.0
969 47153.0
970 47153.0
971 47098.0
972 47142.0
973 47142.0
974 46990.0
975 46912.0
976 47192.0
977 46976.0
978 47171.0
979 47131.0
980 47067.0
981 47384.0
982 47384.0
983 47384.0
984 47384.0
985 47384.0
986 47163.0
987 47163.0
988 47530.0
989 47163.0
990 47636.0
991 47667.0
992 47667.0
993 47679.0
994 47679.0
995 47605.0
996 47240.0
997 47388.0
998 47383.0
999 47383.0
1000 47397.0
