0 7150.0
1 8587.0
2 9206.0
3 9609.0
4 9992.0
5 11170.0
6 12529.0
7 12967.0
8 13724.0
9 13627.0
10 14101.0
11 14991.0
12 15807.0
13 16345.0
14 17184.0
15 17801.0
16 19075.0
17 19952.0
18 20046.0
19 21449.0
20 21623.0
21 21623.0
22 22904.0
23 22904.0
24 22759.0
25 23279.0
26 23325.0
27 24089.0
28 24431.0
29 25211.0
30 26008.0
31 26038.0
32 25897.0
33 27516.0
34 27678.0
35 27516.0
36 28492.0
37 28857.0
38 28857.0
39 28759.0
40 29530.0
41 29456.0
42 29696.0
43 30064.0
44 30372.0
45 30372.0
46 30376.0
47 31201.0
48 31201.0
49 31354.0
50 31545.0
51 31969.0
52 32014.0
53 32133.0
54 32828.0
55 32925.0
56 33051.0
57 33156.0
58 33397.0
59 33988.0
60 33988.0
61 33475.0
62 33373.0
63 33685.0
64 33785.0
65 33925.0
66 33925.0
67 33886.0
68 35164.0
69 34603.0
70 34456.0
71 35989.0
72 35970.0
73 35970.0
74 36056.0
75 36056.0
76 35659.0
77 35659.0
78 36212.0
79 35760.0
80 36012.0
81 36613.0
82 37011.0
83 37011.0
84 36908.0
85 36908.0
86 36613.0
87 37110.0
88 37410.0
89 37410.0
90 37938.0
91 37938.0
92 37047.0
93 37609.0
94 37664.0
95 37664.0
96 37664.0
97 37889.0
98 37889.0
99 37889.0
100 37889.0
101 37581.0
102 37496.0
103 37496.0
104 38635.0
105 38635.0
106 37773.0
107 38020.0
108 38095.0
109 37956.0
110 37956.0
111 38040.0
112 38530.0
113 38530.0
114 38530.0
115 38948.0
116 38948.0
117 38542.0
118 38818.0
119 38818.0
120 38818.0
121 38818.0
122 38822.0
123 38822.0
124 39292.0
125 39292.0
126 38127.0
127 38629.0
128 38629.0
129 38992.0
130 39613.0
131 39613.0
132 39341.0
133 39238.0
134 39057.0
135 39304.0
136 39057.0
137 39096.0
138 39400.0
139 39400.0
140 39405.0
141 39579.0
142 39579.0
143 38963.0
144 38963.0
145 38963.0
146 39146.0
147 39205.0
148 39515.0
149 39515.0
150 39515.0
151 39515.0
152 39915.0
153 39782.0
154 39173.0
155 39484.0
156 39748.0
157 39484.0
158 39639.0
159 39312.0
160 40325.0
161 40340.0
162 40340.0
163 40053.0
164 39986.0
165 39986.0
166 39986.0
167 39986.0
168 39986.0
169 40226.0
170 40226.0
171 39668.0
172 40721.0
173 40721.0
174 40075.0
175 40061.0
176 40061.0
177 40616.0
178 40616.0
179 40373.0
180 40832.0
181 41064.0
182 40832.0
183 40832.0
184 40832.0
185 41422.0
186 40832.0
187 41295.0
188 41295.0
189 41295.0
190 40753.0
191 41132.0
192 41132.0
193 41132.0
194 40560.0
195 41402.0
196 41402.0
197 41402.0
198 41402.0
199 41402.0
200 41315.0
201 41315.0
202 41315.0
203 41370.0
204 40449.0
205 40556.0
206 40556.0
207 40556.0
208 40578.0
209 41337.0
210 41337.0
211 40170.0
212 40702.0
213 40997.0
214 41194.0
215 42421.0
216 40396.0
217 40359.0
218 41475.0
219 41749.0
220 41749.0
221 41749.0
222 40881.0
223 41778.0
224 41778.0
225 41183.0
226 41032.0
227 41060.0
228 41032.0
229 40961.0
230 41639.0
231 41639.0
232 41355.0
233 40814.0
234 41006.0
235 43004.0
236 43004.0
237 43004.0
238 43004.0
239 41699.0
240 41699.0
241 41699.0
242 42197.0
243 41771.0
244 41699.0
245 41265.0
246 41265.0
247 41397.0
248 41899.0
249 41899.0
250 41899.0
251 41899.0
252 41935.0
253 41935.0
254 42144.0
255 42144.0
256 41242.0
257 41085.0
258 41253.0
259 41329.0
260 41651.0
261 41651.0
262 41303.0
263 41303.0
264 41639.0
265 42907.0
266 41902.0
267 42530.0
268 42530.0
269 42108.0
270 42108.0
271 41661.0
272 41460.0
273 42316.0
274 41665.0
275 42080.0
276 42118.0
277 42164.0
278 42164.0
279 42164.0
280 42164.0
281 42164.0
282 42052.0
283 42402.0
284 42052.0
285 42052.0
286 42052.0
287 42450.0
288 42450.0
289 42450.0
290 41944.0
291 42639.0
292 42639.0
293 43095.0
294 43095.0
295 43095.0
296 42044.0
297 42044.0
298 41985.0
299 41985.0
300 41985.0
301 42062.0
302 42678.0
303 42062.0
304 43118.0
305 43118.0
306 43118.0
307 43118.0
308 42620.0
309 42620.0
310 42262.0
311 41866.0
312 41866.0
313 42547.0
314 42547.0
315 42210.0
316 41882.0
317 42153.0
318 42100.0
319 42682.0
320 41673.0
321 42557.0
322 42557.0
323 42557.0
324 42557.0
325 42557.0
326 42614.0
327 42614.0
328 42614.0
329 41605.0
330 41884.0
331 41884.0
332 42098.0
333 42343.0
334 41513.0
335 42442.0
336 41883.0
337 41883.0
338 41656.0
339 42507.0
340 41910.0
341 41910.0
342 41973.0
343 41818.0
344 42027.0
345 42027.0
346 41857.0
347 42306.0
348 42306.0
349 42306.0
350 41741.0
351 41644.0
352 41644.0
353 41849.0
354 41849.0
355 42196.0
356 41429.0
357 41199.0
358 41199.0
359 41199.0
360 41685.0
361 41789.0
362 41935.0
363 41935.0
364 42889.0
365 41470.0
366 42272.0
367 42272.0
368 42625.0
369 42625.0
370 42625.0
371 41890.0
372 43027.0
373 43272.0
374 43272.0
375 41890.0
376 42021.0
377 41890.0
378 41162.0
379 41869.0
380 41660.0
381 41177.0
382 41568.0
383 41568.0
384 41080.0
385 41550.0
386 41770.0
387 41141.0
388 42109.0
389 41221.0
390 41815.0
391 41815.0
392 41313.0
393 40849.0
394 41097.0
395 41745.0
396 41745.0
397 42161.0
398 41658.0
399 41658.0
400 41131.0
401 42172.0
402 42172.0
403 41723.0
404 41505.0
405 41505.0
406 41505.0
407 41229.0
408 41178.0
409 41500.0
410 41500.0
411 41500.0
412 41500.0
413 41500.0
414 41500.0
415 41564.0
416 41395.0
417 41395.0
418 41540.0
419 42276.0
420 42276.0
421 41434.0
422 43065.0
423 41476.0
424 41903.0
425 41903.0
426 41903.0
427 41111.0
428 41111.0
429 41729.0
430 41844.0
431 41844.0
432 41756.0
433 41756.0
434 42581.0
435 41438.0
436 41438.0
437 40922.0
438 41207.0
439 42294.0
440 40779.0
441 41510.0
442 41510.0
443 41052.0
444 41052.0
445 41389.0
446 41389.0
447 41389.0
448 41389.0
449 41382.0
450 40745.0
451 41429.0
452 40960.0
453 41492.0
454 40768.0
455 40808.0
456 40808.0
457 40808.0
458 41542.0
459 41542.0
460 41542.0
461 41542.0
462 41888.0
463 41888.0
464 41888.0
465 41541.0
466 41541.0
467 41747.0
468 41223.0
469 41871.0
470 41871.0
471 41871.0
472 41795.0
473 41795.0
474 41287.0
475 41237.0
476 40856.0
477 40856.0
478 40890.0
479 40890.0
480 41475.0
481 41475.0
482 41475.0
483 40867.0
484 40867.0
485 40867.0
486 40995.0
487 40867.0
488 40915.0
489 41528.0
490 41177.0
491 41177.0
492 41177.0
493 41463.0
494 41463.0
495 41491.0
496 41699.0
497 41699.0
498 41803.0
499 41345.0
500 41345.0
501 41551.0
502 41551.0
503 41339.0
504 41901.0
505 41263.0
506 41300.0
507 41321.0
508 41855.0
509 41873.0
510 41873.0
511 41873.0
512 41873.0
513 41873.0
514 41855.0
515 41855.0
516 41855.0
517 41855.0
518 41769.0
519 41728.0
520 41144.0
521 42532.0
522 42532.0
523 41415.0
524 41415.0
525 41877.0
526 41877.0
527 41877.0
528 41554.0
529 42219.0
530 42219.0
531 42181.0
532 42181.0
533 42181.0
534 42181.0
535 42181.0
536 42005.0
537 42495.0
538 42495.0
539 43245.0
540 43245.0
541 43494.0
542 42639.0
543 42639.0
544 43154.0
545 42639.0
546 42639.0
547 43543.0
548 43543.0
549 43543.0
550 42215.0
551 41728.0
552 42020.0
553 42225.0
554 41419.0
555 41843.0
556 42186.0
557 42205.0
558 42347.0
559 42347.0
560 42347.0
561 42414.0
562 42414.0
563 42414.0
564 42414.0
565 42414.0
566 44206.0
567 42414.0
568 42414.0
569 42350.0
570 43722.0
571 43722.0
572 43722.0
573 41760.0
574 42572.0
575 42572.0
576 42572.0
577 43048.0
578 43048.0
579 43935.0
580 42273.0
581 42273.0
582 42273.0
583 41968.0
584 42256.0
585 42109.0
586 41800.0
587 41893.0
588 42058.0
589 42274.0
590 42985.0
591 42350.0
592 42220.0
593 42523.0
594 42523.0
595 42569.0
596 43565.0
597 43565.0
598 42199.0
599 42481.0
600 43373.0
601 43373.0
602 43107.0
603 42819.0
604 42093.0
605 42411.0
606 42366.0
607 42526.0
608 42526.0
609 42587.0
610 42587.0
611 42587.0
612 42587.0
613 42639.0
614 42639.0
615 42943.0
616 42943.0
617 42943.0
618 42943.0
619 42943.0
620 42943.0
621 43069.0
622 42631.0
623 42656.0
624 42656.0
625 42676.0
626 42676.0
627 42915.0
628 42915.0
629 42915.0
630 42502.0
631 43259.0
632 42473.0
633 42490.0
634 42473.0
635 43194.0
636 42503.0
637 42503.0
638 43418.0
639 43418.0
640 43418.0
641 43418.0
642 43418.0
643 43418.0
644 43418.0
645 43418.0
646 43212.0
647 43774.0
648 43774.0
649 43774.0
650 42829.0
651 42892.0
652 42829.0
653 42442.0
654 42399.0
655 42545.0
656 43117.0
657 43033.0
658 43033.0
659 42829.0
660 43443.0
661 42542.0
662 42699.0
663 43067.0
664 43067.0
665 43067.0
666 43234.0
667 43234.0
668 43094.0
669 42548.0
670 42702.0
671 42702.0
672 42310.0
673 43454.0
674 43454.0
675 42563.0
676 42541.0
677 43398.0
678 43398.0
679 43398.0
680 43398.0
681 43181.0
682 43181.0
683 42356.0
684 42356.0
685 42861.0
686 42861.0
687 42861.0
688 42861.0
689 42786.0
690 42551.0
691 42551.0
692 42009.0
693 42006.0
694 41910.0
695 41910.0
696 42232.0
697 42031.0
698 41894.0
699 42708.0
700 42708.0
701 42856.0
702 42856.0
703 42856.0
704 42856.0
705 42856.0
706 42856.0
707 42856.0
708 42514.0
709 42514.0
710 43821.0
711 42241.0
712 42974.0
713 42974.0
714 42974.0
715 42233.0
716 42717.0
717 42194.0
718 42561.0
719 42561.0
720 42956.0
721 42635.0
722 43158.0
723 42764.0
724 43240.0
725 43240.0
726 43285.0
727 42716.0
728 42716.0
729 42708.0
730 42708.0
731 43736.0
732 43736.0
733 43736.0
734 43736.0
735 43736.0
736 42706.0
737 42585.0
738 42654.0
739 43162.0
740 43446.0
741 43446.0
742 42816.0
743 43306.0
744 43307.0
745 43324.0
746 43324.0
747 43804.0
748 43804.0
749 43066.0
750 43743.0
751 44312.0
752 44312.0
753 43198.0
754 43394.0
755 43091.0
756 43091.0
757 43261.0
758 43204.0
759 43254.0
760 43254.0
761 43620.0
762 44075.0
763 44075.0
764 44075.0
765 43989.0
766 43818.0
767 43818.0
768 43818.0
769 43818.0
770 43818.0
771 43579.0
772 44684.0
773 43298.0
774 43298.0
775 43298.0
776 43986.0
777 43925.0
778 44077.0
779 44077.0
780 44077.0
781 44067.0
782 44067.0
783 44067.0
784 43961.0
785 43961.0
786 43961.0
787 43961.0
788 43399.0
789 43399.0
790 43399.0
791 43399.0
792 43485.0
793 43353.0
794 43179.0
795 43039.0
796 43251.0
797 43251.0
798 43251.0
799 43251.0
800 43251.0
801 42678.0
802 42684.0
803 42684.0
804 42942.0
805 42942.0
806 43124.0
807 42942.0
808 43308.0
809 43308.0
810 43308.0
811 43308.0
812 43308.0
813 43308.0
814 42961.0
815 42961.0
816 43942.0
817 43070.0
818 42809.0
819 43039.0
820 43039.0
821 43762.0
822 44054.0
823 44054.0
824 43361.0
825 42974.0
826 42974.0
827 43527.0
828 43527.0
829 43527.0
830 43527.0
831 43001.0
832 43001.0
833 43468.0
834 43468.0
835 42997.0
836 42997.0
837 42045.0
838 42045.0
839 42036.0
840 42030.0
841 42030.0
842 42835.0
843 42580.0
844 41585.0
845 41583.0
846 41583.0
847 41704.0
848 41533.0
849 41847.0
850 41847.0
851 42313.0
852 41686.0
853 42215.0
854 42215.0
855 42215.0
856 42215.0
857 42638.0
858 42750.0
859 41438.0
860 41438.0
861 41824.0
862 41432.0
863 41671.0
864 41671.0
865 42089.0
866 41696.0
867 42269.0
868 42041.0
869 42041.0
870 42041.0
871 42041.0
872 42059.0
873 43062.0
874 42059.0
875 41668.0
876 41776.0
877 42166.0
878 42166.0
879 42322.0
880 42322.0
881 42322.0
882 42322.0
883 41868.0
884 41868.0
885 41868.0
886 41868.0
887 41824.0
888 42711.0
889 43221.0
890 43221.0
891 41708.0
892 42055.0
893 42125.0
894 42147.0
895 42125.0
896 42411.0
897 42411.0
898 42314.0
899 42314.0
900 42441.0
901 41702.0
902 41603.0
903 41718.0
904 42452.0
905 43353.0
906 42452.0
907 42452.0
908 42452.0
909 42452.0
910 42452.0
911 42452.0
912 42452.0
913 41942.0
914 42410.0
915 42410.0
916 42410.0
917 42410.0
918 42410.0
919 42348.0
920 42348.0
921 42348.0
922 42327.0
923 42327.0
924 42327.0
925 42358.0
926 42358.0
927 42196.0
928 42131.0
929 42131.0
930 42131.0
931 41581.0
932 41786.0
933 42154.0
934 41823.0
935 42452.0
936 42452.0
937 42452.0
938 42452.0
939 42485.0
940 42197.0
941 42197.0
942 42197.0
943 42060.0
944 42283.0
945 42283.0
946 42283.0
947 42533.0
948 42533.0
949 42533.0
950 42533.0
951 42686.0
952 42686.0
953 42425.0
954 42096.0
955 42096.0
956 41816.0
957 41816.0
958 41623.0
959 42231.0
960 42231.0
961 41638.0
962 42084.0
963 42084.0
964 42084.0
965 43098.0
966 42521.0
967 41910.0
968 42048.0
969 41522.0
970 41666.0
971 41758.0
972 41758.0
973 41758.0
974 40904.0
975 41777.0
976 41777.0
977 41777.0
978 41777.0
979 41777.0
980 41777.0
981 42542.0
982 42542.0
983 42542.0
984 41236.0
985 41694.0
986 41117.0
987 41849.0
988 41849.0
989 41695.0
990 41552.0
991 41552.0
992 41241.0
993 41521.0
994 41521.0
995 41521.0
996 41171.0
997 41171.0
998 41171.0
999 41241.0
1000 41142.0
