0 8209.0
1 8219.0
2 8813.0
3 10524.0
4 10681.0
5 11001.0
6 11839.0
7 12358.0
8 12830.0
9 13531.0
10 13975.0
11 15071.0
12 15649.0
13 16899.0
14 17643.0
15 18294.0
16 18336.0
17 18962.0
18 19327.0
19 20675.0
20 20365.0
21 20809.0
22 22750.0
23 22750.0
24 23219.0
25 24412.0
26 24412.0
27 25267.0
28 25267.0
29 25468.0
30 26061.0
31 26635.0
32 27542.0
33 26851.0
34 27737.0
35 28383.0
36 28383.0
37 28364.0
38 28851.0
39 28638.0
40 29820.0
41 30809.0
42 29830.0
43 29830.0
44 31251.0
45 30133.0
46 31736.0
47 30876.0
48 30876.0
49 31526.0
50 32019.0
51 31874.0
52 33547.0
53 32358.0
54 32920.0
55 33007.0
56 32439.0
57 32439.0
58 33561.0
59 32877.0
60 32877.0
61 33431.0
62 33431.0
63 34458.0
64 34458.0
65 33657.0
66 34162.0
67 34426.0
68 34469.0
69 35647.0
70 35586.0
71 35586.0
72 35562.0
73 35381.0
74 35335.0
75 35335.0
76 36066.0
77 36066.0
78 36066.0
79 36593.0
80 36360.0
81 36360.0
82 36360.0
83 35926.0
84 37454.0
85 37151.0
86 37151.0
87 36714.0
88 36714.0
89 36714.0
90 36714.0
91 37347.0
92 37542.0
93 37092.0
94 37449.0
95 37407.0
96 37407.0
97 36855.0
98 36622.0
99 37867.0
100 38854.0
101 37773.0
102 37773.0
103 37284.0
104 37572.0
105 37575.0
106 38051.0
107 38051.0
108 38532.0
109 38532.0
110 38051.0
111 38663.0
112 38663.0
113 38663.0
114 38663.0
115 38663.0
116 38663.0
117 38663.0
118 38825.0
119 37880.0
120 38464.0
121 37788.0
122 38556.0
123 38339.0
124 38722.0
125 39324.0
126 38578.0
127 38660.0
128 38796.0
129 38796.0
130 38796.0
131 39364.0
132 39364.0
133 39364.0
134 39139.0
135 39419.0
136 39419.0
137 39419.0
138 39419.0
139 39419.0
140 39633.0
141 39419.0
142 39308.0
143 39308.0
144 39980.0
145 39980.0
146 39719.0
147 39719.0
148 39719.0
149 40143.0
150 40143.0
151 40143.0
152 40143.0
153 40143.0
154 39459.0
155 39459.0
156 39194.0
157 39614.0
158 39548.0
159 41181.0
160 41181.0
161 39687.0
162 39770.0
163 39770.0
164 40199.0
165 40075.0
166 39770.0
167 40250.0
168 39480.0
169 39150.0
170 38884.0
171 39201.0
172 39697.0
173 39400.0
174 39400.0
175 39931.0
176 39237.0
177 39476.0
178 39292.0
179 39596.0
180 39596.0
181 39596.0
182 39566.0
183 39520.0
184 39520.0
185 38994.0
186 39257.0
187 39508.0
188 39508.0
189 39508.0
190 39508.0
191 39508.0
192 39857.0
193 39261.0
194 39472.0
195 39638.0
196 40513.0
197 40513.0
198 40826.0
199 40528.0
200 40351.0
201 40351.0
202 39531.0
203 39655.0
204 39655.0
205 39655.0
206 39655.0
207 39655.0
208 39655.0
209 40435.0
210 40435.0
211 40435.0
212 39987.0
213 39987.0
214 40224.0
215 40224.0
216 40439.0
217 40224.0
218 40393.0
219 40627.0
220 40670.0
221 40670.0
222 40074.0
223 39770.0
224 39638.0
225 39764.0
226 40073.0
227 40087.0
228 40087.0
229 40087.0
230 40087.0
231 40732.0
232 40732.0
233 40732.0
234 40052.0
235 39776.0
236 40510.0
237 41719.0
238 41261.0
239 41261.0
240 40495.0
241 41092.0
242 40621.0
243 41787.0
244 41787.0
245 41787.0
246 41787.0
247 41025.0
248 41025.0
249 40391.0
250 40550.0
251 40550.0
252 40998.0
253 40998.0
254 40998.0
255 41352.0
256 41361.0
257 41361.0
258 41361.0
259 40708.0
260 40708.0
261 40835.0
262 40708.0
263 41206.0
264 40708.0
265 40763.0
266 40763.0
267 40471.0
268 40586.0
269 40973.0
270 40973.0
271 41209.0
272 41653.0
273 41653.0
274 40992.0
275 40694.0
276 40275.0
277 41718.0
278 41327.0
279 41322.0
280 41322.0
281 40881.0
282 40942.0
283 40881.0
284 40662.0
285 41070.0
286 40776.0
287 40816.0
288 41174.0
289 41174.0
290 41766.0
291 41766.0
292 41133.0
293 41376.0
294 41351.0
295 41448.0
296 41940.0
297 41513.0
298 41513.0
299 41513.0
300 40837.0
301 41010.0
302 41010.0
303 41010.0
304 41435.0
305 40970.0
306 41079.0
307 41481.0
308 41291.0
309 41291.0
310 41604.0
311 41604.0
312 42142.0
313 41604.0
314 41604.0
315 41604.0
316 41404.0
317 41404.0
318 41196.0
319 41980.0
320 41980.0
321 42351.0
322 41460.0
323 41181.0
324 41181.0
325 41181.0
326 41840.0
327 41840.0
328 42516.0
329 42516.0
330 41568.0
331 41568.0
332 41568.0
333 41474.0
334 41474.0
335 41107.0
336 41107.0
337 41107.0
338 41110.0
339 41825.0
340 41825.0
341 41825.0
342 42644.0
343 42644.0
344 42644.0
345 42644.0
346 41551.0
347 41551.0
348 41551.0
349 42135.0
350 41560.0
351 41560.0
352 41628.0
353 42034.0
354 41202.0
355 41218.0
356 41224.0
357 41371.0
358 41371.0
359 42045.0
360 42045.0
361 42158.0
362 42158.0
363 42069.0
364 41635.0
365 41635.0
366 41772.0
367 41615.0
368 41615.0
369 41689.0
370 41689.0
371 41810.0
372 42261.0
373 42261.0
374 41710.0
375 41567.0
376 41876.0
377 42078.0
378 42078.0
379 41750.0
380 42608.0
381 42608.0
382 42407.0
383 41191.0
384 41992.0
385 41992.0
386 42257.0
387 41821.0
388 43199.0
389 41326.0
390 41684.0
391 41684.0
392 41420.0
393 41468.0
394 41664.0
395 40988.0
396 41358.0
397 41566.0
398 41719.0
399 41719.0
400 41719.0
401 41719.0
402 42540.0
403 42540.0
404 42540.0
405 41965.0
406 41965.0
407 41965.0
408 41606.0
409 41606.0
410 42635.0
411 42654.0
412 42635.0
413 42635.0
414 41732.0
415 41421.0
416 41522.0
417 41782.0
418 41929.0
419 41929.0
420 41836.0
421 41836.0
422 41350.0
423 41810.0
424 41427.0
425 41505.0
426 41682.0
427 41460.0
428 41541.0
429 41466.0
430 41517.0
431 41768.0
432 41517.0
433 41693.0
434 41884.0
435 41620.0
436 41559.0
437 41788.0
438 41629.0
439 41821.0
440 41711.0
441 41711.0
442 41439.0
443 41947.0
444 41738.0
445 41738.0
446 41738.0
447 42055.0
448 42055.0
449 42055.0
450 42055.0
451 42055.0
452 42055.0
453 42055.0
454 42055.0
455 42055.0
456 42055.0
457 42055.0
458 42055.0
459 42055.0
460 42172.0
461 42083.0
462 42083.0
463 42218.0
464 42218.0
465 42218.0
466 42218.0
467 42481.0
468 42218.0
469 42063.0
470 42267.0
471 42122.0
472 42122.0
473 42122.0
474 42122.0
475 42122.0
476 42412.0
477 42326.0
478 42326.0
479 42326.0
480 41723.0
481 41723.0
482 41388.0
483 41705.0
484 41408.0
485 41388.0
486 41996.0
487 41996.0
488 41996.0
489 42364.0
490 41576.0
491 42149.0
492 41576.0
493 41612.0
494 41460.0
495 41562.0
496 41566.0
497 41566.0
498 41632.0
499 41632.0
500 41632.0
501 42330.0
502 42494.0
503 42494.0
504 42008.0
505 42760.0
506 42760.0
507 42760.0
508 41973.0
509 41973.0
510 41973.0
511 41973.0
512 41973.0
513 43250.0
514 43250.0
515 43250.0
516 41778.0
517 42205.0
518 42048.0
519 41927.0
520 41217.0
521 41217.0
522 41696.0
523 41696.0
524 41696.0
525 41696.0
526 41696.0
527 41794.0
528 41316.0
529 41316.0
530 41466.0
531 41205.0
532 41727.0
533 41660.0
534 42495.0
535 42495.0
536 42495.0
537 42495.0
538 41836.0
539 42019.0
540 42984.0
541 41749.0
542 41135.0
543 41596.0
544 41596.0
545 41892.0
546 41892.0
547 41433.0
548 41386.0
549 41943.0
550 41943.0
551 41943.0
552 41943.0
553 41943.0
554 41578.0
555 41578.0
556 41578.0
557 42323.0
558 41794.0
559 41696.0
560 42128.0
561 42128.0
562 41603.0
563 41321.0
564 42674.0
565 43383.0
566 43383.0
567 43383.0
568 43383.0
569 42851.0
570 42718.0
571 42718.0
572 42718.0
573 42718.0
574 42472.0
575 42922.0
576 42263.0
577 41779.0
578 41499.0
579 42067.0
580 42067.0
581 41466.0
582 41466.0
583 41765.0
584 41784.0
585 42000.0
586 42040.0
587 42046.0
588 42523.0
589 42046.0
590 41589.0
591 41640.0
592 41587.0
593 41524.0
594 41819.0
595 42442.0
596 42210.0
597 42557.0
598 42557.0
599 41494.0
600 41556.0
601 41494.0
602 42459.0
603 41550.0
604 41794.0
605 41550.0
606 42069.0
607 41984.0
608 41984.0
609 41984.0
610 41461.0
611 41471.0
612 42109.0
613 42109.0
614 41471.0
615 41480.0
616 42512.0
617 42512.0
618 41916.0
619 41916.0
620 41855.0
621 41984.0
622 41294.0
623 42757.0
624 42757.0
625 42757.0
626 42757.0
627 41594.0
628 41594.0
629 40979.0
630 42100.0
631 42100.0
632 41414.0
633 41745.0
634 41745.0
635 41745.0
636 42434.0
637 42434.0
638 41567.0
639 41567.0
640 42440.0
641 41331.0
642 41331.0
643 41600.0
644 41791.0
645 42869.0
646 42575.0
647 41627.0
648 42057.0
649 41745.0
650 42486.0
651 42400.0
652 42015.0
653 42015.0
654 41796.0
655 42136.0
656 42136.0
657 41796.0
658 41796.0
659 42862.0
660 41699.0
661 42013.0
662 42013.0
663 42013.0
664 42360.0
665 42360.0
666 41890.0
667 42581.0
668 42167.0
669 42167.0
670 41890.0
671 41890.0
672 43402.0
673 43134.0
674 43134.0
675 43134.0
676 42977.0
677 42977.0
678 42977.0
679 42977.0
680 42977.0
681 42844.0
682 42844.0
683 42924.0
684 42924.0
685 43525.0
686 43525.0
687 43525.0
688 43525.0
689 42803.0
690 42442.0
691 43107.0
692 43481.0
693 43107.0
694 42339.0
695 42546.0
696 42546.0
697 42277.0
698 42277.0
699 41836.0
700 41836.0
701 41836.0
702 42216.0
703 42926.0
704 42945.0
705 42926.0
706 42926.0
707 42926.0
708 42402.0
709 42124.0
710 41842.0
711 41905.0
712 41842.0
713 41749.0
714 41716.0
715 41804.0
716 41887.0
717 41887.0
718 41887.0
719 42694.0
720 42248.0
721 42248.0
722 42088.0
723 41996.0
724 41464.0
725 41714.0
726 41805.0
727 41805.0
728 41996.0
729 41996.0
730 41824.0
731 42042.0
732 41820.0
733 42088.0
734 42088.0
735 41846.0
736 41846.0
737 41846.0
738 41581.0
739 41581.0
740 41766.0
741 41391.0
742 41843.0
743 42440.0
744 41468.0
745 41310.0
746 42305.0
747 42305.0
748 42632.0
749 43145.0
750 42210.0
751 43618.0
752 42316.0
753 42316.0
754 42316.0
755 42392.0
756 42558.0
757 42382.0
758 42875.0
759 42875.0
760 42875.0
761 42875.0
762 42875.0
763 42875.0
764 42875.0
765 41734.0
766 42308.0
767 42970.0
768 42442.0
769 42442.0
770 42097.0
771 41821.0
772 41983.0
773 41900.0
774 42470.0
775 42696.0
776 42696.0
777 43426.0
778 42470.0
779 43012.0
780 43012.0
781 43012.0
782 43012.0
783 43012.0
784 42849.0
785 42509.0
786 42734.0
787 42131.0
788 42658.0
789 42131.0
790 41980.0
791 42585.0
792 42585.0
793 42585.0
794 42611.0
795 42611.0
796 42611.0
797 42611.0
798 42611.0
799 42611.0
800 42466.0
801 42466.0
802 42466.0
803 41980.0
804 42425.0
805 42258.0
806 42325.0
807 42797.0
808 42533.0
809 42533.0
810 42533.0
811 43506.0
812 43506.0
813 43506.0
814 42393.0
815 42548.0
816 42850.0
817 42850.0
818 42850.0
819 42850.0
820 42850.0
821 42850.0
822 43203.0
823 43322.0
824 43322.0
825 43322.0
826 42796.0
827 42796.0
828 42980.0
829 42980.0
830 42980.0
831 42980.0
832 42980.0
833 42980.0
834 42847.0
835 43019.0
836 42544.0
837 42544.0
838 42753.0
839 42886.0
840 42886.0
841 43193.0
842 42850.0
843 43249.0
844 43249.0
845 43249.0
846 43249.0
847 43249.0
848 43249.0
849 42782.0
850 42230.0
851 42665.0
852 42665.0
853 42665.0
854 42665.0
855 42672.0
856 42694.0
857 43093.0
858 43093.0
859 42694.0
860 42469.0
861 42252.0
862 42252.0
863 42135.0
864 42438.0
865 42582.0
866 42797.0
867 42401.0
868 42401.0
869 42401.0
870 42437.0
871 42253.0
872 42464.0
873 42464.0
874 42708.0
875 42708.0
876 42708.0
877 42494.0
878 42898.0
879 42898.0
880 42898.0
881 42898.0
882 42898.0
883 42376.0
884 42376.0
885 42261.0
886 42467.0
887 42443.0
888 42231.0
889 42443.0
890 42852.0
891 42574.0
892 42605.0
893 41982.0
894 41946.0
895 41946.0
896 42892.0
897 42892.0
898 43050.0
899 42667.0
900 42667.0
901 42667.0
902 42787.0
903 42787.0
904 43069.0
905 43069.0
906 43069.0
907 43069.0
908 42805.0
909 43093.0
910 43093.0
911 43093.0
912 42663.0
913 42663.0
914 42663.0
915 42891.0
916 43132.0
917 42783.0
918 42315.0
919 42473.0
920 42315.0
921 42824.0
922 42223.0
923 42432.0
924 42529.0
925 42432.0
926 42766.0
927 42677.0
928 42677.0
929 42677.0
930 42677.0
931 42677.0
932 42106.0
933 42190.0
934 42003.0
935 42697.0
936 42231.0
937 42381.0
938 43008.0
939 42878.0
940 42840.0
941 42840.0
942 42473.0
943 43618.0
944 42739.0
945 42147.0
946 43066.0
947 43066.0
948 43066.0
949 41767.0
950 42586.0
951 42341.0
952 41773.0
953 41773.0
954 42196.0
955 42428.0
956 42669.0
957 42669.0
958 42669.0
959 43292.0
960 43292.0
961 43292.0
962 42616.0
963 42589.0
964 42417.0
965 41782.0
966 42058.0
967 41495.0
968 41842.0
969 43254.0
970 41900.0
971 42177.0
972 42177.0
973 42931.0
974 42931.0
975 42402.0
976 42402.0
977 42636.0
978 42636.0
979 42636.0
980 42556.0
981 42189.0
982 42189.0
983 42189.0
984 41982.0
985 42050.0
986 42411.0
987 42207.0
988 42207.0
989 42271.0
990 42369.0
991 42369.0
992 41702.0
993 41865.0
994 43383.0
995 43383.0
996 43383.0
997 41999.0
998 42514.0
999 42514.0
1000 41913.0
