0 7279.0
1 8320.0
2 9396.0
3 9994.0
4 10061.0
5 10742.0
6 11786.0
7 12534.0
8 12917.0
9 13456.0
10 15309.0
11 15309.0
12 15584.0
13 16526.0
14 16913.0
15 17160.0
16 17811.0
17 18864.0
18 18864.0
19 19226.0
20 20157.0
21 21429.0
22 21429.0
23 21429.0
24 21944.0
25 22605.0
26 22650.0
27 23126.0
28 25035.0
29 24188.0
30 24501.0
31 25097.0
32 25875.0
33 26244.0
34 26912.0
35 27192.0
36 26563.0
37 26311.0
38 27019.0
39 27329.0
40 27095.0
41 28667.0
42 28667.0
43 28707.0
44 28750.0
45 29284.0
46 30458.0
47 30939.0
48 30939.0
49 31020.0
50 32042.0
51 32042.0
52 31270.0
53 31765.0
54 31765.0
55 31856.0
56 31856.0
57 32191.0
58 32191.0
59 32191.0
60 32742.0
61 32977.0
62 33009.0
63 32952.0
64 33771.0
65 33240.0
66 33249.0
67 33912.0
68 33912.0
69 34127.0
70 34518.0
71 34450.0
72 35273.0
73 35102.0
74 36291.0
75 36291.0
76 35324.0
77 35266.0
78 34480.0
79 34783.0
80 35160.0
81 35528.0
82 35373.0
83 35241.0
84 35690.0
85 35420.0
86 35420.0
87 35763.0
88 35475.0
89 35638.0
90 35638.0
91 35785.0
92 35592.0
93 36243.0
94 37564.0
95 35997.0
96 36726.0
97 36726.0
98 37256.0
99 36612.0
100 36430.0
101 36430.0
102 36572.0
103 36572.0
104 36618.0
105 36609.0
106 36769.0
107 38671.0
108 38671.0
109 37640.0
110 37640.0
111 38054.0
112 38054.0
113 38207.0
114 38207.0
115 38207.0
116 37416.0
117 37212.0
118 37881.0
119 37325.0
120 37081.0
121 37937.0
122 37806.0
123 37806.0
124 38439.0
125 37720.0
126 37720.0
127 38210.0
128 38210.0
129 38209.0
130 37768.0
131 38915.0
132 38768.0
133 38768.0
134 38148.0
135 38148.0
136 38178.0
137 38414.0
138 38940.0
139 38180.0
140 38302.0
141 38302.0
142 38537.0
143 38972.0
144 38972.0
145 39227.0
146 39227.0
147 38604.0
148 38857.0
149 38857.0
150 38857.0
151 38931.0
152 39783.0
153 38771.0
154 39381.0
155 39381.0
156 39447.0
157 39381.0
158 39381.0
159 39381.0
160 39451.0
161 39722.0
162 39722.0
163 39722.0
164 39722.0
165 39722.0
166 39722.0
167 39325.0
168 39325.0
169 39648.0
170 39460.0
171 39387.0
172 39457.0
173 39457.0
174 39457.0
175 38993.0
176 39876.0
177 39876.0
178 39876.0
179 39044.0
180 38889.0
181 39067.0
182 38960.0
183 38960.0
184 39488.0
185 39590.0
186 39488.0
187 39359.0
188 39134.0
189 40901.0
190 40269.0
191 39201.0
192 40090.0
193 40090.0
194 39094.0
195 39224.0
196 39251.0
197 39853.0
198 38934.0
199 39270.0
200 39841.0
201 40206.0
202 40206.0
203 39803.0
204 40154.0
205 40154.0
206 40154.0
207 39808.0
208 39875.0
209 39824.0
210 39808.0
211 40157.0
212 40273.0
213 40157.0
214 40397.0
215 40157.0
216 39938.0
217 40323.0
218 41313.0
219 41981.0
220 41313.0
221 41313.0
222 41313.0
223 41313.0
224 41313.0
225 41313.0
226 41313.0
227 40582.0
228 40725.0
229 40582.0
230 40077.0
231 40351.0
232 41601.0
233 40606.0
234 40606.0
235 40606.0
236 40606.0
237 39742.0
238 39742.0
239 40626.0
240 40614.0
241 40636.0
242 42277.0
243 41349.0
244 41349.0
245 41349.0
246 41349.0
247 41002.0
248 41423.0
249 41249.0
250 41249.0
251 41249.0
252 41033.0
253 41033.0
254 41021.0
255 41021.0
256 41371.0
257 41917.0
258 41383.0
259 41383.0
260 41154.0
261 40469.0
262 40283.0
263 40640.0
264 40393.0
265 40395.0
266 40400.0
267 40468.0
268 40468.0
269 40468.0
270 40328.0
271 40852.0
272 40328.0
273 40787.0
274 40787.0
275 40787.0
276 40787.0
277 40628.0
278 40628.0
279 40628.0
280 40911.0
281 41695.0
282 41695.0
283 41695.0
284 41057.0
285 41057.0
286 41057.0
287 41057.0
288 40948.0
289 40948.0
290 41515.0
291 40647.0
292 41541.0
293 41541.0
294 41541.0
295 41541.0
296 41823.0
297 41823.0
298 41019.0
299 41019.0
300 41019.0
301 41744.0
302 41583.0
303 41292.0
304 41292.0
305 40815.0
306 41534.0
307 41534.0
308 40571.0
309 40571.0
310 41297.0
311 41297.0
312 41297.0
313 41297.0
314 41297.0
315 41344.0
316 40777.0
317 41180.0
318 41364.0
319 41364.0
320 43387.0
321 43387.0
322 43387.0
323 41570.0
324 41737.0
325 41737.0
326 42309.0
327 42309.0
328 42309.0
329 42309.0
330 42309.0
331 42064.0
332 42064.0
333 42610.0
334 42610.0
335 42610.0
336 42610.0
337 41408.0
338 42122.0
339 42122.0
340 41708.0
341 41823.0
342 42008.0
343 42008.0
344 42008.0
345 42288.0
346 41885.0
347 42137.0
348 42606.0
349 42233.0
350 42233.0
351 42233.0
352 41996.0
353 42034.0
354 42034.0
355 41655.0
356 41655.0
357 41401.0
358 41401.0
359 42037.0
360 42190.0
361 42190.0
362 42190.0
363 41658.0
364 41636.0
365 42691.0
366 42691.0
367 41720.0
368 41720.0
369 41576.0
370 42370.0
371 42370.0
372 42370.0
373 42370.0
374 42309.0
375 43171.0
376 42309.0
377 42309.0
378 41913.0
379 42698.0
380 42698.0
381 42106.0
382 42106.0
383 42106.0
384 41803.0
385 42197.0
386 42472.0
387 42472.0
388 42788.0
389 42788.0
390 42474.0
391 42474.0
392 42205.0
393 42205.0
394 42368.0
395 42428.0
396 42797.0
397 42993.0
398 42179.0
399 43086.0
400 42943.0
401 42943.0
402 42943.0
403 42509.0
404 42509.0
405 43260.0
406 43260.0
407 42746.0
408 42783.0
409 42783.0
410 42924.0
411 42924.0
412 42924.0
413 43104.0
414 42403.0
415 42714.0
416 42714.0
417 43292.0
418 43292.0
419 43408.0
420 43408.0
421 43470.0
422 43408.0
423 43116.0
424 43093.0
425 42699.0
426 43027.0
427 43246.0
428 43103.0
429 42660.0
430 42976.0
431 42976.0
432 42976.0
433 42454.0
434 43099.0
435 42258.0
436 43001.0
437 43001.0
438 43044.0
439 43446.0
440 43102.0
441 43034.0
442 43013.0
443 43013.0
444 42775.0
445 42925.0
446 42925.0
447 42892.0
448 42767.0
449 42424.0
450 42424.0
451 42416.0
452 42516.0
453 42516.0
454 42699.0
455 42699.0
456 42788.0
457 42669.0
458 43415.0
459 43415.0
460 43214.0
461 42947.0
462 43627.0
463 42719.0
464 43016.0
465 43584.0
466 42724.0
467 43206.0
468 43206.0
469 42514.0
470 42575.0
471 42703.0
472 42850.0
473 42850.0
474 43408.0
475 43408.0
476 43408.0
477 44115.0
478 43385.0
479 43440.0
480 43440.0
481 43567.0
482 43176.0
483 43688.0
484 43966.0
485 43966.0
486 43966.0
487 43966.0
488 43966.0
489 44197.0
490 43966.0
491 43455.0
492 43455.0
493 43455.0
494 43741.0
495 43741.0
496 44026.0
497 43123.0
498 43123.0
499 43721.0
500 43701.0
501 43701.0
502 43701.0
503 43269.0
504 43113.0
505 43316.0
506 43282.0
507 43746.0
508 43051.0
509 43051.0
510 43051.0
511 43385.0
512 43426.0
513 43426.0
514 43102.0
515 43102.0
516 43049.0
517 43049.0
518 43049.0
519 43573.0
520 43573.0
521 43573.0
522 43022.0
523 43003.0
524 42647.0
525 43257.0
526 43280.0
527 43310.0
528 43611.0
529 43205.0
530 43205.0
531 43205.0
532 43220.0
533 43220.0
534 43406.0
535 43406.0
536 43406.0
537 44123.0
538 44123.0
539 44123.0
540 44123.0
541 43808.0
542 43200.0
543 43200.0
544 43317.0
545 42963.0
546 43122.0
547 44071.0
548 42904.0
549 42982.0
550 43179.0
551 43289.0
552 43500.0
553 43289.0
554 42900.0
555 42900.0
556 42713.0
557 42669.0
558 43059.0
559 43059.0
560 42953.0
561 42923.0
562 43833.0
563 43833.0
564 43132.0
565 43132.0
566 43479.0
567 43307.0
568 43025.0
569 43107.0
570 43935.0
571 43935.0
572 43935.0
573 43935.0
574 43935.0
575 43829.0
576 43829.0
577 43829.0
578 43829.0
579 43223.0
580 43455.0
581 43462.0
582 43462.0
583 43462.0
584 43462.0
585 43542.0
586 43542.0
587 43627.0
588 42918.0
589 43177.0
590 43642.0
591 43642.0
592 43028.0
593 43944.0
594 43944.0
595 43944.0
596 43151.0
597 43152.0
598 43109.0
599 43109.0
600 43109.0
601 43109.0
602 43109.0
603 44604.0
604 44604.0
605 43185.0
606 43220.0
607 42752.0
608 42244.0
609 42730.0
610 42730.0
611 42905.0
612 42798.0
613 42798.0
614 42806.0
615 42806.0
616 42806.0
617 42806.0
618 42806.0
619 43019.0
620 43019.0
621 43269.0
622 43269.0
623 43269.0
624 42862.0
625 43271.0
626 43271.0
627 43271.0
628 43271.0
629 43454.0
630 43454.0
631 43454.0
632 43531.0
633 43531.0
634 43541.0
635 43271.0
636 43271.0
637 43297.0
638 43050.0
639 43260.0
640 43815.0
641 43121.0
642 42989.0
643 43945.0
644 43175.0
645 43175.0
646 43234.0
647 43284.0
648 43284.0
649 43284.0
650 43234.0
651 43234.0
652 42761.0
653 43232.0
654 43399.0
655 43399.0
656 43399.0
657 43105.0
658 42970.0
659 42971.0
660 43622.0
661 42971.0
662 43379.0
663 43379.0
664 42831.0
665 43476.0
666 43476.0
667 42868.0
668 43534.0
669 44856.0
670 43534.0
671 43534.0
672 43534.0
673 43063.0
674 43029.0
675 42983.0
676 43006.0
677 43209.0
678 43273.0
679 43080.0
680 43017.0
681 42955.0
682 42897.0
683 43357.0
684 42897.0
685 42725.0
686 43130.0
687 43585.0
688 43585.0
689 43585.0
690 43585.0
691 43744.0
692 43744.0
693 43455.0
694 43455.0
695 43455.0
696 43304.0
697 43304.0
698 43402.0
699 43358.0
700 43298.0
701 43288.0
702 43288.0
703 43065.0
704 43328.0
705 43005.0
706 43242.0
707 44049.0
708 44049.0
709 43277.0
710 43277.0
711 44322.0
712 44322.0
713 44096.0
714 44044.0
715 44033.0
716 43634.0
717 43857.0
718 44494.0
719 43857.0
720 43857.0
721 44348.0
722 43760.0
723 44823.0
724 44037.0
725 44037.0
726 44633.0
727 44633.0
728 44037.0
729 43812.0
730 43587.0
731 43587.0
732 43907.0
733 44893.0
734 44893.0
735 44893.0
736 43936.0
737 43824.0
738 43824.0
739 44293.0
740 44293.0
741 43728.0
742 43711.0
743 44528.0
744 43664.0
745 43664.0
746 43819.0
747 44166.0
748 44901.0
749 44892.0
750 44892.0
751 44892.0
752 44892.0
753 44580.0
754 44580.0
755 44580.0
756 44593.0
757 44593.0
758 44604.0
759 45133.0
760 45133.0
761 45133.0
762 45133.0
763 46141.0
764 46141.0
765 46141.0
766 46141.0
767 45348.0
768 45016.0
769 44830.0
770 44830.0
771 44911.0
772 44908.0
773 45032.0
774 45032.0
775 44888.0
776 44915.0
777 44915.0
778 45047.0
779 44853.0
780 45363.0
781 45340.0
782 45340.0
783 45340.0
784 45340.0
785 45340.0
786 45103.0
787 45274.0
788 44983.0
789 45007.0
790 45007.0
791 46082.0
792 45062.0
793 45062.0
794 45033.0
795 45098.0
796 45569.0
797 45569.0
798 45584.0
799 45752.0
800 45584.0
801 45624.0
802 45624.0
803 45624.0
804 45624.0
805 45624.0
806 45528.0
807 45624.0
808 45721.0
809 45704.0
810 45833.0
811 45665.0
812 45665.0
813 45665.0
814 45388.0
815 45366.0
816 45229.0
817 45229.0
818 45181.0
819 44972.0
820 45069.0
821 45069.0
822 45069.0
823 45069.0
824 45296.0
825 45296.0
826 45296.0
827 45296.0
828 45520.0
829 45221.0
830 45221.0
831 44974.0
832 44872.0
833 45450.0
834 45156.0
835 45273.0
836 45655.0
837 45655.0
838 45655.0
839 45655.0
840 45527.0
841 45527.0
842 45527.0
843 45376.0
844 45376.0
845 45320.0
846 45320.0
847 45665.0
848 45665.0
849 45665.0
850 45665.0
851 45513.0
852 45593.0
853 45598.0
854 45934.0
855 45598.0
856 45585.0
857 46267.0
858 46267.0
859 46172.0
860 46172.0
861 45962.0
862 45962.0
863 46133.0
864 46133.0
865 46079.0
866 46024.0
867 46192.0
868 46192.0
869 46192.0
870 46192.0
871 46192.0
872 46192.0
873 46058.0
874 46057.0
875 46042.0
876 46692.0
877 46692.0
878 46692.0
879 46692.0
880 46692.0
881 46692.0
882 46612.0
883 46244.0
884 46206.0
885 46206.0
886 46808.0
887 46404.0
888 46404.0
889 46490.0
890 46970.0
891 46970.0
892 46970.0
893 47011.0
894 46611.0
895 47060.0
896 47140.0
897 47211.0
898 46719.0
899 46817.0
900 47384.0
901 47384.0
902 47307.0
903 47307.0
904 47163.0
905 47045.0
906 46958.0
907 46871.0
908 46843.0
909 47085.0
910 47085.0
911 47085.0
912 47423.0
913 47423.0
914 47165.0
915 47413.0
916 47115.0
917 47567.0
918 47619.0
919 47628.0
920 47671.0
921 47464.0
922 47464.0
923 47779.0
924 47464.0
925 47400.0
926 47379.0
927 47400.0
928 47400.0
929 47400.0
930 47960.0
931 47960.0
932 47960.0
933 47233.0
934 47233.0
935 47261.0
936 47155.0
937 47155.0
938 48389.0
939 48389.0
940 47581.0
941 47331.0
942 47279.0
943 47499.0
944 47518.0
945 47548.0
946 47397.0
947 48112.0
948 47402.0
949 47552.0
950 47552.0
951 47936.0
952 47936.0
953 47844.0
954 48023.0
955 47844.0
956 47480.0
957 47635.0
958 47773.0
959 47530.0
960 47574.0
961 47530.0
962 47530.0
963 47694.0
964 47979.0
965 47697.0
966 47697.0
967 47791.0
968 48035.0
969 48035.0
970 47884.0
971 47980.0
972 48002.0
973 48375.0
974 48375.0
975 48375.0
976 47870.0
977 47925.0
978 48305.0
979 48305.0
980 48012.0
981 48012.0
982 48012.0
983 47962.0
984 48230.0
985 48197.0
986 48197.0
987 48461.0
988 48461.0
989 48461.0
990 48417.0
991 48417.0
992 48353.0
993 48272.0
994 48218.0
995 48403.0
996 48403.0
997 48371.0
998 48371.0
999 48250.0
1000 48250.0
