0 7392.0
1 8271.0
2 8989.0
3 10133.0
4 10721.0
5 11257.0
6 11454.0
7 11988.0
8 12442.0
9 13533.0
10 14168.0
11 14387.0
12 15156.0
13 16046.0
14 17182.0
15 17678.0
16 18507.0
17 19008.0
18 19339.0
19 20025.0
20 21147.0
21 21453.0
22 21520.0
23 23168.0
24 23168.0
25 22916.0
26 24212.0
27 24212.0
28 23824.0
29 24150.0
30 24823.0
31 25511.0
32 26049.0
33 26465.0
34 26869.0
35 26695.0
36 27024.0
37 27996.0
38 28011.0
39 28355.0
40 29725.0
41 29725.0
42 29409.0
43 29780.0
44 30723.0
45 30045.0
46 30407.0
47 30407.0
48 30540.0
49 30540.0
50 31172.0
51 31295.0
52 32379.0
53 32379.0
54 33202.0
55 32397.0
56 32437.0
57 32397.0
58 32683.0
59 33058.0
60 33680.0
61 33680.0
62 33704.0
63 33704.0
64 34455.0
65 33882.0
66 33852.0
67 33852.0
68 33770.0
69 33815.0
70 34452.0
71 35009.0
72 36510.0
73 35610.0
74 34429.0
75 34805.0
76 35269.0
77 35269.0
78 35519.0
79 35726.0
80 35726.0
81 37017.0
82 37017.0
83 37017.0
84 36487.0
85 36487.0
86 35894.0
87 37271.0
88 37271.0
89 37271.0
90 37271.0
91 36842.0
92 37932.0
93 37235.0
94 37235.0
95 37204.0
96 37127.0
97 37127.0
98 37108.0
99 37375.0
100 37620.0
101 37711.0
102 37756.0
103 37877.0
104 37877.0
105 38159.0
106 37879.0
107 37936.0
108 39000.0
109 39000.0
110 39000.0
111 38871.0
112 38871.0
113 38308.0
114 38308.0
115 38203.0
116 38315.0
117 38839.0
118 38758.0
119 38758.0
120 39296.0
121 39296.0
122 39296.0
123 39296.0
124 38521.0
125 39056.0
126 39056.0
127 39056.0
128 38722.0
129 38722.0
130 38722.0
131 38626.0
132 38991.0
133 39596.0
134 39077.0
135 38814.0
136 39324.0
137 39519.0
138 39463.0
139 39463.0
140 39324.0
141 39840.0
142 39840.0
143 39840.0
144 39769.0
145 39769.0
146 39413.0
147 39393.0
148 39540.0
149 39540.0
150 38951.0
151 38886.0
152 39325.0
153 39378.0
154 39243.0
155 39445.0
156 39445.0
157 39521.0
158 39397.0
159 39749.0
160 40244.0
161 40244.0
162 40103.0
163 40557.0
164 40557.0
165 40557.0
166 41070.0
167 39856.0
168 40022.0
169 40206.0
170 40206.0
171 39697.0
172 39974.0
173 39938.0
174 40101.0
175 40101.0
176 40101.0
177 40101.0
178 40285.0
179 40240.0
180 40240.0
181 40745.0
182 40560.0
183 40560.0
184 40549.0
185 40414.0
186 40414.0
187 40414.0
188 40500.0
189 40500.0
190 40691.0
191 40313.0
192 40617.0
193 40617.0
194 40617.0
195 40816.0
196 40806.0
197 41203.0
198 41366.0
199 41203.0
200 41203.0
201 41203.0
202 41443.0
203 42048.0
204 42048.0
205 42048.0
206 41443.0
207 41288.0
208 41288.0
209 41008.0
210 41341.0
211 41336.0
212 41584.0
213 41273.0
214 41760.0
215 41760.0
216 41760.0
217 41614.0
218 40886.0
219 42349.0
220 42349.0
221 41705.0
222 41705.0
223 41721.0
224 41823.0
225 41721.0
226 41721.0
227 42094.0
228 42094.0
229 42541.0
230 42094.0
231 41299.0
232 41448.0
233 41448.0
234 41563.0
235 41563.0
236 42052.0
237 42052.0
238 41924.0
239 41281.0
240 41113.0
241 41358.0
242 41743.0
243 41743.0
244 41743.0
245 40600.0
246 41273.0
247 42000.0
248 41904.0
249 41996.0
250 41057.0
251 42043.0
252 42043.0
253 42043.0
254 41317.0
255 41605.0
256 41317.0
257 41184.0
258 41343.0
259 41343.0
260 41173.0
261 41521.0
262 41173.0
263 41173.0
264 42699.0
265 41464.0
266 41083.0
267 41744.0
268 41744.0
269 41383.0
270 42185.0
271 41741.0
272 41331.0
273 42140.0
274 42140.0
275 41204.0
276 41688.0
277 42313.0
278 41791.0
279 41791.0
280 41954.0
281 41954.0
282 42310.0
283 42310.0
284 41672.0
285 41672.0
286 41777.0
287 41777.0
288 41843.0
289 42370.0
290 42370.0
291 42370.0
292 41927.0
293 42002.0
294 42002.0
295 41619.0
296 41619.0
297 42177.0
298 42177.0
299 42177.0
300 42382.0
301 41618.0
302 41262.0
303 41410.0
304 41513.0
305 41558.0
306 41827.0
307 42012.0
308 42012.0
309 42012.0
310 42012.0
311 42012.0
312 41660.0
313 41660.0
314 41660.0
315 41660.0
316 41654.0
317 41880.0
318 42031.0
319 41418.0
320 42324.0
321 41931.0
322 41931.0
323 41268.0
324 42314.0
325 41897.0
326 41589.0
327 41589.0
328 41449.0
329 41903.0
330 42518.0
331 42518.0
332 42518.0
333 42833.0
334 42833.0
335 42833.0
336 42833.0
337 42833.0
338 42833.0
339 42320.0
340 42320.0
341 42469.0
342 42469.0
343 42585.0
344 42777.0
345 42777.0
346 42406.0
347 42406.0
348 41951.0
349 42641.0
350 42641.0
351 42641.0
352 43655.0
353 42718.0
354 42641.0
355 42945.0
356 42769.0
357 42835.0
358 42856.0
359 43240.0
360 43240.0
361 43240.0
362 43240.0
363 42836.0
364 43727.0
365 43727.0
366 42836.0
367 42836.0
368 42836.0
369 42819.0
370 43258.0
371 43258.0
372 43258.0
373 42728.0
374 42865.0
375 42865.0
376 42838.0
377 42738.0
378 42670.0
379 43102.0
380 43102.0
381 43005.0
382 43005.0
383 43028.0
384 43418.0
385 43418.0
386 43418.0
387 43600.0
388 43159.0
389 43588.0
390 43267.0
391 43267.0
392 43267.0
393 43267.0
394 43267.0
395 43267.0
396 43267.0
397 43267.0
398 43267.0
399 43267.0
400 43267.0
401 43229.0
402 43229.0
403 43174.0
404 42571.0
405 42840.0
406 43650.0
407 43650.0
408 42524.0
409 42675.0
410 42675.0
411 43248.0
412 43248.0
413 42783.0
414 44155.0
415 43129.0
416 43129.0
417 43206.0
418 43523.0
419 43163.0
420 43735.0
421 43735.0
422 43735.0
423 43150.0
424 43150.0
425 43150.0
426 43150.0
427 43150.0
428 44416.0
429 44416.0
430 42809.0
431 42695.0
432 43536.0
433 43079.0
434 43525.0
435 43129.0
436 43129.0
437 42878.0
438 43230.0
439 43303.0
440 42879.0
441 42733.0
442 42897.0
443 43013.0
444 42789.0
445 42789.0
446 42723.0
447 44852.0
448 42681.0
449 42861.0
450 42739.0
451 44299.0
452 43323.0
453 43323.0
454 43323.0
455 43517.0
456 44435.0
457 43385.0
458 42912.0
459 42948.0
460 43071.0
461 43071.0
462 42844.0
463 43864.0
464 43864.0
465 43037.0
466 43322.0
467 43716.0
468 43716.0
469 43350.0
470 43350.0
471 43573.0
472 44800.0
473 43827.0
474 43827.0
475 43569.0
476 43628.0
477 43237.0
478 44000.0
479 44000.0
480 44000.0
481 43676.0
482 43795.0
483 43795.0
484 44390.0
485 43842.0
486 43930.0
487 44152.0
488 43933.0
489 43803.0
490 44270.0
491 44270.0
492 44270.0
493 44270.0
494 44270.0
495 44270.0
496 43972.0
497 43972.0
498 44505.0
499 44548.0
500 43849.0
501 43547.0
502 43722.0
503 44804.0
504 44021.0
505 43722.0
506 43808.0
507 43456.0
508 43456.0
509 43456.0
510 43844.0
511 43844.0
512 44178.0
513 44143.0
514 44143.0
515 44143.0
516 44143.0
517 44143.0
518 44143.0
519 44143.0
520 44078.0
521 44078.0
522 44167.0
523 43817.0
524 43695.0
525 43760.0
526 44202.0
527 44202.0
528 44139.0
529 44139.0
530 44046.0
531 43160.0
532 43528.0
533 43175.0
534 43175.0
535 43102.0
536 44342.0
537 44342.0
538 43693.0
539 43693.0
540 43495.0
541 43461.0
542 43110.0
543 44351.0
544 44351.0
545 43687.0
546 43687.0
547 43687.0
548 43292.0
549 43357.0
550 43292.0
551 43315.0
552 43315.0
553 43417.0
554 43612.0
555 43612.0
556 44094.0
557 42903.0
558 43097.0
559 42903.0
560 42903.0
561 43442.0
562 43442.0
563 43784.0
564 43784.0
565 43182.0
566 43182.0
567 42698.0
568 42204.0
569 42281.0
570 42957.0
571 42139.0
572 42916.0
573 43590.0
574 43590.0
575 42496.0
576 42553.0
577 43220.0
578 42553.0
579 42553.0
580 42896.0
581 42964.0
582 43055.0
583 43116.0
584 43116.0
585 42896.0
586 42896.0
587 43092.0
588 42892.0
589 42981.0
590 43181.0
591 42960.0
592 43065.0
593 43065.0
594 43173.0
595 44303.0
596 44303.0
597 45373.0
598 44073.0
599 43194.0
600 43272.0
601 43272.0
602 43272.0
603 43272.0
604 43709.0
605 43709.0
606 43709.0
607 43709.0
608 43709.0
609 44067.0
610 44067.0
611 43514.0
612 43672.0
613 43672.0
614 43934.0
615 43934.0
616 43924.0
617 43280.0
618 43476.0
619 43476.0
620 43476.0
621 43759.0
622 43759.0
623 43462.0
624 43892.0
625 43892.0
626 43892.0
627 43892.0
628 44583.0
629 43930.0
630 43930.0
631 44194.0
632 44194.0
633 44624.0
634 44624.0
635 43784.0
636 44056.0
637 44745.0
638 44745.0
639 44328.0
640 43708.0
641 43973.0
642 44208.0
643 44595.0
644 44727.0
645 43934.0
646 44584.0
647 44163.0
648 44070.0
649 44195.0
650 44195.0
651 43870.0
652 44380.0
653 44439.0
654 44424.0
655 44069.0
656 44111.0
657 44753.0
658 44753.0
659 44694.0
660 44694.0
661 44821.0
662 44170.0
663 44916.0
664 44229.0
665 44538.0
666 44875.0
667 44875.0
668 45497.0
669 44649.0
670 45147.0
671 45147.0
672 44542.0
673 44579.0
674 44579.0
675 45371.0
676 44050.0
677 43873.0
678 43922.0
679 44798.0
680 44798.0
681 44555.0
682 44555.0
683 43748.0
684 44053.0
685 44053.0
686 44053.0
687 45105.0
688 44053.0
689 44234.0
690 44301.0
691 44301.0
692 44301.0
693 43979.0
694 43979.0
695 44198.0
696 44171.0
697 44171.0
698 44171.0
699 43919.0
700 44488.0
701 44740.0
702 45380.0
703 45380.0
704 44475.0
705 43792.0
706 44574.0
707 44702.0
708 43882.0
709 45044.0
710 45044.0
711 44676.0
712 44874.0
713 44874.0
714 44874.0
715 44874.0
716 44890.0
717 44890.0
718 44478.0
719 44926.0
720 44748.0
721 44927.0
722 44704.0
723 44704.0
724 44704.0
725 44377.0
726 44377.0
727 44600.0
728 44550.0
729 44358.0
730 45510.0
731 44691.0
732 44691.0
733 44267.0
734 44517.0
735 45265.0
736 45265.0
737 44655.0
738 45094.0
739 45094.0
740 44604.0
741 44724.0
742 45145.0
743 44718.0
744 44723.0
745 45223.0
746 45223.0
747 44806.0
748 44612.0
749 44987.0
750 45095.0
751 44987.0
752 44885.0
753 45335.0
754 45085.0
755 45085.0
756 45085.0
757 44748.0
758 45864.0
759 45864.0
760 45448.0
761 44927.0
762 45263.0
763 45263.0
764 45263.0
765 45434.0
766 45179.0
767 45186.0
768 45278.0
769 45321.0
770 45278.0
771 45721.0
772 46041.0
773 46041.0
774 46041.0
775 46041.0
776 45647.0
777 46113.0
778 46113.0
779 45575.0
780 45924.0
781 45794.0
782 46185.0
783 45945.0
784 45837.0
785 45837.0
786 45837.0
787 45585.0
788 45585.0
789 45386.0
790 45924.0
791 45555.0
792 45980.0
793 45980.0
794 46194.0
795 45928.0
796 45920.0
797 46063.0
798 45906.0
799 45982.0
800 45925.0
801 45925.0
802 46174.0
803 45925.0
804 45888.0
805 45759.0
806 45993.0
807 46044.0
808 46468.0
809 45808.0
810 46011.0
811 46011.0
812 46011.0
813 46043.0
814 46234.0
815 45918.0
816 46390.0
817 46390.0
818 46390.0
819 46061.0
820 46061.0
821 46061.0
822 46061.0
823 46116.0
824 46054.0
825 46276.0
826 46066.0
827 46066.0
828 45989.0
829 46432.0
830 46432.0
831 46001.0
832 46549.0
833 46549.0
834 46329.0
835 46211.0
836 46211.0
837 46019.0
838 46047.0
839 46351.0
840 46351.0
841 46063.0
842 46049.0
843 46208.0
844 46381.0
845 46381.0
846 46381.0
847 46656.0
848 46656.0
849 46656.0
850 46425.0
851 46136.0
852 46426.0
853 46426.0
854 46488.0
855 46599.0
856 46340.0
857 46148.0
858 46222.0
859 46392.0
860 46392.0
861 46392.0
862 46631.0
863 46706.0
864 46631.0
865 46631.0
866 47188.0
867 47188.0
868 47188.0
869 47188.0
870 46581.0
871 46581.0
872 46798.0
873 47264.0
874 47264.0
875 47202.0
876 46552.0
877 46552.0
878 46552.0
879 46585.0
880 46552.0
881 46552.0
882 46552.0
883 46535.0
884 46433.0
885 47027.0
886 46380.0
887 46659.0
888 46659.0
889 46919.0
890 46919.0
891 46799.0
892 46799.0
893 46799.0
894 46828.0
895 46828.0
896 46828.0
897 47090.0
898 46983.0
899 46983.0
900 47222.0
901 47222.0
902 47222.0
903 47222.0
904 47373.0
905 47222.0
906 47435.0
907 47739.0
908 46966.0
909 47838.0
910 47289.0
911 46901.0
912 46901.0
913 47473.0
914 47622.0
915 47450.0
916 47262.0
917 47262.0
918 47262.0
919 47262.0
920 47482.0
921 47482.0
922 47482.0
923 47482.0
924 47482.0
925 47607.0
926 47431.0
927 47464.0
928 48083.0
929 48083.0
930 48083.0
931 47320.0
932 47555.0
933 47622.0
934 47579.0
935 47831.0
936 47831.0
937 47831.0
938 47874.0
939 47831.0
940 47689.0
941 47689.0
942 47689.0
943 47597.0
944 47382.0
945 47662.0
946 47634.0
947 47621.0
948 47980.0
949 47761.0
950 47761.0
951 47761.0
952 48134.0
953 48329.0
954 48179.0
955 48179.0
956 47959.0
957 48024.0
958 48024.0
959 48337.0
960 48043.0
961 48043.0
962 48043.0
963 48043.0
964 47973.0
965 48255.0
966 48082.0
967 47822.0
968 48227.0
969 48227.0
970 47778.0
971 47778.0
972 48036.0
973 48174.0
974 48174.0
975 48513.0
976 48513.0
977 48367.0
978 48367.0
979 48132.0
980 48132.0
981 48132.0
982 48132.0
983 48132.0
984 48132.0
985 48219.0
986 48667.0
987 47959.0
988 47914.0
989 48349.0
990 48334.0
991 48073.0
992 48260.0
993 47984.0
994 48328.0
995 48328.0
996 48328.0
997 48777.0
998 48328.0
999 48441.0
1000 48441.0
