0 7146.0
1 7829.0
2 8776.0
3 9929.0
4 11076.0
5 10550.0
6 11834.0
7 12323.0
8 12748.0
9 13569.0
10 13993.0
11 14500.0
12 15078.0
13 16834.0
14 15853.0
15 17519.0
16 17917.0
17 18149.0
18 19380.0
19 20044.0
20 20010.0
21 20744.0
22 21267.0
23 22022.0
24 22509.0
25 22509.0
26 22967.0
27 23141.0
28 23264.0
29 24547.0
30 24811.0
31 25715.0
32 26297.0
33 26980.0
34 26340.0
35 26669.0
36 26886.0
37 26886.0
38 27272.0
39 28132.0
40 28132.0
41 28768.0
42 28717.0
43 29679.0
44 29361.0
45 29854.0
46 29854.0
47 29979.0
48 29910.0
49 30715.0
50 30693.0
51 31473.0
52 31742.0
53 31747.0
54 31897.0
55 32458.0
56 32894.0
57 32894.0
58 33351.0
59 33255.0
60 33981.0
61 33981.0
62 33981.0
63 34322.0
64 33717.0
65 33994.0
66 33666.0
67 35266.0
68 35060.0
69 35060.0
70 35297.0
71 34659.0
72 36446.0
73 35793.0
74 35907.0
75 35793.0
76 35620.0
77 35665.0
78 35798.0
79 35828.0
80 35798.0
81 36656.0
82 36656.0
83 36083.0
84 35929.0
85 36110.0
86 36904.0
87 36515.0
88 36515.0
89 36798.0
90 36885.0
91 36808.0
92 36850.0
93 36808.0
94 37313.0
95 37313.0
96 37313.0
97 37012.0
98 37248.0
99 37709.0
100 37598.0
101 37981.0
102 37918.0
103 38123.0
104 38808.0
105 38903.0
106 38903.0
107 38903.0
108 38903.0
109 38903.0
110 38903.0
111 38947.0
112 38914.0
113 38914.0
114 38465.0
115 39021.0
116 39021.0
117 38590.0
118 39663.0
119 39663.0
120 38590.0
121 38590.0
122 38058.0
123 38293.0
124 38025.0
125 39031.0
126 38792.0
127 38792.0
128 38972.0
129 39073.0
130 39073.0
131 39174.0
132 39835.0
133 39174.0
134 39174.0
135 39513.0
136 39513.0
137 39365.0
138 39401.0
139 39219.0
140 39806.0
141 40052.0
142 39502.0
143 39339.0
144 39734.0
145 39827.0
146 39858.0
147 39858.0
148 40102.0
149 40102.0
150 39827.0
151 39883.0
152 40078.0
153 40078.0
154 40226.0
155 40226.0
156 39374.0
157 40342.0
158 40342.0
159 40342.0
160 40007.0
161 40428.0
162 39930.0
163 39919.0
164 40099.0
165 40099.0
166 40272.0
167 40180.0
168 39869.0
169 40210.0
170 39972.0
171 39972.0
172 39972.0
173 39972.0
174 41045.0
175 40578.0
176 40578.0
177 40578.0
178 40578.0
179 40578.0
180 40578.0
181 40578.0
182 40509.0
183 40078.0
184 39740.0
185 39740.0
186 39683.0
187 39654.0
188 39654.0
189 39756.0
190 39636.0
191 40082.0
192 40304.0
193 40304.0
194 40197.0
195 39973.0
196 39973.0
197 40396.0
198 40396.0
199 39894.0
200 40117.0
201 40656.0
202 41040.0
203 40656.0
204 40510.0
205 40510.0
206 39576.0
207 40432.0
208 40323.0
209 40079.0
210 39933.0
211 40178.0
212 40697.0
213 40697.0
214 41060.0
215 41024.0
216 41024.0
217 40319.0
218 41674.0
219 41674.0
220 40019.0
221 40333.0
222 40722.0
223 40655.0
224 40749.0
225 40650.0
226 40554.0
227 40554.0
228 40554.0
229 40554.0
230 40554.0
231 41180.0
232 40523.0
233 40523.0
234 40393.0
235 40137.0
236 40721.0
237 41551.0
238 41551.0
239 41551.0
240 41120.0
241 41120.0
242 41120.0
243 41244.0
244 41244.0
245 40456.0
246 40774.0
247 40774.0
248 40774.0
249 41188.0
250 40797.0
251 40774.0
252 40996.0
253 40511.0
254 40689.0
255 40689.0
256 40689.0
257 40689.0
258 40225.0
259 40495.0
260 40495.0
261 40529.0
262 40939.0
263 40859.0
264 40249.0
265 40720.0
266 40720.0
267 40148.0
268 40286.0
269 40286.0
270 41288.0
271 41288.0
272 41287.0
273 41082.0
274 40678.0
275 40678.0
276 40682.0
277 41598.0
278 41598.0
279 40400.0
280 40666.0
281 40666.0
282 40173.0
283 40513.0
284 40341.0
285 40238.0
286 40494.0
287 40536.0
288 41306.0
289 41306.0
290 41069.0
291 41317.0
292 41317.0
293 40543.0
294 41251.0
295 41251.0
296 41251.0
297 41251.0
298 40354.0
299 40958.0
300 41004.0
301 41004.0
302 42206.0
303 41002.0
304 41130.0
305 42785.0
306 42785.0
307 41717.0
308 41803.0
309 41094.0
310 41337.0
311 41162.0
312 41745.0
313 41745.0
314 41745.0
315 41745.0
316 41591.0
317 41264.0
318 42243.0
319 42243.0
320 42243.0
321 41337.0
322 42017.0
323 41061.0
324 41177.0
325 41697.0
326 41697.0
327 41697.0
328 41399.0
329 42106.0
330 42106.0
331 41835.0
332 42026.0
333 41835.0
334 41336.0
335 41478.0
336 42409.0
337 41395.0
338 41822.0
339 42246.0
340 42695.0
341 42695.0
342 42695.0
343 42018.0
344 42018.0
345 41750.0
346 42464.0
347 43228.0
348 42464.0
349 42034.0
350 42141.0
351 42141.0
352 42052.0
353 42052.0
354 41821.0
355 42694.0
356 42307.0
357 41831.0
358 42113.0
359 42508.0
360 42508.0
361 42508.0
362 42852.0
363 42852.0
364 42261.0
365 42577.0
366 42146.0
367 42146.0
368 43253.0
369 43253.0
370 43253.0
371 42706.0
372 42706.0
373 42968.0
374 42968.0
375 42507.0
376 42507.0
377 42507.0
378 42849.0
379 42939.0
380 42849.0
381 42756.0
382 42795.0
383 42795.0
384 42795.0
385 43022.0
386 43022.0
387 42006.0
388 43376.0
389 42240.0
390 42240.0
391 42962.0
392 42962.0
393 43158.0
394 43054.0
395 42997.0
396 42525.0
397 42695.0
398 43057.0
399 43057.0
400 42840.0
401 42365.0
402 42365.0
403 42722.0
404 42722.0
405 42685.0
406 42745.0
407 43230.0
408 43230.0
409 42244.0
410 42031.0
411 41826.0
412 41826.0
413 41896.0
414 42734.0
415 42734.0
416 42734.0
417 43762.0
418 43762.0
419 43762.0
420 42719.0
421 42719.0
422 42368.0
423 42352.0
424 42965.0
425 42965.0
426 42321.0
427 42321.0
428 42321.0
429 42657.0
430 42551.0
431 42551.0
432 42811.0
433 43921.0
434 43246.0
435 42447.0
436 42745.0
437 43129.0
438 43129.0
439 43129.0
440 43129.0
441 43129.0
442 42469.0
443 42469.0
444 43184.0
445 43184.0
446 42335.0
447 42335.0
448 42952.0
449 42952.0
450 42952.0
451 42952.0
452 42952.0
453 42952.0
454 42666.0
455 42306.0
456 42749.0
457 42585.0
458 42585.0
459 42887.0
460 42887.0
461 42887.0
462 42887.0
463 42125.0
464 42394.0
465 42074.0
466 42707.0
467 42658.0
468 42658.0
469 42658.0
470 42499.0
471 42541.0
472 42807.0
473 42829.0
474 42829.0
475 42829.0
476 42829.0
477 42570.0
478 42655.0
479 41892.0
480 42750.0
481 42750.0
482 42891.0
483 42891.0
484 43193.0
485 43193.0
486 43048.0
487 43048.0
488 43048.0
489 43048.0
490 43048.0
491 43048.0
492 42830.0
493 43021.0
494 43389.0
495 43389.0
496 42696.0
497 42696.0
498 42696.0
499 42696.0
500 43878.0
501 43878.0
502 43878.0
503 43023.0
504 42582.0
505 43611.0
506 42311.0
507 43016.0
508 43318.0
509 43016.0
510 42093.0
511 42532.0
512 42377.0
513 42730.0
514 42994.0
515 42579.0
516 42579.0
517 42579.0
518 42579.0
519 43045.0
520 42579.0
521 43040.0
522 42429.0
523 42748.0
524 42748.0
525 42466.0
526 42466.0
527 42558.0
528 42558.0
529 42346.0
530 42236.0
531 42433.0
532 43949.0
533 42828.0
534 42500.0
535 42500.0
536 42500.0
537 42500.0
538 42274.0
539 42629.0
540 42274.0
541 42274.0
542 43144.0
543 43144.0
544 43144.0
545 42275.0
546 42275.0
547 42300.0
548 42183.0
549 42163.0
550 42137.0
551 42149.0
552 42137.0
553 42701.0
554 42701.0
555 42701.0
556 42709.0
557 42325.0
558 42325.0
559 42014.0
560 41993.0
561 42741.0
562 42741.0
563 43297.0
564 43297.0
565 43297.0
566 43375.0
567 43297.0
568 43297.0
569 43297.0
570 43297.0
571 42514.0
572 42533.0
573 42533.0
574 42698.0
575 42089.0
576 42299.0
577 43775.0
578 43381.0
579 43381.0
580 43161.0
581 42177.0
582 42235.0
583 42424.0
584 43508.0
585 43508.0
586 42775.0
587 43309.0
588 43309.0
589 43309.0
590 43096.0
591 43096.0
592 43096.0
593 43268.0
594 43862.0
595 43268.0
596 43074.0
597 43067.0
598 43049.0
599 43378.0
600 43378.0
601 43049.0
602 42892.0
603 42858.0
604 43120.0
605 43120.0
606 42846.0
607 42846.0
608 43937.0
609 43937.0
610 43163.0
611 43660.0
612 43442.0
613 43861.0
614 43983.0
615 43983.0
616 43983.0
617 43983.0
618 43983.0
619 43566.0
620 43566.0
621 43154.0
622 44011.0
623 44011.0
624 43774.0
625 43774.0
626 43141.0
627 43128.0
628 43128.0
629 43128.0
630 43612.0
631 43552.0
632 42781.0
633 43050.0
634 43128.0
635 43160.0
636 43167.0
637 43050.0
638 43234.0
639 43234.0
640 43904.0
641 43904.0
642 43720.0
643 43407.0
644 43407.0
645 43407.0
646 42628.0
647 43232.0
648 43232.0
649 43232.0
650 43232.0
651 43050.0
652 42865.0
653 42865.0
654 43139.0
655 43139.0
656 43208.0
657 43038.0
658 43038.0
659 43345.0
660 43345.0
661 44279.0
662 44279.0
663 43778.0
664 43396.0
665 43185.0
666 43172.0
667 42548.0
668 42548.0
669 42457.0
670 42457.0
671 42457.0
672 42504.0
673 43025.0
674 42972.0
675 43870.0
676 43063.0
677 42655.0
678 43363.0
679 43433.0
680 42720.0
681 42720.0
682 42806.0
683 43490.0
684 43774.0
685 43490.0
686 43490.0
687 43490.0
688 43490.0
689 43490.0
690 43949.0
691 43949.0
692 43949.0
693 43949.0
694 43949.0
695 43949.0
696 44015.0
697 43259.0
698 43530.0
699 43292.0
700 43610.0
701 43312.0
702 43354.0
703 43312.0
704 43038.0
705 43293.0
706 43293.0
707 43372.0
708 43000.0
709 43000.0
710 43000.0
711 43000.0
712 43000.0
713 43000.0
714 43379.0
715 43379.0
716 42988.0
717 43249.0
718 42600.0
719 42600.0
720 42313.0
721 42797.0
722 42963.0
723 42963.0
724 42480.0
725 41999.0
726 42119.0
727 42119.0
728 42119.0
729 42089.0
730 42377.0
731 42377.0
732 42377.0
733 42258.0
734 42730.0
735 42158.0
736 42265.0
737 42884.0
738 43044.0
739 43044.0
740 43864.0
741 43864.0
742 42453.0
743 42519.0
744 42519.0
745 42977.0
746 42527.0
747 42519.0
748 42632.0
749 42632.0
750 42681.0
751 42874.0
752 43766.0
753 43766.0
754 43766.0
755 42909.0
756 42976.0
757 42976.0
758 42976.0
759 42983.0
760 42992.0
761 43002.0
762 42527.0
763 42527.0
764 43575.0
765 42483.0
766 42762.0
767 42692.0
768 42692.0
769 42783.0
770 42783.0
771 42783.0
772 42783.0
773 44097.0
774 42901.0
775 42783.0
776 42888.0
777 42888.0
778 42888.0
779 43442.0
780 42621.0
781 42621.0
782 42857.0
783 43061.0
784 43001.0
785 43356.0
786 43787.0
787 43787.0
788 43787.0
789 43356.0
790 43894.0
791 43219.0
792 43219.0
793 42882.0
794 43176.0
795 43176.0
796 43176.0
797 43176.0
798 42882.0
799 43041.0
800 43888.0
801 43888.0
802 43742.0
803 43473.0
804 44540.0
805 43508.0
806 43046.0
807 43046.0
808 42961.0
809 42587.0
810 43263.0
811 43263.0
812 43263.0
813 43263.0
814 42921.0
815 42921.0
816 42930.0
817 42830.0
818 42868.0
819 42797.0
820 42487.0
821 42487.0
822 42487.0
823 42682.0
824 42642.0
825 42642.0
826 42481.0
827 42190.0
828 42804.0
829 42190.0
830 41907.0
831 42475.0
832 41855.0
833 42538.0
834 43122.0
835 43122.0
836 42102.0
837 42261.0
838 41698.0
839 41563.0
840 41675.0
841 42291.0
842 42291.0
843 42268.0
844 42268.0
845 42268.0
846 42268.0
847 42461.0
848 41862.0
849 41862.0
850 41862.0
851 41862.0
852 42488.0
853 42517.0
854 42488.0
855 41665.0
856 42102.0
857 42102.0
858 42102.0
859 42102.0
860 41616.0
861 42395.0
862 42395.0
863 42395.0
864 42395.0
865 42395.0
866 42287.0
867 42382.0
868 42207.0
869 42207.0
870 42207.0
871 43065.0
872 43065.0
873 43065.0
874 43065.0
875 42656.0
876 42656.0
877 42656.0
878 43116.0
879 43483.0
880 42965.0
881 43071.0
882 42557.0
883 42557.0
884 42281.0
885 42311.0
886 42000.0
887 42353.0
888 42445.0
889 42445.0
890 42445.0
891 42383.0
892 42000.0
893 42076.0
894 42609.0
895 42223.0
896 42367.0
897 42097.0
898 43697.0
899 43697.0
900 43697.0
901 43927.0
902 42825.0
903 42825.0
904 41848.0
905 42412.0
906 43745.0
907 43128.0
908 43128.0
909 42412.0
910 42961.0
911 42961.0
912 42869.0
913 44256.0
914 43217.0
915 43016.0
916 42869.0
917 42869.0
918 42610.0
919 42610.0
920 42556.0
921 42171.0
922 43324.0
923 43324.0
924 43324.0
925 42996.0
926 43057.0
927 42669.0
928 42669.0
929 42897.0
930 42403.0
931 42403.0
932 42216.0
933 42910.0
934 42910.0
935 43168.0
936 43168.0
937 43168.0
938 43168.0
939 43168.0
940 43168.0
941 42493.0
942 41954.0
943 41740.0
944 42447.0
945 42447.0
946 42743.0
947 42743.0
948 42743.0
949 42876.0
950 42953.0
951 42953.0
952 42953.0
953 42953.0
954 42489.0
955 42972.0
956 44257.0
957 42831.0
958 43608.0
959 43095.0
960 43261.0
961 43045.0
962 42935.0
963 42594.0
964 42852.0
965 42968.0
966 42968.0
967 43019.0
968 43052.0
969 43052.0
970 43052.0
971 44489.0
972 44489.0
973 43052.0
974 42948.0
975 43339.0
976 43598.0
977 43598.0
978 43139.0
979 42752.0
980 42752.0
981 43115.0
982 43094.0
983 43050.0
984 43577.0
985 43537.0
986 43472.0
987 43272.0
988 43490.0
989 43490.0
990 43298.0
991 43298.0
992 43194.0
993 42708.0
994 42991.0
995 43070.0
996 43070.0
997 43294.0
998 43023.0
999 43186.0
1000 43546.0
