0	6590.0	2545.0
1	6683.0	3024.0
2	6683.0	3327.0
3	6683.0	3425.0
4	6683.0	3577.0
5	6683.0	3821.0
6	7202.0	3899.0
7	7202.0	4075.0
8	7202.0	4075.0
9	7202.0	4133.0
10	7202.0	4133.0
11	7202.0	4209.0
12	7202.0	4209.0
13	7202.0	4253.0
14	7202.0	4253.0
15	7202.0	4253.0
16	7202.0	4442.0
17	7202.0	4442.0
18	7202.0	4450.0
19	7202.0	4450.0
20	7202.0	4542.0
21	7202.0	4450.0
22	7202.0	4450.0
23	7202.0	4450.0
24	7202.0	4450.0
25	7202.0	4578.0
26	7202.0	4596.0
27	7202.0	4596.0
28	7202.0	4596.0
29	7202.0	4646.0
30	7239.0	4646.0
31	7239.0	4691.0
32	7239.0	4691.0
33	7239.0	4691.0
34	7239.0	4691.0
35	7239.0	4745.0
36	7239.0	4745.0
37	7239.0	4745.0
38	7239.0	4745.0
39	7239.0	4745.0
40	7239.0	4901.0
41	7239.0	4745.0
42	7239.0	4745.0
43	7239.0	4745.0
44	7239.0	4902.0
45	7796.0	4902.0
46	7796.0	4902.0
47	7796.0	4902.0
48	7796.0	4902.0
49	7796.0	4961.0
50	7796.0	4978.0
51	7796.0	4978.0
52	7796.0	4978.0
53	7796.0	5017.0
54	7796.0	5017.0
55	7796.0	5017.0
56	7796.0	5017.0
57	7796.0	5017.0
58	7796.0	5017.0
59	7796.0	5017.0
60	7796.0	5109.0
61	7796.0	5039.0
62	7796.0	5039.0
63	7796.0	5039.0
64	7796.0	5039.0
65	7796.0	5039.0
66	7796.0	5039.0
67	7796.0	5039.0
68	7796.0	5039.0
69	7796.0	5039.0
70	7796.0	5039.0
71	7796.0	5039.0
72	7796.0	5039.0
73	7796.0	5039.0
74	7796.0	5039.0
75	7796.0	5039.0
76	7796.0	5039.0
77	7796.0	5039.0
78	7796.0	5039.0
79	7796.0	5039.0
80	7796.0	5167.0
81	7796.0	5039.0
82	7796.0	5039.0
83	7796.0	5039.0
84	7796.0	5039.0
85	7796.0	5039.0
86	7796.0	5039.0
87	7796.0	5039.0
88	7796.0	5039.0
89	7796.0	5039.0
90	7796.0	5039.0
91	7796.0	5039.0
92	7796.0	5039.0
93	7796.0	5039.0
94	7796.0	5039.0
95	7796.0	5039.0
96	7796.0	5039.0
97	7796.0	5039.0
98	7796.0	5039.0
99	7796.0	5039.0
100	7796.0	5039.0
101	7796.0	5039.0
102	7796.0	5039.0
103	7796.0	5039.0
104	7796.0	5039.0
105	7796.0	5039.0
106	7796.0	5039.0
107	7796.0	5039.0
108	7796.0	5039.0
109	7796.0	5039.0
110	7796.0	5039.0
111	7796.0	5039.0
112	7796.0	5039.0
113	7796.0	5039.0
114	7796.0	5039.0
115	7796.0	5039.0
116	7796.0	5039.0
117	7796.0	5039.0
118	7796.0	5039.0
119	7796.0	5039.0
120	7796.0	5221.0
121	7796.0	5039.0
122	7796.0	5039.0
123	7796.0	5039.0
124	7796.0	5039.0
125	7796.0	5039.0
126	7796.0	5039.0
127	7796.0	5039.0
128	7796.0	5211.0
129	7796.0	5211.0
130	7796.0	5211.0
131	7796.0	5211.0
132	7796.0	5211.0
133	7796.0	5211.0
134	7796.0	5211.0
135	7796.0	5211.0
136	7796.0	5211.0
137	7796.0	5211.0
138	7796.0	5211.0
139	7796.0	5211.0
140	7796.0	5249.0
141	7796.0	5221.0
142	7796.0	5221.0
143	7796.0	5221.0
144	7796.0	5221.0
145	7796.0	5221.0
146	7796.0	5221.0
147	7796.0	5221.0
148	7796.0	5221.0
149	7796.0	5221.0
150	7796.0	5221.0
151	7796.0	5221.0
152	7796.0	5221.0
153	7796.0	5221.0
154	7796.0	5221.0
155	7796.0	5221.0
156	7796.0	5221.0
157	7796.0	5221.0
158	7796.0	5221.0
159	7796.0	5221.0
160	7796.0	5221.0
161	7796.0	5249.0
162	7796.0	5249.0
163	7796.0	5304.0
164	7796.0	5304.0
165	7796.0	5304.0
166	7796.0	5304.0
167	7796.0	5304.0
168	7796.0	5304.0
169	7796.0	5304.0
170	7796.0	5304.0
171	7796.0	5304.0
172	7796.0	5304.0
173	7796.0	5304.0
174	7796.0	5304.0
175	7796.0	5304.0
176	7796.0	5304.0
177	7796.0	5304.0
178	7796.0	5304.0
179	7796.0	5304.0
180	7796.0	5324.0
181	7796.0	5304.0
182	7796.0	5304.0
183	7796.0	5304.0
184	7796.0	5304.0
185	7796.0	5304.0
186	7796.0	5304.0
187	7796.0	5304.0
188	7796.0	5304.0
189	7796.0	5304.0
190	7796.0	5304.0
191	7796.0	5304.0
192	7796.0	5304.0
193	7796.0	5304.0
194	7796.0	5304.0
195	7796.0	5304.0
196	7796.0	5304.0
197	7796.0	5304.0
198	7796.0	5304.0
199	7796.0	5304.0
200	7796.0	5337.0
201	7796.0	5304.0
202	7796.0	5304.0
203	7796.0	5319.0
204	7796.0	5319.0
205	7796.0	5319.0
206	7796.0	5319.0
207	7796.0	5319.0
208	7796.0	5319.0
209	7796.0	5319.0
210	7796.0	5319.0
211	7796.0	5319.0
212	7796.0	5319.0
213	7796.0	5319.0
214	7796.0	5319.0
215	7796.0	5319.0
216	7796.0	5319.0
217	7796.0	5319.0
218	7796.0	5319.0
219	7796.0	5319.0
220	7796.0	5324.0
221	7796.0	5319.0
222	7796.0	5319.0
223	7796.0	5319.0
224	7796.0	5319.0
225	7796.0	5319.0
226	7796.0	5319.0
227	7796.0	5319.0
228	7796.0	5319.0
229	7796.0	5319.0
230	7796.0	5319.0
231	7796.0	5319.0
232	7796.0	5319.0
233	7796.0	5319.0
234	7796.0	5319.0
235	7796.0	5319.0
236	7796.0	5319.0
237	7796.0	5319.0
238	7796.0	5319.0
239	7796.0	5319.0
240	7796.0	5392.0
241	7796.0	5319.0
242	7796.0	5319.0
243	7796.0	5319.0
244	7796.0	5319.0
245	7796.0	5319.0
246	7796.0	5319.0
247	7796.0	5319.0
248	7796.0	5319.0
249	7796.0	5319.0
250	7796.0	5319.0
251	7796.0	5392.0
252	7796.0	5392.0
253	7796.0	5392.0
254	7796.0	5392.0
255	7796.0	5392.0
256	7796.0	5392.0
257	7796.0	5392.0
258	7796.0	5392.0
259	7796.0	5392.0
260	7796.0	5394.0
261	7796.0	5392.0
262	7796.0	5392.0
263	7796.0	5392.0
264	7796.0	5392.0
265	7796.0	5392.0
266	7796.0	5392.0
267	7796.0	5392.0
268	7796.0	5392.0
269	7796.0	5392.0
270	7796.0	5438.0
271	7796.0	5438.0
272	7796.0	5438.0
273	7796.0	5438.0
274	7796.0	5438.0
275	7796.0	5438.0
276	7796.0	5438.0
277	7796.0	5438.0
278	7796.0	5438.0
279	7796.0	5438.0
280	7796.0	5476.0
281	7796.0	5438.0
282	7796.0	5438.0
283	7796.0	5438.0
284	7796.0	5438.0
285	7796.0	5438.0
286	7796.0	5438.0
287	7796.0	5438.0
288	7796.0	5438.0
289	7796.0	5438.0
290	7796.0	5438.0
291	7796.0	5438.0
292	7796.0	5438.0
293	7796.0	5438.0
294	7796.0	5438.0
295	7796.0	5438.0
296	7796.0	5438.0
297	7796.0	5438.0
298	7796.0	5438.0
299	7796.0	5438.0
300	7796.0	5487.0
301	7796.0	5438.0
302	7796.0	5438.0
303	7796.0	5438.0
304	7796.0	5438.0
305	7796.0	5438.0
306	7796.0	5438.0
307	7796.0	5438.0
308	7796.0	5438.0
309	7796.0	5438.0
310	7796.0	5438.0
311	7796.0	5438.0
312	7796.0	5438.0
313	7796.0	5438.0
314	7796.0	5438.0
315	7796.0	5438.0
316	7796.0	5438.0
317	7796.0	5438.0
318	7796.0	5438.0
319	7796.0	5438.0
320	7796.0	5477.0
321	7796.0	5438.0
322	7796.0	5438.0
323	7796.0	5477.0
324	7796.0	5477.0
325	7796.0	5485.0
326	7796.0	5485.0
327	7796.0	5485.0
328	7796.0	5485.0
329	7796.0	5485.0
330	7796.0	5485.0
331	7796.0	5485.0
332	7796.0	5485.0
333	7796.0	5485.0
334	7796.0	5485.0
335	7796.0	5485.0
336	7796.0	5485.0
337	7796.0	5485.0
338	7796.0	5485.0
339	7796.0	5485.0
340	7796.0	5565.0
341	7796.0	5485.0
342	7796.0	5485.0
343	7796.0	5485.0
344	7796.0	5485.0
345	7796.0	5485.0
346	7796.0	5485.0
347	7796.0	5485.0
348	7796.0	5485.0
349	7796.0	5485.0
350	7796.0	5485.0
351	7796.0	5485.0
352	7796.0	5485.0
353	7796.0	5485.0
354	7796.0	5485.0
355	7796.0	5485.0
356	7796.0	5485.0
357	7796.0	5485.0
358	7796.0	5485.0
359	7796.0	5485.0
360	7796.0	5638.0
361	7796.0	5485.0
362	7796.0	5485.0
363	7796.0	5485.0
364	7796.0	5485.0
365	7796.0	5485.0
366	7796.0	5485.0
367	7796.0	5485.0
368	7796.0	5485.0
369	7796.0	5485.0
370	7796.0	5485.0
371	7796.0	5485.0
372	7796.0	5485.0
373	7796.0	5485.0
374	7796.0	5485.0
375	7796.0	5485.0
376	7796.0	5485.0
377	7796.0	5485.0
378	7796.0	5485.0
379	7796.0	5485.0
380	7796.0	5631.0
381	7796.0	5485.0
382	7796.0	5485.0
383	7796.0	5485.0
384	7796.0	5485.0
385	7796.0	5485.0
386	7796.0	5485.0
387	7796.0	5485.0
388	7796.0	5485.0
389	7796.0	5485.0
390	7796.0	5485.0
391	7796.0	5485.0
392	7796.0	5485.0
393	7796.0	5485.0
394	7796.0	5485.0
395	7796.0	5485.0
396	7796.0	5485.0
397	7796.0	5485.0
398	7796.0	5485.0
399	7796.0	5485.0
400	7796.0	5551.0
401	7796.0	5485.0
402	7796.0	5485.0
403	7796.0	5485.0
404	7796.0	5485.0
405	7796.0	5504.0
406	7796.0	5504.0
407	7796.0	5504.0
408	7796.0	5504.0
409	7796.0	5504.0
410	7796.0	5504.0
411	7796.0	5504.0
412	7796.0	5504.0
413	7796.0	5504.0
414	7796.0	5504.0
415	7796.0	5504.0
416	7796.0	5504.0
417	7796.0	5504.0
418	7796.0	5504.0
419	7796.0	5504.0
420	7796.0	5597.0
421	7796.0	5504.0
422	7796.0	5504.0
423	7796.0	5504.0
424	7796.0	5504.0
425	7796.0	5504.0
426	7796.0	5504.0
427	7796.0	5504.0
428	7796.0	5504.0
429	7796.0	5504.0
430	7796.0	5504.0
431	7796.0	5504.0
432	7796.0	5504.0
433	7796.0	5504.0
434	7796.0	5504.0
435	7796.0	5504.0
436	7796.0	5504.0
437	7796.0	5504.0
438	7796.0	5504.0
439	7796.0	5504.0
440	7796.0	5592.0
441	7796.0	5504.0
442	7796.0	5504.0
443	7796.0	5504.0
444	7796.0	5504.0
445	7796.0	5504.0
446	7796.0	5504.0
447	7796.0	5504.0
448	7796.0	5504.0
449	7796.0	5504.0
450	7796.0	5504.0
451	7796.0	5504.0
452	7796.0	5504.0
453	7796.0	5504.0
454	7796.0	5504.0
455	7796.0	5504.0
456	7796.0	5504.0
457	7796.0	5504.0
458	7796.0	5504.0
459	7796.0	5504.0
460	7796.0	5504.0
461	7796.0	5504.0
462	7796.0	5504.0
463	7796.0	5504.0
464	7796.0	5504.0
465	7796.0	5504.0
466	7796.0	5504.0
467	7796.0	5504.0
468	7796.0	5504.0
469	7796.0	5504.0
470	7796.0	5504.0
471	7796.0	5504.0
472	7796.0	5504.0
473	7796.0	5504.0
474	7796.0	5504.0
475	7796.0	5504.0
476	7796.0	5504.0
477	7796.0	5504.0
478	7796.0	5504.0
479	7796.0	5504.0
480	7796.0	5729.0
481	7796.0	5504.0
482	7796.0	5504.0
483	7796.0	5504.0
484	7796.0	5504.0
485	7796.0	5504.0
486	7796.0	5504.0
487	7796.0	5504.0
488	7796.0	5504.0
489	7796.0	5551.0
490	7796.0	5551.0
491	7796.0	5551.0
492	7796.0	5551.0
493	7796.0	5551.0
494	7796.0	5551.0
495	7796.0	5551.0
496	7796.0	5551.0
497	7796.0	5551.0
498	7796.0	5551.0
499	7796.0	5551.0
500	7796.0	5638.0
501	7796.0	5551.0
502	7796.0	5551.0
503	7796.0	5551.0
504	7796.0	5551.0
505	7796.0	5551.0
506	7796.0	5551.0
507	7796.0	5551.0
508	7796.0	5551.0
509	7796.0	5551.0
510	7796.0	5551.0
511	7796.0	5551.0
512	7796.0	5551.0
513	7796.0	5551.0
514	7796.0	5551.0
515	7796.0	5551.0
516	7796.0	5551.0
517	7796.0	5551.0
518	7796.0	5551.0
519	7796.0	5551.0
520	7796.0	5551.0
521	7796.0	5551.0
522	7796.0	5551.0
523	7796.0	5551.0
524	7796.0	5551.0
525	7796.0	5551.0
526	7796.0	5551.0
527	7796.0	5551.0
528	7796.0	5551.0
529	7796.0	5551.0
530	7796.0	5551.0
531	7796.0	5551.0
532	7796.0	5551.0
533	7796.0	5551.0
534	7796.0	5551.0
535	7796.0	5551.0
536	7796.0	5551.0
537	7796.0	5551.0
538	7796.0	5551.0
539	7796.0	5551.0
540	7796.0	5728.0
541	7796.0	5551.0
542	7796.0	5551.0
543	7796.0	5551.0
544	7796.0	5576.0
545	7796.0	5576.0
546	7796.0	5576.0
547	7796.0	5576.0
548	7796.0	5576.0
549	7796.0	5576.0
550	7796.0	5576.0
551	7796.0	5576.0
552	7796.0	5576.0
553	7796.0	5576.0
554	7796.0	5576.0
555	7796.0	5576.0
556	7796.0	5576.0
557	7796.0	5576.0
558	7796.0	5576.0
559	7796.0	5576.0
560	7796.0	5678.0
561	7796.0	5576.0
562	7796.0	5576.0
563	7796.0	5576.0
564	7796.0	5576.0
565	7796.0	5576.0
566	7796.0	5576.0
567	7796.0	5576.0
568	7796.0	5576.0
569	7796.0	5576.0
570	7796.0	5576.0
571	7796.0	5576.0
572	7796.0	5576.0
573	7796.0	5678.0
574	7796.0	5678.0
575	7796.0	5678.0
576	7796.0	5678.0
577	7796.0	5678.0
578	7796.0	5678.0
579	7796.0	5678.0
580	7796.0	5725.0
581	7796.0	5678.0
582	7796.0	5678.0
583	7796.0	5678.0
584	7796.0	5678.0
585	7796.0	5678.0
586	7796.0	5678.0
587	7796.0	5678.0
588	7796.0	5678.0
589	7796.0	5678.0
590	7796.0	5678.0
591	7796.0	5678.0
592	7796.0	5678.0
593	7796.0	5678.0
594	7796.0	5678.0
595	7796.0	5678.0
596	7796.0	5678.0
597	7796.0	5678.0
598	7796.0	5678.0
599	7796.0	5678.0
600	7796.0	5728.0
601	7796.0	5678.0
602	7796.0	5678.0
603	7796.0	5678.0
604	7796.0	5678.0
605	7796.0	5678.0
606	7796.0	5678.0
607	7796.0	5678.0
608	7796.0	5678.0
609	7796.0	5678.0
610	7796.0	5678.0
611	7796.0	5678.0
612	7796.0	5678.0
613	7796.0	5678.0
614	7796.0	5678.0
615	7796.0	5678.0
616	7796.0	5678.0
617	7796.0	5678.0
618	7796.0	5678.0
619	7796.0	5678.0
620	7796.0	5857.0
621	7796.0	5678.0
622	7796.0	5678.0
623	7796.0	5678.0
624	7796.0	5678.0
625	7796.0	5678.0
626	7796.0	5678.0
627	7796.0	5678.0
628	7796.0	5678.0
629	7796.0	5678.0
630	7796.0	5678.0
631	7796.0	5678.0
632	7796.0	5678.0
633	7796.0	5678.0
634	7796.0	5678.0
635	7796.0	5678.0
636	7796.0	5678.0
637	7796.0	5678.0
638	7796.0	5678.0
639	7796.0	5678.0
640	7796.0	5762.0
641	7796.0	5678.0
642	7796.0	5678.0
643	7796.0	5678.0
644	7796.0	5678.0
645	7796.0	5678.0
646	7796.0	5678.0
647	7796.0	5678.0
648	7796.0	5678.0
649	7796.0	5678.0
650	7796.0	5678.0
651	7796.0	5678.0
652	7796.0	5678.0
653	7796.0	5678.0
654	7796.0	5678.0
655	7796.0	5678.0
656	7796.0	5678.0
657	7796.0	5678.0
658	7796.0	5678.0
659	7796.0	5678.0
660	7796.0	5786.0
661	7796.0	5678.0
662	7796.0	5678.0
663	7796.0	5678.0
664	7796.0	5678.0
665	7796.0	5678.0
666	7796.0	5678.0
667	7796.0	5678.0
668	7796.0	5678.0
669	7796.0	5678.0
670	7796.0	5678.0
671	7796.0	5678.0
672	7796.0	5678.0
673	7796.0	5678.0
674	7796.0	5678.0
675	7796.0	5678.0
676	7796.0	5678.0
677	7796.0	5678.0
678	7796.0	5678.0
679	7796.0	5678.0
680	7796.0	5678.0
681	7796.0	5678.0
682	7796.0	5678.0
683	7796.0	5713.0
684	7796.0	5713.0
685	7796.0	5713.0
686	7796.0	5713.0
687	7796.0	5713.0
688	7796.0	5713.0
689	7796.0	5713.0
690	7796.0	5713.0
691	7796.0	5713.0
692	7796.0	5713.0
693	7796.0	5713.0
694	7796.0	5713.0
695	7796.0	5713.0
696	7796.0	5713.0
697	7796.0	5713.0
698	7796.0	5713.0
699	7796.0	5713.0
700	7796.0	5822.0
701	7796.0	5713.0
702	7796.0	5713.0
703	7796.0	5713.0
704	7796.0	5713.0
705	7796.0	5713.0
706	7796.0	5713.0
707	7796.0	5713.0
708	7796.0	5713.0
709	7796.0	5713.0
710	7796.0	5713.0
711	7796.0	5713.0
712	7796.0	5713.0
713	7796.0	5713.0
714	7796.0	5713.0
715	7796.0	5713.0
716	7796.0	5713.0
717	7796.0	5713.0
718	7796.0	5713.0
719	7796.0	5713.0
720	7796.0	5771.0
721	7796.0	5713.0
722	7796.0	5713.0
723	7796.0	5713.0
724	7796.0	5713.0
725	7796.0	5713.0
726	7796.0	5713.0
727	7796.0	5713.0
728	7796.0	5713.0
729	7796.0	5713.0
730	7796.0	5713.0
731	7796.0	5713.0
732	7796.0	5713.0
733	7796.0	5713.0
734	7796.0	5713.0
735	7796.0	5713.0
736	7796.0	5713.0
737	7796.0	5713.0
738	7796.0	5713.0
739	7796.0	5713.0
740	7796.0	5835.0
741	7796.0	5713.0
742	7796.0	5713.0
743	7796.0	5713.0
744	7796.0	5713.0
745	7796.0	5713.0
746	7796.0	5713.0
747	7796.0	5713.0
748	7796.0	5713.0
749	7796.0	5713.0
750	7796.0	5713.0
751	7796.0	5713.0
752	7796.0	5713.0
753	7796.0	5713.0
754	7796.0	5713.0
755	7796.0	5713.0
756	7796.0	5713.0
757	7796.0	5713.0
758	7796.0	5713.0
759	7796.0	5713.0
760	7796.0	5858.0
761	7796.0	5713.0
762	7796.0	5713.0
763	7796.0	5713.0
764	7796.0	5713.0
765	7796.0	5713.0
766	7796.0	5713.0
767	7796.0	5713.0
768	7796.0	5713.0
769	7796.0	5713.0
770	7796.0	5713.0
771	7796.0	5713.0
772	7796.0	5713.0
773	7796.0	5713.0
774	7796.0	5713.0
775	7796.0	5713.0
776	7796.0	5713.0
777	7796.0	5713.0
778	7796.0	5713.0
779	7796.0	5713.0
780	7796.0	5713.0
781	7796.0	5713.0
782	7796.0	5713.0
783	7796.0	5713.0
784	7796.0	5713.0
785	7796.0	5713.0
786	7796.0	5713.0
787	7796.0	5713.0
788	7796.0	5713.0
789	7796.0	5777.0
790	7796.0	5777.0
791	7796.0	5777.0
792	7796.0	5777.0
793	7796.0	5777.0
794	7796.0	5777.0
795	7796.0	5777.0
796	7796.0	5777.0
797	7796.0	5777.0
798	7796.0	5777.0
799	7796.0	5777.0
800	7796.0	5865.0
801	7796.0	5777.0
802	7796.0	5777.0
803	7796.0	5777.0
804	7796.0	5777.0
805	7796.0	5777.0
806	7796.0	5777.0
807	7796.0	5777.0
808	7796.0	5777.0
809	7796.0	5777.0
810	7796.0	5777.0
811	7796.0	5777.0
812	7796.0	5777.0
813	7796.0	5777.0
814	7796.0	5777.0
815	7796.0	5777.0
816	7796.0	5777.0
817	7796.0	5777.0
818	7796.0	5777.0
819	7796.0	5777.0
820	7796.0	5861.0
821	7796.0	5777.0
822	7796.0	5777.0
823	7796.0	5777.0
824	7796.0	5777.0
825	7796.0	5777.0
826	7796.0	5777.0
827	7796.0	5777.0
828	7796.0	5777.0
829	7796.0	5777.0
830	7796.0	5777.0
831	7796.0	5777.0
832	7796.0	5777.0
833	7796.0	5777.0
834	7796.0	5777.0
835	7796.0	5777.0
836	7796.0	5777.0
837	7796.0	5777.0
838	7796.0	5777.0
839	7796.0	5777.0
840	7796.0	5818.0
841	7796.0	5777.0
842	7796.0	5777.0
843	7796.0	5777.0
844	7796.0	5777.0
845	7796.0	5777.0
846	7796.0	5777.0
847	7796.0	5777.0
848	7796.0	5777.0
849	7796.0	5777.0
850	7796.0	5777.0
851	7796.0	5777.0
852	7796.0	5777.0
853	7796.0	5777.0
854	7796.0	5777.0
855	7796.0	5777.0
856	7796.0	5777.0
857	7796.0	5777.0
858	7796.0	5777.0
859	7796.0	5777.0
860	7796.0	5777.0
861	7796.0	5777.0
862	7796.0	5777.0
863	7796.0	5777.0
864	7796.0	5777.0
865	7796.0	5777.0
866	7796.0	5777.0
867	7796.0	5777.0
868	7796.0	5777.0
869	7796.0	5777.0
870	7796.0	5777.0
871	7796.0	5777.0
872	7796.0	5777.0
873	7796.0	5777.0
874	7796.0	5777.0
875	7796.0	5777.0
876	7796.0	5777.0
877	7796.0	5777.0
878	7796.0	5777.0
879	7796.0	5777.0
880	7796.0	5895.0
881	7796.0	5777.0
882	7796.0	5777.0
883	7796.0	5777.0
884	7796.0	5777.0
885	7796.0	5777.0
886	7796.0	5777.0
887	7796.0	5777.0
888	7796.0	5777.0
889	7796.0	5777.0
890	7796.0	5777.0
891	7796.0	5777.0
892	7796.0	5777.0
893	7796.0	5777.0
894	7796.0	5777.0
895	7796.0	5777.0
896	7796.0	5777.0
897	7796.0	5777.0
898	7796.0	5777.0
899	7796.0	5777.0
900	7796.0	5872.0
901	7796.0	5777.0
902	7796.0	5777.0
903	7796.0	5777.0
904	7796.0	5777.0
905	7796.0	5777.0
906	7796.0	5777.0
907	7796.0	5777.0
908	7796.0	5777.0
909	7796.0	5777.0
910	7796.0	5777.0
911	7796.0	5777.0
912	7796.0	5777.0
913	7796.0	5777.0
914	7796.0	5777.0
915	7796.0	5777.0
916	7796.0	5777.0
917	7796.0	5777.0
918	7796.0	5777.0
919	7796.0	5777.0
920	7796.0	5822.0
921	7796.0	5777.0
922	7796.0	5777.0
923	7796.0	5777.0
924	7796.0	5777.0
925	7796.0	5777.0
926	7796.0	5777.0
927	7796.0	5777.0
928	7796.0	5777.0
929	7796.0	5777.0
930	7796.0	5777.0
931	7796.0	5777.0
932	7796.0	5777.0
933	7796.0	5777.0
934	7796.0	5777.0
935	7796.0	5777.0
936	7796.0	5777.0
937	7796.0	5777.0
938	7796.0	5777.0
939	7796.0	5777.0
940	7796.0	5872.0
941	7796.0	5777.0
942	7796.0	5777.0
943	7796.0	5777.0
944	7796.0	5777.0
945	7796.0	5777.0
946	7796.0	5777.0
947	7796.0	5777.0
948	7796.0	5777.0
949	7796.0	5777.0
950	7796.0	5777.0
951	7796.0	5777.0
952	7796.0	5777.0
953	7796.0	5777.0
954	7796.0	5777.0
955	7796.0	5777.0
956	7796.0	5777.0
957	7796.0	5777.0
958	7796.0	5777.0
959	7796.0	5777.0
960	7796.0	5822.0
961	7796.0	5777.0
962	7796.0	5777.0
963	7796.0	5777.0
964	7796.0	5777.0
965	7796.0	5777.0
966	7796.0	5777.0
967	7796.0	5777.0
968	7796.0	5777.0
969	7796.0	5777.0
970	7796.0	5777.0
971	7796.0	5777.0
972	7796.0	5777.0
973	7796.0	5777.0
974	7796.0	5777.0
975	7796.0	5777.0
976	7796.0	5777.0
977	7796.0	5777.0
978	7796.0	5777.0
979	7796.0	5777.0
980	7796.0	5919.0
981	7796.0	5777.0
982	7796.0	5777.0
983	7796.0	5777.0
984	7796.0	5777.0
985	7796.0	5777.0
986	7796.0	5777.0
987	7796.0	5777.0
988	7796.0	5777.0
989	7796.0	5777.0
990	7796.0	5777.0
991	7796.0	5777.0
992	7796.0	5777.0
993	7796.0	5777.0
994	7796.0	5777.0
995	7796.0	5777.0
996	7796.0	5777.0
997	7796.0	5777.0
998	7796.0	5777.0
999	7796.0	5777.0
1000	7796.0	5872.0
