0	6326.0	2354.0
1	6518.0	2921.0
2	6543.0	3109.0
3	7464.0	3593.0
4	7464.0	3746.0
5	7464.0	3746.0
6	7464.0	3959.0
7	7464.0	3959.0
8	7464.0	3985.0
9	7464.0	4071.0
10	7464.0	4112.0
11	7464.0	4127.0
12	7464.0	4127.0
13	7464.0	4219.0
14	7464.0	4219.0
15	7464.0	4219.0
16	7464.0	4219.0
17	7464.0	4303.0
18	7464.0	4303.0
19	7464.0	4453.0
20	7464.0	4695.0
21	7464.0	4567.0
22	7464.0	4567.0
23	7464.0	4567.0
24	7464.0	4567.0
25	7464.0	4599.0
26	7464.0	4599.0
27	7464.0	4599.0
28	7464.0	4599.0
29	7464.0	4603.0
30	7464.0	4603.0
31	7464.0	4603.0
32	7464.0	4603.0
33	7464.0	4603.0
34	7464.0	4603.0
35	7464.0	4603.0
36	7464.0	4603.0
37	7464.0	4603.0
38	7464.0	4603.0
39	7464.0	4603.0
40	7464.0	4778.0
41	7464.0	4603.0
42	7464.0	4603.0
43	7464.0	4603.0
44	7464.0	4603.0
45	7464.0	4603.0
46	7464.0	4603.0
47	7464.0	4603.0
48	7464.0	4603.0
49	7464.0	4603.0
50	7464.0	4863.0
51	7464.0	4863.0
52	7464.0	4863.0
53	7464.0	4863.0
54	7464.0	4863.0
55	7464.0	4996.0
56	7464.0	4996.0
57	7464.0	4996.0
58	7464.0	4996.0
59	7464.0	4996.0
60	7464.0	4996.0
61	7464.0	5005.0
62	7464.0	5005.0
63	7464.0	5005.0
64	7464.0	5005.0
65	7464.0	5005.0
66	7464.0	5080.0
67	7464.0	5080.0
68	7464.0	5080.0
69	7464.0	5080.0
70	7464.0	5080.0
71	7464.0	5080.0
72	7464.0	5080.0
73	7464.0	5080.0
74	7464.0	5084.0
75	7464.0	5084.0
76	7464.0	5085.0
77	7464.0	5085.0
78	7464.0	5085.0
79	7464.0	5085.0
80	7464.0	5196.0
81	7464.0	5085.0
82	7464.0	5085.0
83	7464.0	5085.0
84	7464.0	5085.0
85	7464.0	5085.0
86	7464.0	5085.0
87	7464.0	5085.0
88	7464.0	5088.0
89	7464.0	5088.0
90	7464.0	5088.0
91	7464.0	5088.0
92	7464.0	5088.0
93	7464.0	5088.0
94	7464.0	5088.0
95	7464.0	5088.0
96	7464.0	5088.0
97	7464.0	5088.0
98	7464.0	5088.0
99	7464.0	5090.0
100	7464.0	5133.0
101	7464.0	5090.0
102	7464.0	5090.0
103	7464.0	5169.0
104	7464.0	5169.0
105	7464.0	5169.0
106	7464.0	5169.0
107	7464.0	5180.0
108	7464.0	5180.0
109	7464.0	5180.0
110	7464.0	5214.0
111	7464.0	5214.0
112	7464.0	5214.0
113	7464.0	5243.0
114	7464.0	5243.0
115	7464.0	5243.0
116	7464.0	5243.0
117	7464.0	5243.0
118	7464.0	5243.0
119	7464.0	5243.0
120	7464.0	5276.0
121	7464.0	5243.0
122	7464.0	5243.0
123	7464.0	5243.0
124	7464.0	5243.0
125	7464.0	5243.0
126	7464.0	5243.0
127	7464.0	5243.0
128	7464.0	5243.0
129	7464.0	5243.0
130	7464.0	5243.0
131	7464.0	5243.0
132	7464.0	5243.0
133	7464.0	5243.0
134	7464.0	5243.0
135	7464.0	5243.0
136	7464.0	5243.0
137	7464.0	5243.0
138	7464.0	5243.0
139	7464.0	5243.0
140	7464.0	5317.0
141	7464.0	5243.0
142	7464.0	5243.0
143	7464.0	5243.0
144	7464.0	5317.0
145	7464.0	5317.0
146	7464.0	5317.0
147	7464.0	5317.0
148	7464.0	5317.0
149	7464.0	5317.0
150	7464.0	5317.0
151	7464.0	5317.0
152	7464.0	5317.0
153	7464.0	5317.0
154	7464.0	5317.0
155	7464.0	5317.0
156	7464.0	5317.0
157	7464.0	5317.0
158	7464.0	5317.0
159	7464.0	5317.0
160	7464.0	5382.0
161	7464.0	5317.0
162	7464.0	5317.0
163	7464.0	5317.0
164	7464.0	5317.0
165	7464.0	5317.0
166	7464.0	5317.0
167	7464.0	5317.0
168	7464.0	5317.0
169	7464.0	5317.0
170	7464.0	5317.0
171	7464.0	5317.0
172	7464.0	5317.0
173	7464.0	5317.0
174	7464.0	5317.0
175	7464.0	5317.0
176	7464.0	5317.0
177	7464.0	5317.0
178	7464.0	5317.0
179	7464.0	5317.0
180	7464.0	5410.0
181	7464.0	5317.0
182	7464.0	5317.0
183	7464.0	5317.0
184	7464.0	5317.0
185	7464.0	5317.0
186	7464.0	5317.0
187	7464.0	5317.0
188	7464.0	5317.0
189	7464.0	5317.0
190	7464.0	5317.0
191	7464.0	5317.0
192	7464.0	5317.0
193	7464.0	5317.0
194	7464.0	5317.0
195	7464.0	5317.0
196	7464.0	5317.0
197	7464.0	5317.0
198	7464.0	5317.0
199	7464.0	5317.0
200	7464.0	5317.0
201	7464.0	5317.0
202	7464.0	5317.0
203	7464.0	5317.0
204	7464.0	5317.0
205	7464.0	5317.0
206	7464.0	5317.0
207	7464.0	5317.0
208	7464.0	5317.0
209	7464.0	5317.0
210	7464.0	5317.0
211	7464.0	5317.0
212	7464.0	5317.0
213	7464.0	5317.0
214	7464.0	5317.0
215	7464.0	5317.0
216	7464.0	5317.0
217	7464.0	5317.0
218	7464.0	5317.0
219	7464.0	5317.0
220	7464.0	5431.0
221	7464.0	5317.0
222	7464.0	5317.0
223	7464.0	5317.0
224	7464.0	5317.0
225	7464.0	5317.0
226	7464.0	5317.0
227	7464.0	5317.0
228	7464.0	5317.0
229	7464.0	5317.0
230	7464.0	5317.0
231	7464.0	5317.0
232	7464.0	5317.0
233	7464.0	5317.0
234	7464.0	5317.0
235	7464.0	5317.0
236	7464.0	5317.0
237	7464.0	5317.0
238	7464.0	5317.0
239	7464.0	5317.0
240	7464.0	5496.0
241	7464.0	5317.0
242	7464.0	5317.0
243	7464.0	5317.0
244	7464.0	5317.0
245	7464.0	5317.0
246	7464.0	5317.0
247	7464.0	5317.0
248	7464.0	5317.0
249	7464.0	5317.0
250	7464.0	5317.0
251	7464.0	5317.0
252	7464.0	5317.0
253	7464.0	5317.0
254	7464.0	5317.0
255	7464.0	5317.0
256	7464.0	5317.0
257	7464.0	5317.0
258	7464.0	5362.0
259	7464.0	5362.0
260	7464.0	5362.0
261	7464.0	5362.0
262	7464.0	5362.0
263	7464.0	5362.0
264	7464.0	5362.0
265	7464.0	5362.0
266	7464.0	5362.0
267	7464.0	5362.0
268	7464.0	5362.0
269	7464.0	5362.0
270	7464.0	5362.0
271	7464.0	5362.0
272	7464.0	5362.0
273	7464.0	5362.0
274	7464.0	5362.0
275	7464.0	5362.0
276	7464.0	5362.0
277	7464.0	5362.0
278	7464.0	5362.0
279	7464.0	5362.0
280	7464.0	5605.0
281	7464.0	5362.0
282	7464.0	5362.0
283	7464.0	5362.0
284	7464.0	5496.0
285	7464.0	5496.0
286	7464.0	5496.0
287	7464.0	5496.0
288	7464.0	5496.0
289	7464.0	5496.0
290	7464.0	5496.0
291	7464.0	5496.0
292	7464.0	5496.0
293	7464.0	5496.0
294	7464.0	5496.0
295	7464.0	5496.0
296	7464.0	5496.0
297	7464.0	5496.0
298	7464.0	5496.0
299	7464.0	5496.0
300	7464.0	5541.0
301	7464.0	5496.0
302	7464.0	5496.0
303	7464.0	5496.0
304	7464.0	5496.0
305	7464.0	5496.0
306	7464.0	5496.0
307	7464.0	5496.0
308	7464.0	5496.0
309	7464.0	5496.0
310	7464.0	5496.0
311	7464.0	5496.0
312	7464.0	5496.0
313	7464.0	5496.0
314	7464.0	5496.0
315	7464.0	5496.0
316	7464.0	5496.0
317	7464.0	5496.0
318	7464.0	5496.0
319	7464.0	5496.0
320	7464.0	5625.0
321	7464.0	5496.0
322	7464.0	5496.0
323	7464.0	5496.0
324	7464.0	5496.0
325	7464.0	5496.0
326	7464.0	5496.0
327	7464.0	5496.0
328	7464.0	5496.0
329	7464.0	5496.0
330	7464.0	5496.0
331	7464.0	5496.0
332	7464.0	5496.0
333	7464.0	5496.0
334	7464.0	5496.0
335	7464.0	5496.0
336	7464.0	5496.0
337	7464.0	5496.0
338	7464.0	5496.0
339	7464.0	5496.0
340	7464.0	5572.0
341	7464.0	5496.0
342	7464.0	5496.0
343	7464.0	5496.0
344	7464.0	5496.0
345	7464.0	5496.0
346	7464.0	5496.0
347	7464.0	5496.0
348	7464.0	5541.0
349	7464.0	5541.0
350	7464.0	5541.0
351	7464.0	5541.0
352	7464.0	5541.0
353	7464.0	5541.0
354	7464.0	5541.0
355	7464.0	5541.0
356	7464.0	5541.0
357	7464.0	5541.0
358	7464.0	5541.0
359	7464.0	5541.0
360	7464.0	5552.0
361	7464.0	5541.0
362	7464.0	5541.0
363	7464.0	5541.0
364	7464.0	5541.0
365	7464.0	5541.0
366	7464.0	5541.0
367	7464.0	5541.0
368	7464.0	5541.0
369	7464.0	5541.0
370	7464.0	5541.0
371	7464.0	5541.0
372	7464.0	5541.0
373	7464.0	5541.0
374	7464.0	5541.0
375	7464.0	5541.0
376	7464.0	5541.0
377	7464.0	5541.0
378	7464.0	5541.0
379	7464.0	5541.0
380	7464.0	5572.0
381	7464.0	5541.0
382	7464.0	5541.0
383	7464.0	5541.0
384	7464.0	5541.0
385	7464.0	5541.0
386	7464.0	5541.0
387	7464.0	5541.0
388	7464.0	5541.0
389	7464.0	5541.0
390	7464.0	5541.0
391	7464.0	5541.0
392	7464.0	5541.0
393	7464.0	5541.0
394	7464.0	5541.0
395	7464.0	5541.0
396	7464.0	5541.0
397	7464.0	5541.0
398	7464.0	5541.0
399	7464.0	5541.0
400	7464.0	5572.0
401	7464.0	5541.0
402	7464.0	5541.0
403	7464.0	5541.0
404	7464.0	5541.0
405	7464.0	5541.0
406	7464.0	5541.0
407	7464.0	5541.0
408	7464.0	5541.0
409	7464.0	5541.0
410	7464.0	5541.0
411	7464.0	5541.0
412	7464.0	5541.0
413	7464.0	5541.0
414	7464.0	5541.0
415	7464.0	5541.0
416	7464.0	5541.0
417	7464.0	5541.0
418	7464.0	5541.0
419	7464.0	5541.0
420	7464.0	5572.0
421	7464.0	5541.0
422	7464.0	5541.0
423	7464.0	5541.0
424	7464.0	5541.0
425	7464.0	5541.0
426	7464.0	5541.0
427	7464.0	5541.0
428	7464.0	5541.0
429	7464.0	5541.0
430	7464.0	5541.0
431	7497.0	5541.0
432	7497.0	5541.0
433	7497.0	5541.0
434	7497.0	5541.0
435	7497.0	5541.0
436	7497.0	5541.0
437	7497.0	5541.0
438	7497.0	5541.0
439	7497.0	5541.0
440	7497.0	5572.0
441	7497.0	5541.0
442	7497.0	5541.0
443	7497.0	5541.0
444	7497.0	5541.0
445	7497.0	5541.0
446	7497.0	5541.0
447	7497.0	5541.0
448	7497.0	5541.0
449	7497.0	5541.0
450	7497.0	5541.0
451	7497.0	5541.0
452	7497.0	5541.0
453	7497.0	5541.0
454	7497.0	5541.0
455	7497.0	5541.0
456	7497.0	5541.0
457	7497.0	5541.0
458	7497.0	5541.0
459	7497.0	5541.0
460	7497.0	5572.0
461	7497.0	5572.0
462	7497.0	5572.0
463	7497.0	5572.0
464	7497.0	5572.0
465	7497.0	5572.0
466	7497.0	5572.0
467	7497.0	5572.0
468	7497.0	5572.0
469	7497.0	5572.0
470	7497.0	5572.0
471	7497.0	5572.0
472	7497.0	5572.0
473	7497.0	5572.0
474	7497.0	5572.0
475	7497.0	5572.0
476	7497.0	5572.0
477	7497.0	5572.0
478	7497.0	5572.0
479	7497.0	5572.0
480	7497.0	5572.0
481	7497.0	5572.0
482	7497.0	5572.0
483	7497.0	5572.0
484	7497.0	5572.0
485	7497.0	5572.0
486	7497.0	5572.0
487	7497.0	5572.0
488	7497.0	5572.0
489	7497.0	5572.0
490	7497.0	5572.0
491	7497.0	5572.0
492	7497.0	5572.0
493	7497.0	5572.0
494	7497.0	5572.0
495	7497.0	5572.0
496	7497.0	5572.0
497	7497.0	5572.0
498	7497.0	5572.0
499	7497.0	5572.0
500	7497.0	5727.0
501	7497.0	5572.0
502	7497.0	5572.0
503	7497.0	5572.0
504	7497.0	5572.0
505	7497.0	5572.0
506	7497.0	5572.0
507	7497.0	5572.0
508	7497.0	5572.0
509	7497.0	5572.0
510	7497.0	5572.0
511	7497.0	5621.0
512	7497.0	5621.0
513	7497.0	5621.0
514	7497.0	5621.0
515	7497.0	5621.0
516	7497.0	5621.0
517	7497.0	5621.0
518	7497.0	5621.0
519	7497.0	5621.0
520	7497.0	5662.0
521	7497.0	5621.0
522	7497.0	5621.0
523	7497.0	5621.0
524	7497.0	5621.0
525	7497.0	5621.0
526	7497.0	5621.0
527	7497.0	5621.0
528	7497.0	5621.0
529	7497.0	5621.0
530	7497.0	5664.0
531	7497.0	5664.0
532	7497.0	5664.0
533	7497.0	5664.0
534	7497.0	5664.0
535	7497.0	5664.0
536	7497.0	5664.0
537	7497.0	5664.0
538	7497.0	5664.0
539	7497.0	5664.0
540	7497.0	5830.0
541	7497.0	5664.0
542	7497.0	5664.0
543	7497.0	5664.0
544	7497.0	5664.0
545	7497.0	5664.0
546	7497.0	5664.0
547	7497.0	5664.0
548	7497.0	5664.0
549	7497.0	5664.0
550	7497.0	5664.0
551	7497.0	5664.0
552	7497.0	5664.0
553	7497.0	5664.0
554	7497.0	5664.0
555	7497.0	5664.0
556	7497.0	5664.0
557	7497.0	5664.0
558	7497.0	5664.0
559	7497.0	5664.0
560	7497.0	5693.0
561	7497.0	5693.0
562	7497.0	5693.0
563	7497.0	5693.0
564	7497.0	5693.0
565	7497.0	5693.0
566	7497.0	5693.0
567	7497.0	5693.0
568	7497.0	5693.0
569	7497.0	5693.0
570	7497.0	5693.0
571	7497.0	5693.0
572	7497.0	5693.0
573	7497.0	5693.0
574	7497.0	5693.0
575	7497.0	5693.0
576	7497.0	5693.0
577	7497.0	5693.0
578	7497.0	5693.0
579	7497.0	5693.0
580	7497.0	5843.0
581	7497.0	5693.0
582	7497.0	5693.0
583	7497.0	5693.0
584	7497.0	5693.0
585	7497.0	5693.0
586	7497.0	5693.0
587	7497.0	5693.0
588	7497.0	5693.0
589	7497.0	5693.0
590	7497.0	5693.0
591	7497.0	5693.0
592	7497.0	5693.0
593	7497.0	5693.0
594	7497.0	5693.0
595	7497.0	5693.0
596	7497.0	5693.0
597	7497.0	5693.0
598	7497.0	5693.0
599	7497.0	5693.0
600	7497.0	5693.0
601	7497.0	5693.0
602	7497.0	5693.0
603	7497.0	5693.0
604	7563.0	5693.0
605	7563.0	5693.0
606	7563.0	5693.0
607	7563.0	5693.0
608	7563.0	5693.0
609	7563.0	5693.0
610	7563.0	5693.0
611	7563.0	5693.0
612	7563.0	5693.0
613	7563.0	5693.0
614	7563.0	5693.0
615	7563.0	5693.0
616	7563.0	5693.0
617	7563.0	5693.0
618	7563.0	5693.0
619	7563.0	5693.0
620	7563.0	5777.0
621	7563.0	5693.0
622	7563.0	5693.0
623	7563.0	5693.0
624	7563.0	5693.0
625	7563.0	5693.0
626	7563.0	5693.0
627	7563.0	5693.0
628	7563.0	5693.0
629	7563.0	5693.0
630	7563.0	5693.0
631	7563.0	5693.0
632	7563.0	5693.0
633	7563.0	5693.0
634	7563.0	5693.0
635	7563.0	5693.0
636	7563.0	5693.0
637	7563.0	5693.0
638	7563.0	5693.0
639	7563.0	5693.0
640	7563.0	5818.0
641	7563.0	5693.0
642	7670.0	5693.0
643	7670.0	5693.0
644	7670.0	5693.0
645	7670.0	5693.0
646	7670.0	5693.0
647	7670.0	5693.0
648	7670.0	5693.0
649	7670.0	5693.0
650	7670.0	5693.0
651	7670.0	5693.0
652	7670.0	5693.0
653	7670.0	5693.0
654	7670.0	5693.0
655	7670.0	5693.0
656	7670.0	5693.0
657	7670.0	5693.0
658	7670.0	5693.0
659	7670.0	5693.0
660	7670.0	5807.0
661	7670.0	5693.0
662	7670.0	5693.0
663	7670.0	5693.0
664	7670.0	5693.0
665	7670.0	5693.0
666	7670.0	5693.0
667	7670.0	5693.0
668	7670.0	5693.0
669	7670.0	5693.0
670	7670.0	5693.0
671	7670.0	5693.0
672	7670.0	5693.0
673	7670.0	5693.0
674	7670.0	5693.0
675	7670.0	5693.0
676	7670.0	5693.0
677	7670.0	5693.0
678	7670.0	5693.0
679	7670.0	5693.0
680	7670.0	5854.0
681	7670.0	5693.0
682	7670.0	5693.0
683	7670.0	5693.0
684	7670.0	5693.0
685	7670.0	5693.0
686	7670.0	5693.0
687	7670.0	5693.0
688	7670.0	5693.0
689	7670.0	5693.0
690	7670.0	5693.0
691	7670.0	5693.0
692	7670.0	5693.0
693	7670.0	5693.0
694	7670.0	5693.0
695	7670.0	5693.0
696	7670.0	5693.0
697	7670.0	5693.0
698	7670.0	5693.0
699	7670.0	5693.0
700	7670.0	5856.0
701	7670.0	5693.0
702	7670.0	5696.0
703	7670.0	5696.0
704	7670.0	5696.0
705	7670.0	5696.0
706	7670.0	5696.0
707	7670.0	5696.0
708	7670.0	5696.0
709	7670.0	5696.0
710	7670.0	5696.0
711	7670.0	5696.0
712	7670.0	5696.0
713	7670.0	5696.0
714	7670.0	5696.0
715	7670.0	5696.0
716	7670.0	5696.0
717	7670.0	5696.0
718	7670.0	5696.0
719	7670.0	5696.0
720	7670.0	5827.0
721	7670.0	5696.0
722	7670.0	5696.0
723	7670.0	5696.0
724	7670.0	5696.0
725	7670.0	5696.0
726	7670.0	5696.0
727	7670.0	5696.0
728	7670.0	5696.0
729	7670.0	5696.0
730	7670.0	5696.0
731	7670.0	5696.0
732	7670.0	5696.0
733	7670.0	5696.0
734	7670.0	5696.0
735	7670.0	5696.0
736	7670.0	5696.0
737	7670.0	5696.0
738	7670.0	5696.0
739	7670.0	5807.0
740	7670.0	5937.0
741	7670.0	5807.0
742	7670.0	5807.0
743	7670.0	5807.0
744	7670.0	5807.0
745	7670.0	5807.0
746	7670.0	5807.0
747	7670.0	5807.0
748	7670.0	5807.0
749	7670.0	5807.0
750	7670.0	5807.0
751	7670.0	5807.0
752	7670.0	5807.0
753	7670.0	5807.0
754	7670.0	5807.0
755	7670.0	5807.0
756	7670.0	5807.0
757	7670.0	5807.0
758	7670.0	5807.0
759	7670.0	5807.0
760	7670.0	5923.0
761	7670.0	5807.0
762	7670.0	5807.0
763	7670.0	5807.0
764	7670.0	5807.0
765	7670.0	5807.0
766	7670.0	5807.0
767	7670.0	5807.0
768	7670.0	5807.0
769	7670.0	5807.0
770	7670.0	5807.0
771	7670.0	5807.0
772	7670.0	5807.0
773	7670.0	5807.0
774	7670.0	5807.0
775	7670.0	5807.0
776	7670.0	5807.0
777	7670.0	5807.0
778	7670.0	5807.0
779	7670.0	5807.0
780	7670.0	5976.0
781	7670.0	5807.0
782	7670.0	5807.0
783	7670.0	5807.0
784	7670.0	5807.0
785	7670.0	5807.0
786	7670.0	5807.0
787	7670.0	5807.0
788	7670.0	5807.0
789	7670.0	5807.0
790	7670.0	5807.0
791	7670.0	5807.0
792	7670.0	5807.0
793	7670.0	5807.0
794	7670.0	5807.0
795	7670.0	5807.0
796	7670.0	5807.0
797	7670.0	5807.0
798	7670.0	5807.0
799	7670.0	5807.0
800	7670.0	5827.0
801	7670.0	5807.0
802	7670.0	5807.0
803	7670.0	5807.0
804	7670.0	5807.0
805	7670.0	5807.0
806	7670.0	5807.0
807	7670.0	5807.0
808	7670.0	5807.0
809	7670.0	5807.0
810	7670.0	5807.0
811	7670.0	5807.0
812	7670.0	5807.0
813	7670.0	5807.0
814	7670.0	5807.0
815	7670.0	5807.0
816	7670.0	5807.0
817	7670.0	5807.0
818	7670.0	5807.0
819	7670.0	5807.0
820	7670.0	5807.0
821	7670.0	5807.0
822	7670.0	5807.0
823	7670.0	5807.0
824	7670.0	5807.0
825	7670.0	5807.0
826	7670.0	5807.0
827	7670.0	5807.0
828	7670.0	5807.0
829	7670.0	5807.0
830	7670.0	5807.0
831	7670.0	5807.0
832	7670.0	5807.0
833	7670.0	5807.0
834	7670.0	5807.0
835	7670.0	5807.0
836	7670.0	5807.0
837	7670.0	5807.0
838	7670.0	5807.0
839	7670.0	5807.0
840	7670.0	5807.0
841	7670.0	5807.0
842	7670.0	5807.0
843	7670.0	5807.0
844	7670.0	5807.0
845	7670.0	5807.0
846	7670.0	5807.0
847	7670.0	5807.0
848	7670.0	5818.0
849	7670.0	5818.0
850	7670.0	5818.0
851	7670.0	5818.0
852	7670.0	5818.0
853	7670.0	5818.0
854	7670.0	5818.0
855	7670.0	5818.0
856	7670.0	5818.0
857	7670.0	5818.0
858	7670.0	5818.0
859	7670.0	5818.0
860	7670.0	5969.0
861	7670.0	5818.0
862	7670.0	5818.0
863	7670.0	5818.0
864	7670.0	5818.0
865	7670.0	5818.0
866	7670.0	5818.0
867	7670.0	5818.0
868	7670.0	5818.0
869	7670.0	5818.0
870	7670.0	5818.0
871	7670.0	5818.0
872	7670.0	5818.0
873	7670.0	5818.0
874	7670.0	5818.0
875	7670.0	5818.0
876	7670.0	5818.0
877	7670.0	5818.0
878	7670.0	5818.0
879	7670.0	5818.0
880	7670.0	5969.0
881	7670.0	5818.0
882	7670.0	5818.0
883	7670.0	5818.0
884	7670.0	5818.0
885	7670.0	5818.0
886	7670.0	5818.0
887	7670.0	5818.0
888	7670.0	5818.0
889	7670.0	5818.0
890	7670.0	5818.0
891	7670.0	5818.0
892	7670.0	5818.0
893	7670.0	5818.0
894	7670.0	5818.0
895	7670.0	5818.0
896	7670.0	5818.0
897	7670.0	5818.0
898	7670.0	5818.0
899	7670.0	5818.0
900	7670.0	5972.0
901	7670.0	5818.0
902	7670.0	5818.0
903	7670.0	5818.0
904	7670.0	5818.0
905	7670.0	5818.0
906	7670.0	5818.0
907	7670.0	5818.0
908	7670.0	5818.0
909	7670.0	5818.0
910	7670.0	5818.0
911	7670.0	5818.0
912	7670.0	5818.0
913	7670.0	5818.0
914	7670.0	5818.0
915	7670.0	5818.0
916	7670.0	5818.0
917	7670.0	5818.0
918	7670.0	5818.0
919	7670.0	5818.0
920	7670.0	5923.0
921	7670.0	5818.0
922	7670.0	5818.0
923	7670.0	5818.0
924	7670.0	5818.0
925	7670.0	5818.0
926	7670.0	5818.0
927	7670.0	5818.0
928	7670.0	5818.0
929	7670.0	5818.0
930	7670.0	5818.0
931	7670.0	5818.0
932	7670.0	5818.0
933	7670.0	5818.0
934	7670.0	5818.0
935	7670.0	5818.0
936	7670.0	5818.0
937	7670.0	5818.0
938	7670.0	5818.0
939	7670.0	5818.0
940	7670.0	5969.0
941	7670.0	5818.0
942	7670.0	5818.0
943	7670.0	5818.0
944	7670.0	5818.0
945	7670.0	5818.0
946	7670.0	5818.0
947	7670.0	5818.0
948	7670.0	5818.0
949	7670.0	5818.0
950	7670.0	5818.0
951	7670.0	5818.0
952	7670.0	5818.0
953	7670.0	5818.0
954	7670.0	5818.0
955	7670.0	5818.0
956	7670.0	5818.0
957	7670.0	5818.0
958	7670.0	5818.0
959	7670.0	5818.0
960	7670.0	5979.0
961	7670.0	5818.0
962	7670.0	5818.0
963	7670.0	5818.0
964	7670.0	5818.0
965	7670.0	5818.0
966	7670.0	5818.0
967	7670.0	5818.0
968	7670.0	5818.0
969	7670.0	5818.0
970	7670.0	5818.0
971	7670.0	5818.0
972	7670.0	5818.0
973	7670.0	5818.0
974	7670.0	5818.0
975	7670.0	5818.0
976	7670.0	5818.0
977	7670.0	5818.0
978	7670.0	5818.0
979	7670.0	5818.0
980	7670.0	5969.0
981	7670.0	5818.0
982	7670.0	5818.0
983	7670.0	5818.0
984	7670.0	5818.0
985	7670.0	5818.0
986	7670.0	5818.0
987	7670.0	5818.0
988	7670.0	5818.0
989	7670.0	5818.0
990	7670.0	5818.0
991	7670.0	5818.0
992	7670.0	5818.0
993	7670.0	5818.0
994	7670.0	5818.0
995	7670.0	5818.0
996	7670.0	5818.0
997	7670.0	5818.0
998	7670.0	5818.0
999	7670.0	5818.0
1000	7670.0	5973.0
