0	6405.0	2268.0
1	6752.0	2893.0
2	6752.0	3413.0
3	6752.0	3516.0
4	6752.0	3724.0
5	6752.0	3724.0
6	6752.0	3828.0
7	6752.0	3918.0
8	6752.0	3918.0
9	6752.0	3918.0
10	6846.0	4176.0
11	6846.0	4176.0
12	6846.0	4176.0
13	6846.0	4176.0
14	6846.0	4176.0
15	7082.0	4326.0
16	7082.0	4326.0
17	7082.0	4326.0
18	7082.0	4326.0
19	7082.0	4326.0
20	7082.0	4563.0
21	7082.0	4326.0
22	7656.0	4326.0
23	7656.0	4326.0
24	7656.0	4326.0
25	7656.0	4566.0
26	7656.0	4682.0
27	7656.0	4682.0
28	7656.0	4682.0
29	7656.0	4682.0
30	7656.0	4682.0
31	7656.0	4757.0
32	7656.0	4757.0
33	7656.0	4781.0
34	7656.0	4781.0
35	7656.0	4781.0
36	7656.0	4781.0
37	7656.0	4781.0
38	7656.0	4781.0
39	7656.0	4781.0
40	7656.0	4964.0
41	7656.0	4832.0
42	7656.0	4846.0
43	7656.0	4868.0
44	7656.0	4868.0
45	7656.0	4868.0
46	7656.0	4868.0
47	7656.0	4868.0
48	7656.0	4868.0
49	7656.0	4868.0
50	7656.0	4868.0
51	7656.0	4868.0
52	7656.0	4868.0
53	7656.0	4868.0
54	7656.0	4868.0
55	7656.0	4868.0
56	7656.0	4868.0
57	7656.0	4868.0
58	7656.0	4868.0
59	7656.0	5025.0
60	7656.0	5066.0
61	7656.0	5025.0
62	7656.0	5025.0
63	7656.0	5025.0
64	7656.0	5025.0
65	7656.0	5054.0
66	7656.0	5054.0
67	7656.0	5054.0
68	7656.0	5054.0
69	7656.0	5069.0
70	7656.0	5069.0
71	7656.0	5069.0
72	7656.0	5069.0
73	7656.0	5069.0
74	7656.0	5069.0
75	7656.0	5069.0
76	7656.0	5069.0
77	7656.0	5069.0
78	7656.0	5069.0
79	7656.0	5069.0
80	7656.0	5074.0
81	7656.0	5069.0
82	7656.0	5069.0
83	7656.0	5069.0
84	7656.0	5069.0
85	7656.0	5069.0
86	7656.0	5069.0
87	7656.0	5069.0
88	7656.0	5069.0
89	7656.0	5130.0
90	7656.0	5130.0
91	7656.0	5130.0
92	7656.0	5130.0
93	7656.0	5130.0
94	7656.0	5130.0
95	7656.0	5130.0
96	7656.0	5130.0
97	7656.0	5130.0
98	7656.0	5130.0
99	7656.0	5130.0
100	7656.0	5230.0
101	7656.0	5130.0
102	7656.0	5130.0
103	7656.0	5162.0
104	7656.0	5162.0
105	7656.0	5162.0
106	7656.0	5162.0
107	7656.0	5162.0
108	7656.0	5196.0
109	7656.0	5196.0
110	7656.0	5196.0
111	7656.0	5196.0
112	7656.0	5230.0
113	7656.0	5230.0
114	7656.0	5230.0
115	7656.0	5230.0
116	7656.0	5230.0
117	7656.0	5230.0
118	7656.0	5230.0
119	7656.0	5230.0
120	7656.0	5248.0
121	7656.0	5230.0
122	7656.0	5230.0
123	7656.0	5230.0
124	7656.0	5230.0
125	7656.0	5230.0
126	7656.0	5230.0
127	7656.0	5230.0
128	7656.0	5230.0
129	7656.0	5230.0
130	7656.0	5235.0
131	7656.0	5235.0
132	7656.0	5235.0
133	7656.0	5235.0
134	7656.0	5235.0
135	7656.0	5235.0
136	7656.0	5235.0
137	7656.0	5235.0
138	7656.0	5235.0
139	7656.0	5235.0
140	7656.0	5250.0
141	7656.0	5235.0
142	7656.0	5235.0
143	7656.0	5235.0
144	7656.0	5235.0
145	7656.0	5235.0
146	7656.0	5235.0
147	7656.0	5235.0
148	7656.0	5235.0
149	7656.0	5235.0
150	7656.0	5235.0
151	7656.0	5235.0
152	7656.0	5235.0
153	7656.0	5235.0
154	7656.0	5235.0
155	7656.0	5235.0
156	7656.0	5235.0
157	7656.0	5235.0
158	7656.0	5235.0
159	7656.0	5235.0
160	7656.0	5362.0
161	7656.0	5236.0
162	7656.0	5236.0
163	7656.0	5236.0
164	7656.0	5236.0
165	7656.0	5236.0
166	7656.0	5236.0
167	7656.0	5236.0
168	7656.0	5236.0
169	7656.0	5236.0
170	7656.0	5236.0
171	7656.0	5236.0
172	7656.0	5236.0
173	7656.0	5236.0
174	7656.0	5236.0
175	7656.0	5236.0
176	7656.0	5236.0
177	7656.0	5236.0
178	7656.0	5236.0
179	7656.0	5236.0
180	7656.0	5393.0
181	7656.0	5236.0
182	7656.0	5236.0
183	7656.0	5236.0
184	7656.0	5236.0
185	7656.0	5236.0
186	7656.0	5236.0
187	7656.0	5236.0
188	7656.0	5236.0
189	7656.0	5236.0
190	7656.0	5236.0
191	7656.0	5236.0
192	7656.0	5236.0
193	7656.0	5236.0
194	7656.0	5236.0
195	7656.0	5236.0
196	7656.0	5236.0
197	7656.0	5236.0
198	7656.0	5236.0
199	7656.0	5236.0
200	7656.0	5343.0
201	7656.0	5236.0
202	7656.0	5236.0
203	7656.0	5236.0
204	7656.0	5236.0
205	7656.0	5236.0
206	7656.0	5236.0
207	7656.0	5236.0
208	7656.0	5236.0
209	7656.0	5236.0
210	7656.0	5236.0
211	7656.0	5236.0
212	7656.0	5236.0
213	7656.0	5236.0
214	7656.0	5236.0
215	7656.0	5236.0
216	7656.0	5236.0
217	7656.0	5236.0
218	7656.0	5236.0
219	7656.0	5236.0
220	7656.0	5492.0
221	7656.0	5236.0
222	7656.0	5236.0
223	7656.0	5236.0
224	7656.0	5236.0
225	7656.0	5236.0
226	7656.0	5236.0
227	7656.0	5236.0
228	7656.0	5236.0
229	7656.0	5236.0
230	7656.0	5236.0
231	7656.0	5236.0
232	7656.0	5236.0
233	7656.0	5362.0
234	7656.0	5362.0
235	7656.0	5362.0
236	7656.0	5362.0
237	7656.0	5362.0
238	7656.0	5362.0
239	7656.0	5362.0
240	7656.0	5393.0
241	7656.0	5362.0
242	7656.0	5362.0
243	7656.0	5362.0
244	7656.0	5362.0
245	7656.0	5362.0
246	7656.0	5362.0
247	7656.0	5362.0
248	7656.0	5362.0
249	7656.0	5362.0
250	7656.0	5362.0
251	7656.0	5362.0
252	7656.0	5362.0
253	7656.0	5362.0
254	7656.0	5393.0
255	7656.0	5393.0
256	7656.0	5393.0
257	7656.0	5393.0
258	7656.0	5393.0
259	7656.0	5393.0
260	7656.0	5600.0
261	7656.0	5393.0
262	7656.0	5393.0
263	7656.0	5393.0
264	7656.0	5393.0
265	7656.0	5393.0
266	7656.0	5393.0
267	7656.0	5393.0
268	7656.0	5393.0
269	7656.0	5393.0
270	7656.0	5393.0
271	7656.0	5393.0
272	7656.0	5393.0
273	7656.0	5393.0
274	7656.0	5393.0
275	7656.0	5393.0
276	7656.0	5393.0
277	7656.0	5393.0
278	7656.0	5393.0
279	7656.0	5393.0
280	7656.0	5500.0
281	7656.0	5393.0
282	7656.0	5393.0
283	7656.0	5393.0
284	7656.0	5393.0
285	7656.0	5393.0
286	7656.0	5393.0
287	7656.0	5393.0
288	7656.0	5393.0
289	7656.0	5393.0
290	7656.0	5393.0
291	7656.0	5393.0
292	7656.0	5393.0
293	7656.0	5393.0
294	7656.0	5393.0
295	7656.0	5393.0
296	7656.0	5393.0
297	7656.0	5393.0
298	7656.0	5393.0
299	7656.0	5393.0
300	7656.0	5393.0
301	7656.0	5393.0
302	7656.0	5393.0
303	7656.0	5393.0
304	7656.0	5393.0
305	7656.0	5393.0
306	7656.0	5393.0
307	7656.0	5393.0
308	7656.0	5393.0
309	7656.0	5393.0
310	7656.0	5393.0
311	7656.0	5393.0
312	7656.0	5393.0
313	7656.0	5393.0
314	7656.0	5393.0
315	7656.0	5393.0
316	7656.0	5393.0
317	7656.0	5393.0
318	7656.0	5393.0
319	7656.0	5393.0
320	7656.0	5492.0
321	7656.0	5393.0
322	7656.0	5393.0
323	7656.0	5393.0
324	7656.0	5393.0
325	7656.0	5393.0
326	7656.0	5393.0
327	7656.0	5393.0
328	7656.0	5393.0
329	7656.0	5393.0
330	7656.0	5443.0
331	7656.0	5443.0
332	7656.0	5443.0
333	7656.0	5443.0
334	7656.0	5443.0
335	7656.0	5443.0
336	7656.0	5443.0
337	7656.0	5443.0
338	7656.0	5443.0
339	7656.0	5443.0
340	7656.0	5600.0
341	7656.0	5443.0
342	7656.0	5443.0
343	7656.0	5443.0
344	7656.0	5443.0
345	7656.0	5443.0
346	7656.0	5443.0
347	7656.0	5443.0
348	7656.0	5443.0
349	7656.0	5443.0
350	7656.0	5443.0
351	7656.0	5443.0
352	7656.0	5443.0
353	7656.0	5443.0
354	7656.0	5443.0
355	7656.0	5443.0
356	7656.0	5443.0
357	7656.0	5443.0
358	7656.0	5443.0
359	7656.0	5443.0
360	7656.0	5677.0
361	7656.0	5443.0
362	7656.0	5443.0
363	7656.0	5443.0
364	7656.0	5443.0
365	7656.0	5443.0
366	7656.0	5443.0
367	7656.0	5443.0
368	7656.0	5443.0
369	7656.0	5443.0
370	7656.0	5443.0
371	7656.0	5443.0
372	7656.0	5443.0
373	7656.0	5443.0
374	7656.0	5443.0
375	7656.0	5443.0
376	7656.0	5443.0
377	7656.0	5443.0
378	7656.0	5443.0
379	7656.0	5443.0
380	7656.0	5443.0
381	7656.0	5443.0
382	7656.0	5443.0
383	7656.0	5443.0
384	7656.0	5581.0
385	7656.0	5581.0
386	7656.0	5581.0
387	7656.0	5581.0
388	7656.0	5581.0
389	7656.0	5581.0
390	7656.0	5581.0
391	7656.0	5581.0
392	7656.0	5581.0
393	7656.0	5581.0
394	7656.0	5581.0
395	7656.0	5581.0
396	7656.0	5581.0
397	7656.0	5581.0
398	7656.0	5581.0
399	7656.0	5581.0
400	7656.0	5602.0
401	7656.0	5581.0
402	7656.0	5581.0
403	7656.0	5581.0
404	7656.0	5581.0
405	7656.0	5581.0
406	7656.0	5581.0
407	7656.0	5581.0
408	7656.0	5581.0
409	7656.0	5581.0
410	7656.0	5581.0
411	7656.0	5581.0
412	7656.0	5581.0
413	7656.0	5581.0
414	7656.0	5581.0
415	7656.0	5581.0
416	7656.0	5581.0
417	7656.0	5581.0
418	7656.0	5581.0
419	7656.0	5581.0
420	7656.0	5617.0
421	7656.0	5581.0
422	7656.0	5581.0
423	7656.0	5581.0
424	7656.0	5581.0
425	7656.0	5581.0
426	7656.0	5581.0
427	7656.0	5581.0
428	7656.0	5581.0
429	7656.0	5581.0
430	7656.0	5581.0
431	7656.0	5581.0
432	7656.0	5581.0
433	7656.0	5581.0
434	7656.0	5581.0
435	7656.0	5581.0
436	7656.0	5581.0
437	7656.0	5581.0
438	7656.0	5581.0
439	7656.0	5581.0
440	7656.0	5581.0
441	7656.0	5581.0
442	7656.0	5581.0
443	7656.0	5581.0
444	7656.0	5581.0
445	7656.0	5581.0
446	7656.0	5581.0
447	7656.0	5581.0
448	7656.0	5581.0
449	7656.0	5581.0
450	7656.0	5581.0
451	7656.0	5581.0
452	7656.0	5581.0
453	7656.0	5581.0
454	7656.0	5581.0
455	7656.0	5581.0
456	7656.0	5581.0
457	7656.0	5581.0
458	7656.0	5581.0
459	7656.0	5581.0
460	7656.0	5636.0
461	7656.0	5581.0
462	7656.0	5581.0
463	7656.0	5581.0
464	7656.0	5581.0
465	7656.0	5581.0
466	7656.0	5581.0
467	7656.0	5581.0
468	7656.0	5581.0
469	7656.0	5581.0
470	7656.0	5581.0
471	7656.0	5581.0
472	7656.0	5581.0
473	7656.0	5581.0
474	7656.0	5581.0
475	7656.0	5581.0
476	7656.0	5581.0
477	7656.0	5581.0
478	7656.0	5581.0
479	7656.0	5581.0
480	7656.0	5720.0
481	7656.0	5581.0
482	7656.0	5581.0
483	7656.0	5581.0
484	7656.0	5581.0
485	7656.0	5581.0
486	7656.0	5581.0
487	7656.0	5581.0
488	7656.0	5581.0
489	7656.0	5581.0
490	7656.0	5581.0
491	7656.0	5581.0
492	7656.0	5581.0
493	7656.0	5581.0
494	7656.0	5581.0
495	7656.0	5581.0
496	7656.0	5581.0
497	7656.0	5581.0
498	7656.0	5581.0
499	7656.0	5581.0
500	7656.0	5636.0
501	7656.0	5581.0
502	7656.0	5581.0
503	7656.0	5581.0
504	7656.0	5581.0
505	7656.0	5581.0
506	7656.0	5581.0
507	7656.0	5581.0
508	7656.0	5581.0
509	7656.0	5581.0
510	7656.0	5581.0
511	7656.0	5581.0
512	7656.0	5581.0
513	7656.0	5581.0
514	7656.0	5581.0
515	7656.0	5581.0
516	7656.0	5581.0
517	7656.0	5581.0
518	7656.0	5581.0
519	7656.0	5581.0
520	7656.0	5610.0
521	7656.0	5581.0
522	7656.0	5581.0
523	7656.0	5581.0
524	7656.0	5581.0
525	7656.0	5581.0
526	7656.0	5581.0
527	7656.0	5581.0
528	7656.0	5581.0
529	7656.0	5581.0
530	7656.0	5581.0
531	7656.0	5581.0
532	7656.0	5581.0
533	7656.0	5581.0
534	7656.0	5581.0
535	7656.0	5581.0
536	7656.0	5581.0
537	7656.0	5581.0
538	7656.0	5581.0
539	7656.0	5581.0
540	7656.0	5581.0
541	7656.0	5581.0
542	7656.0	5685.0
543	7656.0	5685.0
544	7656.0	5685.0
545	7656.0	5685.0
546	7656.0	5685.0
547	7656.0	5685.0
548	7656.0	5685.0
549	7656.0	5685.0
550	7656.0	5685.0
551	7656.0	5685.0
552	7656.0	5685.0
553	7656.0	5685.0
554	7656.0	5685.0
555	7656.0	5685.0
556	7656.0	5685.0
557	7656.0	5685.0
558	7656.0	5685.0
559	7656.0	5685.0
560	7656.0	5761.0
561	7656.0	5685.0
562	7656.0	5685.0
563	7656.0	5685.0
564	7656.0	5685.0
565	7656.0	5685.0
566	7656.0	5685.0
567	7656.0	5685.0
568	7656.0	5685.0
569	7656.0	5685.0
570	7656.0	5685.0
571	7656.0	5685.0
572	7656.0	5685.0
573	7656.0	5685.0
574	7656.0	5685.0
575	7656.0	5685.0
576	7656.0	5685.0
577	7656.0	5685.0
578	7656.0	5685.0
579	7656.0	5685.0
580	7656.0	5685.0
581	7656.0	5685.0
582	7656.0	5685.0
583	7656.0	5685.0
584	7656.0	5685.0
585	7656.0	5685.0
586	7656.0	5685.0
587	7656.0	5685.0
588	7656.0	5685.0
589	7656.0	5685.0
590	7656.0	5685.0
591	7656.0	5685.0
592	7656.0	5685.0
593	7656.0	5685.0
594	7656.0	5685.0
595	7656.0	5685.0
596	7656.0	5685.0
597	7656.0	5685.0
598	7656.0	5685.0
599	7656.0	5685.0
600	7656.0	5685.0
601	7656.0	5685.0
602	7656.0	5685.0
603	7656.0	5685.0
604	7656.0	5685.0
605	7656.0	5685.0
606	7656.0	5685.0
607	7656.0	5685.0
608	7656.0	5685.0
609	7656.0	5685.0
610	7656.0	5685.0
611	7656.0	5685.0
612	7656.0	5685.0
613	7656.0	5685.0
614	7656.0	5685.0
615	7656.0	5685.0
616	7656.0	5685.0
617	7656.0	5685.0
618	7656.0	5685.0
619	7656.0	5685.0
620	7656.0	5832.0
621	7656.0	5685.0
622	7656.0	5685.0
623	7656.0	5685.0
624	7656.0	5685.0
625	7656.0	5685.0
626	7656.0	5685.0
627	7656.0	5685.0
628	7656.0	5685.0
629	7656.0	5685.0
630	7656.0	5685.0
631	7656.0	5685.0
632	7656.0	5685.0
633	7656.0	5685.0
634	7656.0	5685.0
635	7656.0	5685.0
636	7656.0	5685.0
637	7656.0	5685.0
638	7656.0	5685.0
639	7656.0	5685.0
640	7656.0	5827.0
641	7656.0	5748.0
642	7656.0	5809.0
643	7656.0	5809.0
644	7656.0	5809.0
645	7656.0	5809.0
646	7656.0	5809.0
647	7656.0	5809.0
648	7656.0	5809.0
649	7656.0	5809.0
650	7656.0	5809.0
651	7656.0	5809.0
652	7656.0	5809.0
653	7656.0	5809.0
654	7656.0	5809.0
655	7656.0	5809.0
656	7656.0	5809.0
657	7656.0	5809.0
658	7656.0	5809.0
659	7656.0	5809.0
660	7656.0	5809.0
661	7656.0	5809.0
662	7656.0	5809.0
663	7656.0	5809.0
664	7656.0	5809.0
665	7656.0	5809.0
666	7656.0	5809.0
667	7727.0	5809.0
668	7727.0	5809.0
669	7727.0	5809.0
670	7727.0	5809.0
671	7727.0	5809.0
672	7727.0	5809.0
673	7727.0	5809.0
674	7727.0	5809.0
675	7727.0	5809.0
676	7727.0	5809.0
677	7727.0	5809.0
678	7727.0	5809.0
679	7727.0	5809.0
680	7727.0	5828.0
681	7727.0	5809.0
682	7727.0	5809.0
683	7727.0	5809.0
684	7727.0	5809.0
685	7727.0	5809.0
686	7727.0	5809.0
687	7727.0	5809.0
688	7727.0	5809.0
689	7727.0	5809.0
690	7727.0	5809.0
691	7727.0	5809.0
692	7727.0	5809.0
693	7727.0	5809.0
694	7727.0	5809.0
695	7727.0	5809.0
696	7727.0	5809.0
697	7727.0	5809.0
698	7727.0	5809.0
699	7727.0	5809.0
700	7727.0	5816.0
701	7727.0	5809.0
702	7727.0	5809.0
703	7727.0	5809.0
704	7727.0	5809.0
705	7727.0	5809.0
706	7727.0	5809.0
707	7727.0	5809.0
708	7727.0	5809.0
709	7727.0	5809.0
710	7727.0	5809.0
711	7727.0	5809.0
712	7727.0	5809.0
713	7727.0	5809.0
714	7727.0	5809.0
715	7727.0	5809.0
716	7727.0	5809.0
717	7727.0	5809.0
718	7727.0	5809.0
719	7727.0	5809.0
720	7727.0	5809.0
721	7727.0	5809.0
722	7727.0	5816.0
723	7727.0	5816.0
724	7727.0	5816.0
725	7727.0	5816.0
726	7727.0	5816.0
727	7727.0	5816.0
728	7727.0	5816.0
729	7727.0	5816.0
730	7727.0	5816.0
731	7727.0	5816.0
732	7727.0	5816.0
733	7727.0	5816.0
734	7727.0	5816.0
735	7727.0	5816.0
736	7727.0	5816.0
737	7727.0	5816.0
738	7727.0	5816.0
739	7727.0	5816.0
740	7727.0	5916.0
741	7727.0	5816.0
742	7727.0	5816.0
743	7727.0	5816.0
744	7727.0	5816.0
745	7727.0	5816.0
746	7727.0	5816.0
747	7727.0	5816.0
748	7727.0	5816.0
749	7727.0	5816.0
750	7727.0	5816.0
751	7727.0	5816.0
752	7727.0	5816.0
753	7727.0	5816.0
754	7727.0	5816.0
755	7727.0	5816.0
756	7727.0	5816.0
757	7727.0	5816.0
758	7727.0	5816.0
759	7727.0	5816.0
760	7727.0	5900.0
761	7727.0	5816.0
762	7727.0	5816.0
763	7727.0	5816.0
764	7727.0	5816.0
765	7727.0	5816.0
766	7727.0	5816.0
767	7727.0	5816.0
768	7727.0	5816.0
769	7727.0	5816.0
770	7727.0	5816.0
771	7727.0	5816.0
772	7727.0	5816.0
773	7727.0	5816.0
774	7727.0	5816.0
775	7727.0	5816.0
776	7727.0	5816.0
777	7727.0	5816.0
778	7727.0	5816.0
779	7727.0	5816.0
780	7727.0	5902.0
781	7727.0	5816.0
782	7727.0	5816.0
783	7727.0	5816.0
784	7727.0	5816.0
785	7727.0	5816.0
786	7727.0	5816.0
787	7727.0	5816.0
788	7727.0	5816.0
789	7727.0	5816.0
790	7727.0	5816.0
791	7727.0	5816.0
792	7727.0	5816.0
793	7727.0	5816.0
794	7727.0	5816.0
795	7727.0	5816.0
796	7727.0	5816.0
797	7727.0	5816.0
798	7727.0	5816.0
799	7727.0	5816.0
800	7727.0	5864.0
801	7727.0	5816.0
802	7727.0	5816.0
803	7727.0	5816.0
804	7727.0	5816.0
805	7727.0	5816.0
806	7727.0	5816.0
807	7727.0	5816.0
808	7727.0	5816.0
809	7727.0	5816.0
810	7727.0	5816.0
811	7727.0	5816.0
812	7727.0	5816.0
813	7727.0	5816.0
814	7727.0	5816.0
815	7727.0	5816.0
816	7727.0	5816.0
817	7727.0	5816.0
818	7727.0	5816.0
819	7727.0	5816.0
820	7727.0	5945.0
821	7727.0	5816.0
822	7727.0	5816.0
823	7727.0	5816.0
824	7727.0	5816.0
825	7727.0	5816.0
826	7727.0	5816.0
827	7727.0	5816.0
828	7727.0	5816.0
829	7727.0	5816.0
830	7727.0	5816.0
831	7727.0	5816.0
832	7727.0	5816.0
833	7727.0	5816.0
834	7727.0	5816.0
835	7727.0	5816.0
836	7727.0	5816.0
837	7727.0	5816.0
838	7727.0	5816.0
839	7727.0	5816.0
840	7727.0	5902.0
841	7727.0	5816.0
842	7727.0	5816.0
843	7727.0	5816.0
844	7727.0	5816.0
845	7727.0	5816.0
846	7727.0	5816.0
847	7727.0	5816.0
848	7727.0	5816.0
849	7727.0	5816.0
850	7727.0	5816.0
851	7727.0	5816.0
852	7727.0	5816.0
853	7727.0	5816.0
854	7727.0	5816.0
855	7727.0	5816.0
856	7727.0	5816.0
857	7727.0	5816.0
858	7727.0	5816.0
859	7727.0	5816.0
860	7727.0	5816.0
861	7727.0	5816.0
862	7727.0	5816.0
863	7727.0	5816.0
864	7727.0	5816.0
865	7727.0	5816.0
866	7727.0	5816.0
867	7727.0	5816.0
868	7727.0	5816.0
869	7727.0	5816.0
870	7727.0	5816.0
871	7727.0	5816.0
872	7727.0	5816.0
873	7727.0	5816.0
874	7727.0	5816.0
875	7727.0	5816.0
876	7727.0	5816.0
877	7727.0	5816.0
878	7727.0	5816.0
879	7727.0	5816.0
880	7727.0	5925.0
881	7727.0	5816.0
882	7727.0	5816.0
883	7727.0	5816.0
884	7727.0	5816.0
885	7727.0	5816.0
886	7727.0	5816.0
887	7727.0	5816.0
888	7727.0	5816.0
889	7727.0	5816.0
890	7727.0	5816.0
891	7727.0	5816.0
892	7727.0	5816.0
893	7727.0	5816.0
894	7727.0	5816.0
895	7727.0	5816.0
896	7727.0	5816.0
897	7727.0	5816.0
898	7727.0	5816.0
899	7727.0	5816.0
900	7727.0	5902.0
901	7727.0	5816.0
902	7727.0	5816.0
903	7727.0	5816.0
904	7727.0	5816.0
905	7727.0	5816.0
906	7727.0	5816.0
907	7727.0	5816.0
908	7727.0	5816.0
909	7727.0	5816.0
910	7727.0	5816.0
911	7727.0	5816.0
912	7727.0	5816.0
913	7727.0	5816.0
914	7727.0	5816.0
915	7727.0	5816.0
916	7727.0	5816.0
917	7727.0	5816.0
918	7727.0	5816.0
919	7727.0	5816.0
920	7727.0	5963.0
921	7727.0	5816.0
922	7727.0	5816.0
923	7727.0	5816.0
924	7727.0	5816.0
925	7727.0	5816.0
926	7727.0	5816.0
927	7727.0	5816.0
928	7727.0	5816.0
929	7727.0	5816.0
930	7727.0	5816.0
931	7727.0	5816.0
932	7727.0	5816.0
933	7727.0	5816.0
934	7727.0	5816.0
935	7727.0	5816.0
936	7727.0	5816.0
937	7727.0	5816.0
938	7727.0	5816.0
939	7727.0	5816.0
940	7727.0	5985.0
941	7727.0	5816.0
942	7727.0	5816.0
943	7727.0	5816.0
944	7727.0	5816.0
945	7727.0	5900.0
946	7727.0	5900.0
947	7727.0	5900.0
948	7727.0	5900.0
949	7727.0	5900.0
950	7727.0	5900.0
951	7727.0	5900.0
952	7727.0	5900.0
953	7786.0	5900.0
954	7786.0	5900.0
955	7786.0	5900.0
956	7786.0	5900.0
957	7786.0	5900.0
958	7786.0	5900.0
959	7786.0	5900.0
960	7786.0	5942.0
961	7786.0	5900.0
962	7786.0	5900.0
963	7786.0	5900.0
964	7786.0	5900.0
965	7786.0	5900.0
966	7786.0	5900.0
967	7786.0	5900.0
968	7786.0	5902.0
969	7786.0	5902.0
970	7786.0	5902.0
971	7786.0	5902.0
972	7786.0	5902.0
973	7786.0	5902.0
974	7786.0	5902.0
975	7786.0	5902.0
976	7786.0	5902.0
977	7786.0	5902.0
978	7786.0	5902.0
979	7786.0	5902.0
980	7786.0	5911.0
981	7786.0	5902.0
982	7786.0	5902.0
983	7786.0	5902.0
984	7786.0	5902.0
985	7786.0	5902.0
986	7786.0	5902.0
987	7786.0	5902.0
988	7786.0	5902.0
989	7786.0	5902.0
990	7786.0	5902.0
991	7786.0	5902.0
992	7786.0	5902.0
993	7786.0	5902.0
994	7786.0	5902.0
995	7786.0	5902.0
996	7786.0	5902.0
997	7786.0	5902.0
998	7786.0	5902.0
999	7786.0	5902.0
1000	7786.0	5942.0
