0	6194.0	2360.0
1	6194.0	2947.0
2	6295.0	3070.0
3	6295.0	3269.0
4	6743.0	3510.0
5	6743.0	3510.0
6	6802.0	3694.0
7	6802.0	3854.0
8	6802.0	3854.0
9	6802.0	4096.0
10	6802.0	4108.0
11	6844.0	4108.0
12	6844.0	4220.0
13	6844.0	4220.0
14	6893.0	4220.0
15	6893.0	4280.0
16	6893.0	4336.0
17	6893.0	4336.0
18	6893.0	4374.0
19	6893.0	4439.0
20	6893.0	4613.0
21	6893.0	4439.0
22	6922.0	4439.0
23	6922.0	4439.0
24	6922.0	4439.0
25	6922.0	4439.0
26	6922.0	4439.0
27	6922.0	4587.0
28	7035.0	4587.0
29	7035.0	4644.0
30	7035.0	4652.0
31	7035.0	4657.0
32	7035.0	4657.0
33	7035.0	4657.0
34	7035.0	4657.0
35	7035.0	4657.0
36	7195.0	4657.0
37	7195.0	4657.0
38	7195.0	4793.0
39	7195.0	4793.0
40	7195.0	4860.0
41	7195.0	4793.0
42	7195.0	4793.0
43	7195.0	4793.0
44	7195.0	4846.0
45	7195.0	4846.0
46	7195.0	4846.0
47	7195.0	4846.0
48	7195.0	4846.0
49	7195.0	4846.0
50	7195.0	4846.0
51	7195.0	4846.0
52	7195.0	4846.0
53	7195.0	4846.0
54	7195.0	4846.0
55	7195.0	4846.0
56	7195.0	4934.0
57	7195.0	4934.0
58	7195.0	4984.0
59	7195.0	4984.0
60	7195.0	5098.0
61	7195.0	4984.0
62	7195.0	4984.0
63	7195.0	4984.0
64	7195.0	5012.0
65	7195.0	5012.0
66	7195.0	5013.0
67	7195.0	5013.0
68	7195.0	5013.0
69	7195.0	5013.0
70	7195.0	5013.0
71	7195.0	5013.0
72	7195.0	5013.0
73	7195.0	5013.0
74	7195.0	5068.0
75	7195.0	5068.0
76	7195.0	5068.0
77	7195.0	5068.0
78	7195.0	5068.0
79	7195.0	5068.0
80	7195.0	5138.0
81	7195.0	5068.0
82	7195.0	5068.0
83	7195.0	5068.0
84	7195.0	5068.0
85	7195.0	5068.0
86	7195.0	5068.0
87	7195.0	5068.0
88	7195.0	5068.0
89	7195.0	5068.0
90	7195.0	5068.0
91	7195.0	5068.0
92	7195.0	5068.0
93	7195.0	5068.0
94	7195.0	5068.0
95	7195.0	5068.0
96	7195.0	5068.0
97	7195.0	5068.0
98	7195.0	5068.0
99	7195.0	5068.0
100	7195.0	5242.0
101	7195.0	5068.0
102	7195.0	5068.0
103	7195.0	5068.0
104	7195.0	5068.0
105	7195.0	5068.0
106	7195.0	5068.0
107	7195.0	5068.0
108	7195.0	5068.0
109	7195.0	5068.0
110	7195.0	5068.0
111	7195.0	5068.0
112	7195.0	5068.0
113	7195.0	5068.0
114	7195.0	5068.0
115	7195.0	5068.0
116	7195.0	5068.0
117	7195.0	5068.0
118	7195.0	5068.0
119	7195.0	5068.0
120	7195.0	5068.0
121	7195.0	5068.0
122	7195.0	5068.0
123	7195.0	5138.0
124	7195.0	5138.0
125	7195.0	5138.0
126	7195.0	5138.0
127	7195.0	5138.0
128	7195.0	5138.0
129	7195.0	5138.0
130	7195.0	5138.0
131	7195.0	5258.0
132	7195.0	5258.0
133	7195.0	5258.0
134	7195.0	5258.0
135	7609.0	5258.0
136	7609.0	5258.0
137	7609.0	5258.0
138	7609.0	5258.0
139	7609.0	5261.0
140	7609.0	5307.0
141	7609.0	5261.0
142	7609.0	5261.0
143	7609.0	5261.0
144	7609.0	5261.0
145	7609.0	5261.0
146	7609.0	5261.0
147	7609.0	5261.0
148	7609.0	5261.0
149	7609.0	5261.0
150	7609.0	5261.0
151	7609.0	5261.0
152	7609.0	5261.0
153	7609.0	5261.0
154	7609.0	5261.0
155	7609.0	5261.0
156	7609.0	5261.0
157	7609.0	5261.0
158	7609.0	5261.0
159	7609.0	5284.0
160	7609.0	5308.0
161	7609.0	5284.0
162	7609.0	5284.0
163	7609.0	5284.0
164	7609.0	5284.0
165	7609.0	5284.0
166	7609.0	5284.0
167	7609.0	5284.0
168	7609.0	5284.0
169	7609.0	5284.0
170	7609.0	5284.0
171	7609.0	5284.0
172	7609.0	5284.0
173	7609.0	5284.0
174	7609.0	5284.0
175	7609.0	5284.0
176	7609.0	5284.0
177	7609.0	5284.0
178	7609.0	5284.0
179	7609.0	5284.0
180	7609.0	5436.0
181	7609.0	5284.0
182	7609.0	5284.0
183	7609.0	5284.0
184	7609.0	5284.0
185	7609.0	5284.0
186	7609.0	5284.0
187	7609.0	5284.0
188	7609.0	5284.0
189	7609.0	5284.0
190	7609.0	5284.0
191	7609.0	5284.0
192	7609.0	5284.0
193	7609.0	5284.0
194	7609.0	5284.0
195	7609.0	5284.0
196	7609.0	5284.0
197	7609.0	5284.0
198	7609.0	5284.0
199	7609.0	5284.0
200	7609.0	5366.0
201	7609.0	5284.0
202	7609.0	5284.0
203	7609.0	5284.0
204	7609.0	5284.0
205	7609.0	5284.0
206	7609.0	5284.0
207	7609.0	5284.0
208	7609.0	5284.0
209	7609.0	5284.0
210	7609.0	5284.0
211	7609.0	5284.0
212	7609.0	5284.0
213	7609.0	5284.0
214	7609.0	5284.0
215	7609.0	5284.0
216	7609.0	5284.0
217	7609.0	5284.0
218	7609.0	5284.0
219	7609.0	5284.0
220	7609.0	5432.0
221	7609.0	5284.0
222	7609.0	5284.0
223	7609.0	5284.0
224	7609.0	5284.0
225	7609.0	5284.0
226	7609.0	5284.0
227	7609.0	5284.0
228	7609.0	5284.0
229	7609.0	5284.0
230	7609.0	5284.0
231	7609.0	5284.0
232	7609.0	5284.0
233	7609.0	5284.0
234	7609.0	5284.0
235	7609.0	5284.0
236	7609.0	5284.0
237	7609.0	5284.0
238	7609.0	5284.0
239	7609.0	5284.0
240	7609.0	5441.0
241	7609.0	5284.0
242	7609.0	5284.0
243	7609.0	5284.0
244	7609.0	5430.0
245	7609.0	5430.0
246	7609.0	5430.0
247	7609.0	5430.0
248	7609.0	5432.0
249	7609.0	5432.0
250	7609.0	5432.0
251	7609.0	5432.0
252	7609.0	5432.0
253	7609.0	5432.0
254	7609.0	5432.0
255	7609.0	5432.0
256	7609.0	5432.0
257	7609.0	5432.0
258	7609.0	5432.0
259	7609.0	5432.0
260	7609.0	5597.0
261	7609.0	5432.0
262	7609.0	5432.0
263	7609.0	5432.0
264	7609.0	5432.0
265	7609.0	5432.0
266	7609.0	5432.0
267	7609.0	5432.0
268	7609.0	5432.0
269	7609.0	5432.0
270	7609.0	5432.0
271	7609.0	5432.0
272	7609.0	5432.0
273	7609.0	5432.0
274	7609.0	5432.0
275	7609.0	5432.0
276	7609.0	5432.0
277	7609.0	5432.0
278	7609.0	5432.0
279	7609.0	5432.0
280	7609.0	5432.0
281	7609.0	5432.0
282	7609.0	5432.0
283	7609.0	5432.0
284	7609.0	5432.0
285	7609.0	5432.0
286	7609.0	5432.0
287	7609.0	5478.0
288	7609.0	5478.0
289	7609.0	5478.0
290	7609.0	5478.0
291	7609.0	5478.0
292	7609.0	5478.0
293	7609.0	5478.0
294	7609.0	5478.0
295	7609.0	5478.0
296	7609.0	5478.0
297	7609.0	5478.0
298	7609.0	5511.0
299	7609.0	5511.0
300	7609.0	5614.0
301	7609.0	5511.0
302	7609.0	5511.0
303	7609.0	5511.0
304	7609.0	5511.0
305	7609.0	5511.0
306	7609.0	5511.0
307	7609.0	5511.0
308	7609.0	5511.0
309	7609.0	5511.0
310	7609.0	5511.0
311	7609.0	5511.0
312	7609.0	5511.0
313	7609.0	5511.0
314	7609.0	5511.0
315	7609.0	5511.0
316	7609.0	5511.0
317	7609.0	5511.0
318	7609.0	5526.0
319	7609.0	5526.0
320	7609.0	5603.0
321	7609.0	5526.0
322	7609.0	5526.0
323	7609.0	5526.0
324	7609.0	5526.0
325	7609.0	5526.0
326	7609.0	5526.0
327	7609.0	5526.0
328	7609.0	5526.0
329	7609.0	5526.0
330	7609.0	5526.0
331	7609.0	5526.0
332	7609.0	5526.0
333	7609.0	5526.0
334	7609.0	5526.0
335	7609.0	5526.0
336	7609.0	5526.0
337	7609.0	5526.0
338	7609.0	5526.0
339	7609.0	5526.0
340	7609.0	5587.0
341	7609.0	5526.0
342	7609.0	5526.0
343	7609.0	5526.0
344	7609.0	5526.0
345	7609.0	5526.0
346	7609.0	5526.0
347	7609.0	5526.0
348	7609.0	5526.0
349	7609.0	5526.0
350	7609.0	5526.0
351	7609.0	5526.0
352	7609.0	5526.0
353	7609.0	5526.0
354	7609.0	5526.0
355	7609.0	5526.0
356	7609.0	5526.0
357	7609.0	5526.0
358	7609.0	5587.0
359	7609.0	5587.0
360	7609.0	5654.0
361	7609.0	5587.0
362	7609.0	5587.0
363	7609.0	5587.0
364	7609.0	5587.0
365	7609.0	5587.0
366	7609.0	5587.0
367	7609.0	5587.0
368	7609.0	5587.0
369	7609.0	5587.0
370	7609.0	5587.0
371	7609.0	5587.0
372	7609.0	5587.0
373	7609.0	5587.0
374	7609.0	5587.0
375	7609.0	5587.0
376	7609.0	5587.0
377	7609.0	5587.0
378	7609.0	5587.0
379	7609.0	5587.0
380	7609.0	5621.0
381	7609.0	5587.0
382	7609.0	5587.0
383	7609.0	5587.0
384	7609.0	5587.0
385	7609.0	5587.0
386	7609.0	5587.0
387	7609.0	5587.0
388	7609.0	5587.0
389	7609.0	5587.0
390	7609.0	5587.0
391	7609.0	5587.0
392	7609.0	5587.0
393	7609.0	5587.0
394	7609.0	5587.0
395	7609.0	5587.0
396	7609.0	5587.0
397	7609.0	5587.0
398	7609.0	5587.0
399	7609.0	5587.0
400	7609.0	5626.0
401	7609.0	5587.0
402	7609.0	5587.0
403	7609.0	5587.0
404	7609.0	5587.0
405	7609.0	5587.0
406	7609.0	5587.0
407	7609.0	5587.0
408	7609.0	5587.0
409	7609.0	5587.0
410	7609.0	5587.0
411	7609.0	5587.0
412	7609.0	5597.0
413	7609.0	5597.0
414	7609.0	5597.0
415	7609.0	5597.0
416	7609.0	5597.0
417	7609.0	5597.0
418	7609.0	5603.0
419	7609.0	5603.0
420	7609.0	5640.0
421	7609.0	5603.0
422	7609.0	5603.0
423	7609.0	5603.0
424	7609.0	5603.0
425	7609.0	5603.0
426	7609.0	5603.0
427	7609.0	5603.0
428	7609.0	5603.0
429	7609.0	5603.0
430	7609.0	5603.0
431	7609.0	5603.0
432	7609.0	5603.0
433	7609.0	5603.0
434	7609.0	5603.0
435	7609.0	5603.0
436	7609.0	5603.0
437	7609.0	5603.0
438	7609.0	5603.0
439	7609.0	5603.0
440	7609.0	5626.0
441	7609.0	5603.0
442	7609.0	5603.0
443	7609.0	5603.0
444	7609.0	5603.0
445	7609.0	5603.0
446	7609.0	5603.0
447	7609.0	5603.0
448	7609.0	5603.0
449	7609.0	5603.0
450	7609.0	5603.0
451	7609.0	5603.0
452	7609.0	5603.0
453	7609.0	5603.0
454	7609.0	5603.0
455	7609.0	5603.0
456	7609.0	5603.0
457	7609.0	5603.0
458	7609.0	5603.0
459	7609.0	5603.0
460	7609.0	5699.0
461	7609.0	5603.0
462	7609.0	5603.0
463	7609.0	5603.0
464	7609.0	5603.0
465	7609.0	5603.0
466	7609.0	5603.0
467	7609.0	5603.0
468	7609.0	5603.0
469	7609.0	5640.0
470	7609.0	5653.0
471	7609.0	5653.0
472	7609.0	5653.0
473	7609.0	5653.0
474	7609.0	5653.0
475	7609.0	5653.0
476	7609.0	5653.0
477	7609.0	5653.0
478	7609.0	5653.0
479	7609.0	5653.0
480	7609.0	5661.0
481	7609.0	5653.0
482	7609.0	5653.0
483	7609.0	5653.0
484	7609.0	5653.0
485	7609.0	5653.0
486	7609.0	5654.0
487	7609.0	5654.0
488	7609.0	5654.0
489	7609.0	5654.0
490	7609.0	5654.0
491	7609.0	5654.0
492	7609.0	5654.0
493	7609.0	5654.0
494	7609.0	5654.0
495	7609.0	5654.0
496	7609.0	5654.0
497	7609.0	5654.0
498	7609.0	5654.0
499	7609.0	5654.0
500	7609.0	5680.0
501	7609.0	5654.0
502	7609.0	5654.0
503	7609.0	5654.0
504	7609.0	5654.0
505	7609.0	5654.0
506	7609.0	5654.0
507	7609.0	5654.0
508	7609.0	5654.0
509	7609.0	5654.0
510	7609.0	5654.0
511	7609.0	5654.0
512	7609.0	5654.0
513	7609.0	5654.0
514	7609.0	5654.0
515	7609.0	5654.0
516	7609.0	5654.0
517	7609.0	5654.0
518	7609.0	5654.0
519	7609.0	5654.0
520	7609.0	5714.0
521	7609.0	5654.0
522	7609.0	5654.0
523	7609.0	5654.0
524	7609.0	5654.0
525	7609.0	5654.0
526	7609.0	5654.0
527	7609.0	5654.0
528	7609.0	5654.0
529	7609.0	5654.0
530	7609.0	5654.0
531	7609.0	5654.0
532	7609.0	5654.0
533	7609.0	5654.0
534	7609.0	5654.0
535	7609.0	5654.0
536	7609.0	5654.0
537	7609.0	5654.0
538	7609.0	5654.0
539	7609.0	5654.0
540	7609.0	5730.0
541	7609.0	5654.0
542	7609.0	5654.0
543	7609.0	5654.0
544	7609.0	5654.0
545	7609.0	5654.0
546	7609.0	5654.0
547	7609.0	5654.0
548	7609.0	5654.0
549	7609.0	5654.0
550	7609.0	5654.0
551	7609.0	5654.0
552	7609.0	5654.0
553	7609.0	5654.0
554	7609.0	5654.0
555	7609.0	5654.0
556	7609.0	5654.0
557	7609.0	5654.0
558	7609.0	5654.0
559	7609.0	5654.0
560	7609.0	5749.0
561	7609.0	5654.0
562	7609.0	5654.0
563	7609.0	5654.0
564	7609.0	5654.0
565	7609.0	5654.0
566	7609.0	5654.0
567	7609.0	5654.0
568	7609.0	5654.0
569	7609.0	5654.0
570	7609.0	5654.0
571	7609.0	5654.0
572	7609.0	5654.0
573	7609.0	5654.0
574	7609.0	5654.0
575	7609.0	5654.0
576	7609.0	5654.0
577	7609.0	5654.0
578	7609.0	5654.0
579	7609.0	5654.0
580	7609.0	5749.0
581	7609.0	5654.0
582	7609.0	5654.0
583	7609.0	5654.0
584	7609.0	5654.0
585	7609.0	5654.0
586	7609.0	5654.0
587	7609.0	5654.0
588	7609.0	5654.0
589	7609.0	5654.0
590	7609.0	5654.0
591	7609.0	5654.0
592	7609.0	5654.0
593	7609.0	5654.0
594	7609.0	5654.0
595	7609.0	5654.0
596	7609.0	5654.0
597	7609.0	5654.0
598	7609.0	5654.0
599	7609.0	5654.0
600	7609.0	5714.0
601	7609.0	5654.0
602	7609.0	5654.0
603	7609.0	5654.0
604	7609.0	5654.0
605	7609.0	5654.0
606	7609.0	5654.0
607	7609.0	5654.0
608	7609.0	5654.0
609	7609.0	5654.0
610	7609.0	5654.0
611	7609.0	5654.0
612	7609.0	5654.0
613	7609.0	5654.0
614	7609.0	5654.0
615	7609.0	5654.0
616	7609.0	5654.0
617	7609.0	5654.0
618	7609.0	5654.0
619	7609.0	5654.0
620	7609.0	5730.0
621	7609.0	5654.0
622	7609.0	5654.0
623	7609.0	5654.0
624	7609.0	5654.0
625	7609.0	5654.0
626	7609.0	5654.0
627	7609.0	5654.0
628	7609.0	5654.0
629	7609.0	5654.0
630	7609.0	5654.0
631	7609.0	5654.0
632	7609.0	5654.0
633	7609.0	5654.0
634	7609.0	5654.0
635	7609.0	5654.0
636	7609.0	5654.0
637	7609.0	5654.0
638	7609.0	5654.0
639	7609.0	5654.0
640	7609.0	5767.0
641	7609.0	5654.0
642	7609.0	5654.0
643	7609.0	5654.0
644	7609.0	5654.0
645	7609.0	5654.0
646	7609.0	5654.0
647	7609.0	5654.0
648	7609.0	5654.0
649	7609.0	5654.0
650	7609.0	5654.0
651	7609.0	5654.0
652	7609.0	5654.0
653	7609.0	5654.0
654	7609.0	5654.0
655	7609.0	5654.0
656	7609.0	5654.0
657	7609.0	5654.0
658	7609.0	5654.0
659	7609.0	5654.0
660	7609.0	5747.0
661	7609.0	5654.0
662	7609.0	5654.0
663	7609.0	5654.0
664	7609.0	5654.0
665	7609.0	5654.0
666	7609.0	5654.0
667	7609.0	5654.0
668	7609.0	5654.0
669	7609.0	5654.0
670	7609.0	5654.0
671	7609.0	5654.0
672	7609.0	5654.0
673	7609.0	5654.0
674	7609.0	5654.0
675	7609.0	5654.0
676	7609.0	5654.0
677	7609.0	5654.0
678	7609.0	5654.0
679	7609.0	5654.0
680	7609.0	5796.0
681	7609.0	5654.0
682	7609.0	5654.0
683	7609.0	5654.0
684	7609.0	5654.0
685	7609.0	5654.0
686	7609.0	5654.0
687	7609.0	5654.0
688	7609.0	5654.0
689	7609.0	5654.0
690	7609.0	5654.0
691	7609.0	5654.0
692	7609.0	5654.0
693	7609.0	5654.0
694	7609.0	5654.0
695	7609.0	5654.0
696	7609.0	5654.0
697	7609.0	5654.0
698	7609.0	5654.0
699	7609.0	5654.0
700	7609.0	5730.0
701	7609.0	5654.0
702	7609.0	5654.0
703	7609.0	5654.0
704	7609.0	5654.0
705	7609.0	5654.0
706	7609.0	5654.0
707	7609.0	5654.0
708	7609.0	5654.0
709	7609.0	5654.0
710	7609.0	5654.0
711	7609.0	5654.0
712	7609.0	5654.0
713	7609.0	5654.0
714	7609.0	5654.0
715	7609.0	5654.0
716	7609.0	5654.0
717	7609.0	5654.0
718	7609.0	5654.0
719	7609.0	5654.0
720	7609.0	5767.0
721	7609.0	5654.0
722	7609.0	5654.0
723	7609.0	5654.0
724	7609.0	5654.0
725	7609.0	5654.0
726	7609.0	5654.0
727	7609.0	5654.0
728	7609.0	5654.0
729	7609.0	5654.0
730	7609.0	5654.0
731	7609.0	5654.0
732	7609.0	5654.0
733	7609.0	5654.0
734	7609.0	5654.0
735	7609.0	5654.0
736	7634.0	5654.0
737	7634.0	5654.0
738	7634.0	5654.0
739	7634.0	5654.0
740	7634.0	5654.0
741	7634.0	5654.0
742	7634.0	5654.0
743	7634.0	5654.0
744	7634.0	5654.0
745	7634.0	5654.0
746	7634.0	5654.0
747	7634.0	5654.0
748	7634.0	5654.0
749	7634.0	5654.0
750	7634.0	5654.0
751	7634.0	5654.0
752	7634.0	5654.0
753	7634.0	5654.0
754	7634.0	5654.0
755	7634.0	5654.0
756	7634.0	5654.0
757	7634.0	5654.0
758	7634.0	5654.0
759	7634.0	5654.0
760	7634.0	5654.0
761	7634.0	5654.0
762	7634.0	5654.0
763	7634.0	5654.0
764	7634.0	5654.0
765	7634.0	5654.0
766	7634.0	5654.0
767	7634.0	5654.0
768	7634.0	5654.0
769	7634.0	5654.0
770	7634.0	5654.0
771	7634.0	5654.0
772	7634.0	5654.0
773	7634.0	5654.0
774	7634.0	5654.0
775	7634.0	5654.0
776	7634.0	5654.0
777	7634.0	5654.0
778	7634.0	5654.0
779	7634.0	5654.0
780	7634.0	5805.0
781	7634.0	5654.0
782	7634.0	5654.0
783	7634.0	5654.0
784	7634.0	5654.0
785	7634.0	5654.0
786	7634.0	5654.0
787	7634.0	5654.0
788	7634.0	5654.0
789	7634.0	5654.0
790	7634.0	5654.0
791	7634.0	5767.0
792	7634.0	5767.0
793	7634.0	5767.0
794	7634.0	5767.0
795	7634.0	5767.0
796	7634.0	5767.0
797	7634.0	5767.0
798	7634.0	5767.0
799	7634.0	5767.0
800	7634.0	5803.0
801	7634.0	5767.0
802	7634.0	5767.0
803	7634.0	5767.0
804	7634.0	5767.0
805	7634.0	5767.0
806	7634.0	5767.0
807	7634.0	5767.0
808	7634.0	5767.0
809	7634.0	5767.0
810	7634.0	5767.0
811	7634.0	5767.0
812	7634.0	5767.0
813	7634.0	5767.0
814	7634.0	5767.0
815	7634.0	5767.0
816	7634.0	5767.0
817	7634.0	5767.0
818	7634.0	5767.0
819	7634.0	5767.0
820	7634.0	5790.0
821	7634.0	5767.0
822	7634.0	5767.0
823	7634.0	5767.0
824	7634.0	5767.0
825	7634.0	5767.0
826	7634.0	5767.0
827	7634.0	5767.0
828	7634.0	5767.0
829	7634.0	5790.0
830	7634.0	5790.0
831	7634.0	5790.0
832	7634.0	5790.0
833	7634.0	5790.0
834	7634.0	5790.0
835	7634.0	5790.0
836	7634.0	5790.0
837	7634.0	5790.0
838	7634.0	5790.0
839	7634.0	5790.0
840	7634.0	5896.0
841	7634.0	5790.0
842	7634.0	5790.0
843	7634.0	5790.0
844	7634.0	5790.0
845	7634.0	5790.0
846	7634.0	5790.0
847	7634.0	5790.0
848	7634.0	5790.0
849	7634.0	5790.0
850	7634.0	5790.0
851	7634.0	5790.0
852	7634.0	5790.0
853	7634.0	5790.0
854	7634.0	5790.0
855	7634.0	5790.0
856	7634.0	5790.0
857	7634.0	5790.0
858	7634.0	5790.0
859	7634.0	5790.0
860	7634.0	5840.0
861	7634.0	5790.0
862	7634.0	5790.0
863	7634.0	5790.0
864	7634.0	5790.0
865	7634.0	5790.0
866	7634.0	5790.0
867	7634.0	5790.0
868	7634.0	5790.0
869	7634.0	5790.0
870	7634.0	5790.0
871	7634.0	5790.0
872	7634.0	5790.0
873	7634.0	5790.0
874	7634.0	5790.0
875	7634.0	5790.0
876	7634.0	5790.0
877	7634.0	5790.0
878	7634.0	5790.0
879	7634.0	5790.0
880	7634.0	5805.0
881	7634.0	5790.0
882	7634.0	5790.0
883	7634.0	5796.0
884	7634.0	5796.0
885	7634.0	5796.0
886	7634.0	5796.0
887	7634.0	5796.0
888	7634.0	5796.0
889	7634.0	5796.0
890	7634.0	5796.0
891	7634.0	5796.0
892	7634.0	5796.0
893	7634.0	5796.0
894	7634.0	5796.0
895	7634.0	5796.0
896	7634.0	5796.0
897	7634.0	5796.0
898	7634.0	5796.0
899	7634.0	5796.0
900	7634.0	5840.0
901	7634.0	5796.0
902	7634.0	5796.0
903	7634.0	5796.0
904	7634.0	5796.0
905	7634.0	5796.0
906	7634.0	5796.0
907	7634.0	5796.0
908	7634.0	5796.0
909	7634.0	5796.0
910	7634.0	5796.0
911	7634.0	5796.0
912	7634.0	5796.0
913	7634.0	5796.0
914	7634.0	5796.0
915	7634.0	5796.0
916	7634.0	5796.0
917	7634.0	5796.0
918	7634.0	5796.0
919	7634.0	5796.0
920	7634.0	5946.0
921	7634.0	5796.0
922	7634.0	5796.0
923	7634.0	5796.0
924	7634.0	5796.0
925	7634.0	5796.0
926	7634.0	5796.0
927	7634.0	5796.0
928	7634.0	5796.0
929	7634.0	5796.0
930	7634.0	5796.0
931	7634.0	5796.0
932	7634.0	5796.0
933	7634.0	5796.0
934	7634.0	5796.0
935	7634.0	5796.0
936	7634.0	5796.0
937	7634.0	5796.0
938	7634.0	5796.0
939	7634.0	5796.0
940	7634.0	5946.0
941	7634.0	5796.0
942	7634.0	5796.0
943	7634.0	5796.0
944	7634.0	5796.0
945	7634.0	5796.0
946	7634.0	5796.0
947	7634.0	5796.0
948	7634.0	5796.0
949	7634.0	5796.0
950	7634.0	5796.0
951	7634.0	5796.0
952	7634.0	5796.0
953	7634.0	5796.0
954	7634.0	5796.0
955	7634.0	5796.0
956	7634.0	5796.0
957	7634.0	5796.0
958	7634.0	5796.0
959	7634.0	5796.0
960	7634.0	5896.0
961	7634.0	5796.0
962	7634.0	5796.0
963	7634.0	5796.0
964	7634.0	5796.0
965	7634.0	5796.0
966	7634.0	5796.0
967	7634.0	5796.0
968	7634.0	5796.0
969	7634.0	5796.0
970	7634.0	5796.0
971	7634.0	5796.0
972	7634.0	5796.0
973	7634.0	5796.0
974	7634.0	5796.0
975	7634.0	5796.0
976	7634.0	5796.0
977	7634.0	5796.0
978	7634.0	5796.0
979	7634.0	5796.0
980	7634.0	5896.0
981	7634.0	5796.0
982	7634.0	5796.0
983	7634.0	5796.0
984	7634.0	5796.0
985	7634.0	5796.0
986	7634.0	5796.0
987	7634.0	5796.0
988	7634.0	5796.0
989	7634.0	5796.0
990	7634.0	5796.0
991	7634.0	5796.0
992	7634.0	5796.0
993	7634.0	5796.0
994	7634.0	5796.0
995	7634.0	5796.0
996	7634.0	5796.0
997	7634.0	5796.0
998	7634.0	5796.0
999	8319.0	5796.0
1000	8319.0	5907.0
