0	6314.0	2442.0
1	6434.0	2854.0
2	6623.0	3240.0
3	6623.0	3407.0
4	6623.0	3741.0
5	6623.0	3846.0
6	7004.0	3846.0
7	7178.0	4028.0
8	7259.0	4103.0
9	7259.0	4103.0
10	7605.0	4103.0
11	7605.0	4103.0
12	7605.0	4368.0
13	7605.0	4368.0
14	7605.0	4408.0
15	7605.0	4408.0
16	7605.0	4408.0
17	7605.0	4408.0
18	7605.0	4408.0
19	7605.0	4408.0
20	7605.0	4593.0
21	7605.0	4408.0
22	7605.0	4466.0
23	7605.0	4597.0
24	7605.0	4597.0
25	7605.0	4597.0
26	7605.0	4597.0
27	7605.0	4661.0
28	7605.0	4661.0
29	7605.0	4661.0
30	7605.0	4661.0
31	7605.0	4661.0
32	7605.0	4661.0
33	7605.0	4661.0
34	7605.0	4661.0
35	7605.0	4661.0
36	7605.0	4661.0
37	7605.0	4661.0
38	7605.0	4661.0
39	7605.0	4661.0
40	7605.0	4903.0
41	7605.0	4661.0
42	7605.0	4888.0
43	7605.0	4888.0
44	7605.0	4888.0
45	7605.0	4888.0
46	7605.0	4888.0
47	7605.0	4888.0
48	7605.0	4888.0
49	7605.0	4888.0
50	7605.0	4888.0
51	7605.0	4888.0
52	7605.0	4888.0
53	7605.0	4888.0
54	7605.0	4888.0
55	7605.0	4888.0
56	7605.0	4888.0
57	7605.0	4957.0
58	7605.0	4961.0
59	7605.0	4961.0
60	7605.0	5036.0
61	7605.0	4961.0
62	7605.0	4961.0
63	7605.0	4961.0
64	7605.0	4961.0
65	7605.0	4972.0
66	7605.0	4972.0
67	7605.0	5014.0
68	7605.0	5014.0
69	7605.0	5014.0
70	7605.0	5014.0
71	7605.0	5014.0
72	7605.0	5014.0
73	7605.0	5014.0
74	7818.0	5014.0
75	7818.0	5014.0
76	7818.0	5014.0
77	7818.0	5014.0
78	7818.0	5014.0
79	7818.0	5014.0
80	7818.0	5241.0
81	7818.0	5014.0
82	7818.0	5014.0
83	7818.0	5014.0
84	7818.0	5014.0
85	7818.0	5014.0
86	7818.0	5014.0
87	7818.0	5014.0
88	7818.0	5014.0
89	7818.0	5014.0
90	7818.0	5014.0
91	7818.0	5029.0
92	7818.0	5029.0
93	7818.0	5029.0
94	7818.0	5125.0
95	7818.0	5127.0
96	7818.0	5127.0
97	7818.0	5127.0
98	7818.0	5127.0
99	7818.0	5127.0
100	7818.0	5274.0
101	7818.0	5127.0
102	7818.0	5127.0
103	7818.0	5161.0
104	7818.0	5161.0
105	7818.0	5161.0
106	7818.0	5161.0
107	7818.0	5161.0
108	7818.0	5176.0
109	7818.0	5176.0
110	7818.0	5176.0
111	7818.0	5176.0
112	7818.0	5176.0
113	7818.0	5176.0
114	7818.0	5176.0
115	7818.0	5176.0
116	7818.0	5176.0
117	7818.0	5176.0
118	7818.0	5176.0
119	7818.0	5176.0
120	7818.0	5288.0
121	7818.0	5176.0
122	7818.0	5176.0
123	7818.0	5176.0
124	7818.0	5176.0
125	7818.0	5176.0
126	7818.0	5176.0
127	7818.0	5176.0
128	7818.0	5176.0
129	7818.0	5176.0
130	7818.0	5176.0
131	7818.0	5176.0
132	7818.0	5176.0
133	7818.0	5176.0
134	7818.0	5176.0
135	7818.0	5176.0
136	7818.0	5176.0
137	7818.0	5176.0
138	7818.0	5176.0
139	7818.0	5176.0
140	7818.0	5176.0
141	7818.0	5176.0
142	7818.0	5176.0
143	7818.0	5176.0
144	7818.0	5176.0
145	7818.0	5176.0
146	7818.0	5176.0
147	7818.0	5176.0
148	7818.0	5251.0
149	7818.0	5251.0
150	7818.0	5251.0
151	7818.0	5251.0
152	7818.0	5251.0
153	7818.0	5251.0
154	7818.0	5251.0
155	7818.0	5251.0
156	7818.0	5251.0
157	7818.0	5251.0
158	7818.0	5329.0
159	7818.0	5329.0
160	7818.0	5329.0
161	7818.0	5329.0
162	7818.0	5329.0
163	7818.0	5329.0
164	7818.0	5329.0
165	7818.0	5365.0
166	7818.0	5365.0
167	7818.0	5365.0
168	7818.0	5365.0
169	7818.0	5365.0
170	7818.0	5365.0
171	7818.0	5365.0
172	7818.0	5365.0
173	7818.0	5365.0
174	7818.0	5365.0
175	7818.0	5365.0
176	7818.0	5365.0
177	7818.0	5365.0
178	7818.0	5365.0
179	7818.0	5365.0
180	7818.0	5503.0
181	7818.0	5365.0
182	7818.0	5365.0
183	7818.0	5365.0
184	7818.0	5365.0
185	7818.0	5365.0
186	7818.0	5441.0
187	7818.0	5441.0
188	7818.0	5441.0
189	7818.0	5441.0
190	7818.0	5441.0
191	7818.0	5441.0
192	7818.0	5441.0
193	7818.0	5441.0
194	7818.0	5441.0
195	7818.0	5441.0
196	7818.0	5441.0
197	7818.0	5441.0
198	7818.0	5441.0
199	7818.0	5441.0
200	7818.0	5459.0
201	7818.0	5441.0
202	7818.0	5441.0
203	7818.0	5441.0
204	7818.0	5441.0
205	7818.0	5441.0
206	7818.0	5441.0
207	7818.0	5441.0
208	7818.0	5441.0
209	7818.0	5441.0
210	7818.0	5441.0
211	7818.0	5441.0
212	7818.0	5441.0
213	7818.0	5441.0
214	7818.0	5441.0
215	7818.0	5441.0
216	7818.0	5441.0
217	7818.0	5441.0
218	7818.0	5441.0
219	7818.0	5441.0
220	7818.0	5556.0
221	7818.0	5441.0
222	7818.0	5441.0
223	7818.0	5441.0
224	7818.0	5441.0
225	7818.0	5441.0
226	7818.0	5441.0
227	7818.0	5441.0
228	7818.0	5441.0
229	7818.0	5441.0
230	7818.0	5441.0
231	7818.0	5441.0
232	7818.0	5441.0
233	7818.0	5441.0
234	7818.0	5441.0
235	7818.0	5441.0
236	7818.0	5441.0
237	7818.0	5483.0
238	7818.0	5483.0
239	7818.0	5487.0
240	7818.0	5603.0
241	7818.0	5487.0
242	7818.0	5487.0
243	7818.0	5487.0
244	7818.0	5487.0
245	7818.0	5487.0
246	7818.0	5487.0
247	7818.0	5487.0
248	7818.0	5487.0
249	7818.0	5487.0
250	7818.0	5487.0
251	7818.0	5487.0
252	7818.0	5487.0
253	7818.0	5487.0
254	7818.0	5487.0
255	7818.0	5487.0
256	7818.0	5487.0
257	7818.0	5487.0
258	7818.0	5487.0
259	7818.0	5487.0
260	7818.0	5603.0
261	7818.0	5487.0
262	7818.0	5487.0
263	7818.0	5487.0
264	7818.0	5487.0
265	7818.0	5487.0
266	7818.0	5487.0
267	7818.0	5487.0
268	7818.0	5487.0
269	7818.0	5487.0
270	7818.0	5487.0
271	7818.0	5487.0
272	7818.0	5487.0
273	7818.0	5487.0
274	7818.0	5487.0
275	7818.0	5487.0
276	7818.0	5487.0
277	7818.0	5487.0
278	7818.0	5487.0
279	7818.0	5487.0
280	7818.0	5565.0
281	7818.0	5487.0
282	7818.0	5487.0
283	7818.0	5487.0
284	7818.0	5487.0
285	7818.0	5487.0
286	7818.0	5487.0
287	7818.0	5487.0
288	7818.0	5487.0
289	7818.0	5487.0
290	7818.0	5487.0
291	7818.0	5487.0
292	7818.0	5487.0
293	7818.0	5487.0
294	7818.0	5487.0
295	7818.0	5487.0
296	7818.0	5487.0
297	7818.0	5487.0
298	7818.0	5487.0
299	7818.0	5487.0
300	7818.0	5565.0
301	7818.0	5487.0
302	7818.0	5487.0
303	7818.0	5487.0
304	7818.0	5487.0
305	7818.0	5487.0
306	7818.0	5487.0
307	7818.0	5487.0
308	7818.0	5487.0
309	7818.0	5487.0
310	7818.0	5487.0
311	7818.0	5487.0
312	7818.0	5487.0
313	7818.0	5487.0
314	7818.0	5487.0
315	7818.0	5487.0
316	7818.0	5487.0
317	7818.0	5487.0
318	7818.0	5487.0
319	7818.0	5487.0
320	7818.0	5565.0
321	7818.0	5487.0
322	7818.0	5487.0
323	7818.0	5487.0
324	7818.0	5487.0
325	7818.0	5487.0
326	7818.0	5487.0
327	7818.0	5487.0
328	7818.0	5487.0
329	7818.0	5487.0
330	7818.0	5487.0
331	7818.0	5487.0
332	7818.0	5487.0
333	7818.0	5487.0
334	7818.0	5487.0
335	7818.0	5487.0
336	7818.0	5487.0
337	7818.0	5487.0
338	7818.0	5487.0
339	7818.0	5487.0
340	7818.0	5701.0
341	7818.0	5487.0
342	7818.0	5487.0
343	7818.0	5558.0
344	7818.0	5558.0
345	7818.0	5558.0
346	7818.0	5558.0
347	7818.0	5558.0
348	7818.0	5558.0
349	7818.0	5558.0
350	7818.0	5558.0
351	7818.0	5558.0
352	7818.0	5558.0
353	7818.0	5558.0
354	7818.0	5558.0
355	7818.0	5558.0
356	7818.0	5558.0
357	7818.0	5558.0
358	7818.0	5558.0
359	7818.0	5558.0
360	7818.0	5565.0
361	7818.0	5558.0
362	7818.0	5558.0
363	7818.0	5558.0
364	7818.0	5558.0
365	7818.0	5558.0
366	7818.0	5558.0
367	7818.0	5558.0
368	7818.0	5558.0
369	7818.0	5558.0
370	7818.0	5558.0
371	7818.0	5558.0
372	7818.0	5558.0
373	7818.0	5558.0
374	7818.0	5558.0
375	7818.0	5558.0
376	7818.0	5558.0
377	7818.0	5558.0
378	7818.0	5558.0
379	7818.0	5558.0
380	7818.0	5690.0
381	7818.0	5558.0
382	7818.0	5558.0
383	7818.0	5558.0
384	7818.0	5558.0
385	7818.0	5558.0
386	7818.0	5558.0
387	7818.0	5558.0
388	7818.0	5558.0
389	7818.0	5558.0
390	7818.0	5558.0
391	7818.0	5558.0
392	7818.0	5558.0
393	7818.0	5558.0
394	7818.0	5558.0
395	7818.0	5558.0
396	7818.0	5558.0
397	7818.0	5558.0
398	7818.0	5558.0
399	7818.0	5558.0
400	7818.0	5641.0
401	7818.0	5558.0
402	7818.0	5558.0
403	7818.0	5558.0
404	7818.0	5558.0
405	7818.0	5558.0
406	7818.0	5558.0
407	7818.0	5558.0
408	7818.0	5558.0
409	7818.0	5558.0
410	7818.0	5558.0
411	7818.0	5558.0
412	7818.0	5558.0
413	7818.0	5558.0
414	7818.0	5558.0
415	7818.0	5558.0
416	7818.0	5558.0
417	7818.0	5558.0
418	7818.0	5558.0
419	7818.0	5558.0
420	7818.0	5746.0
421	7818.0	5558.0
422	7818.0	5558.0
423	7818.0	5558.0
424	7818.0	5558.0
425	7818.0	5558.0
426	7818.0	5558.0
427	7818.0	5558.0
428	7818.0	5558.0
429	7818.0	5558.0
430	7818.0	5558.0
431	7818.0	5558.0
432	7818.0	5558.0
433	7818.0	5558.0
434	7818.0	5558.0
435	7818.0	5558.0
436	7818.0	5558.0
437	7818.0	5558.0
438	7818.0	5558.0
439	7818.0	5558.0
440	7818.0	5657.0
441	7818.0	5558.0
442	7818.0	5558.0
443	7818.0	5558.0
444	7818.0	5558.0
445	7818.0	5558.0
446	7818.0	5558.0
447	7818.0	5558.0
448	7818.0	5558.0
449	7818.0	5558.0
450	7818.0	5558.0
451	7818.0	5558.0
452	7818.0	5609.0
453	7818.0	5609.0
454	7818.0	5609.0
455	7818.0	5609.0
456	7818.0	5609.0
457	7818.0	5609.0
458	7818.0	5609.0
459	7818.0	5609.0
460	7818.0	5746.0
461	7818.0	5609.0
462	7818.0	5609.0
463	7818.0	5609.0
464	7818.0	5609.0
465	7818.0	5609.0
466	7818.0	5609.0
467	7818.0	5609.0
468	7818.0	5609.0
469	7818.0	5609.0
470	7818.0	5609.0
471	7818.0	5609.0
472	7818.0	5609.0
473	7818.0	5609.0
474	7818.0	5609.0
475	7818.0	5609.0
476	7818.0	5609.0
477	7818.0	5609.0
478	7818.0	5609.0
479	7818.0	5609.0
480	7818.0	5751.0
481	7818.0	5609.0
482	7818.0	5609.0
483	7818.0	5609.0
484	7818.0	5609.0
485	7818.0	5609.0
486	7818.0	5609.0
487	7818.0	5609.0
488	7818.0	5609.0
489	7818.0	5609.0
490	7818.0	5609.0
491	7818.0	5609.0
492	7818.0	5609.0
493	7818.0	5609.0
494	7818.0	5609.0
495	7818.0	5609.0
496	7818.0	5609.0
497	7818.0	5609.0
498	7818.0	5609.0
499	7818.0	5609.0
500	7818.0	5739.0
501	7818.0	5609.0
502	7818.0	5609.0
503	7818.0	5609.0
504	7818.0	5609.0
505	7818.0	5609.0
506	7818.0	5609.0
507	7818.0	5609.0
508	7818.0	5609.0
509	7818.0	5609.0
510	7818.0	5609.0
511	7818.0	5712.0
512	7818.0	5712.0
513	7818.0	5712.0
514	7818.0	5712.0
515	7818.0	5712.0
516	7818.0	5712.0
517	7818.0	5712.0
518	7818.0	5712.0
519	7818.0	5712.0
520	7818.0	5720.0
521	7818.0	5712.0
522	7818.0	5712.0
523	7818.0	5712.0
524	7818.0	5712.0
525	7818.0	5712.0
526	7818.0	5712.0
527	7818.0	5712.0
528	7818.0	5712.0
529	7818.0	5712.0
530	7818.0	5712.0
531	7818.0	5712.0
532	7818.0	5712.0
533	7818.0	5712.0
534	7818.0	5712.0
535	7818.0	5712.0
536	7818.0	5712.0
537	7818.0	5712.0
538	7818.0	5712.0
539	7818.0	5712.0
540	7818.0	5725.0
541	7818.0	5712.0
542	7818.0	5712.0
543	7818.0	5712.0
544	7818.0	5712.0
545	7818.0	5712.0
546	7818.0	5712.0
547	7818.0	5712.0
548	7818.0	5712.0
549	7818.0	5712.0
550	7818.0	5712.0
551	7818.0	5712.0
552	7818.0	5712.0
553	7818.0	5712.0
554	7818.0	5712.0
555	7818.0	5712.0
556	7818.0	5712.0
557	7818.0	5712.0
558	7818.0	5712.0
559	7818.0	5712.0
560	7818.0	5752.0
561	7818.0	5712.0
562	7818.0	5712.0
563	7818.0	5712.0
564	7818.0	5712.0
565	7818.0	5712.0
566	7818.0	5712.0
567	7818.0	5712.0
568	7818.0	5712.0
569	7818.0	5712.0
570	7818.0	5712.0
571	7818.0	5712.0
572	7818.0	5712.0
573	7818.0	5712.0
574	7818.0	5712.0
575	7818.0	5712.0
576	7818.0	5712.0
577	7818.0	5712.0
578	7818.0	5712.0
579	7818.0	5712.0
580	7818.0	5720.0
581	7818.0	5712.0
582	7818.0	5712.0
583	7818.0	5712.0
584	7818.0	5712.0
585	7818.0	5712.0
586	7818.0	5712.0
587	7818.0	5712.0
588	7818.0	5712.0
589	7818.0	5712.0
590	7818.0	5712.0
591	7818.0	5712.0
592	7818.0	5712.0
593	7818.0	5712.0
594	7818.0	5712.0
595	7818.0	5712.0
596	7818.0	5712.0
597	7818.0	5712.0
598	7818.0	5712.0
599	7818.0	5712.0
600	7818.0	5746.0
601	7818.0	5712.0
602	7818.0	5712.0
603	7818.0	5712.0
604	7818.0	5712.0
605	7818.0	5712.0
606	7818.0	5712.0
607	7818.0	5712.0
608	7818.0	5712.0
609	7818.0	5712.0
610	7818.0	5712.0
611	7818.0	5712.0
612	7818.0	5712.0
613	7818.0	5712.0
614	7818.0	5712.0
615	7818.0	5712.0
616	7818.0	5712.0
617	7818.0	5712.0
618	7818.0	5712.0
619	7818.0	5712.0
620	7818.0	5720.0
621	7818.0	5712.0
622	7818.0	5712.0
623	7818.0	5712.0
624	7818.0	5712.0
625	7818.0	5712.0
626	7818.0	5712.0
627	7818.0	5712.0
628	7818.0	5712.0
629	7818.0	5712.0
630	7818.0	5712.0
631	7818.0	5712.0
632	7818.0	5712.0
633	7818.0	5712.0
634	7818.0	5712.0
635	7818.0	5712.0
636	7818.0	5712.0
637	7818.0	5712.0
638	7818.0	5712.0
639	7818.0	5712.0
640	7818.0	5720.0
641	7818.0	5712.0
642	7818.0	5712.0
643	7818.0	5712.0
644	7818.0	5712.0
645	7818.0	5712.0
646	7818.0	5712.0
647	7818.0	5712.0
648	7818.0	5712.0
649	7818.0	5712.0
650	7818.0	5712.0
651	7818.0	5712.0
652	7818.0	5712.0
653	7818.0	5712.0
654	7818.0	5712.0
655	7818.0	5712.0
656	7818.0	5712.0
657	7818.0	5712.0
658	7818.0	5712.0
659	7818.0	5712.0
660	7818.0	5712.0
661	7818.0	5712.0
662	7818.0	5712.0
663	7818.0	5712.0
664	7818.0	5712.0
665	7818.0	5712.0
666	7818.0	5712.0
667	7818.0	5712.0
668	7818.0	5712.0
669	7818.0	5712.0
670	7818.0	5712.0
671	7818.0	5712.0
672	7818.0	5712.0
673	7818.0	5712.0
674	7818.0	5712.0
675	7818.0	5712.0
676	7818.0	5712.0
677	7818.0	5712.0
678	7818.0	5712.0
679	7818.0	5712.0
680	7818.0	5835.0
681	7818.0	5712.0
682	7818.0	5712.0
683	7818.0	5712.0
684	7818.0	5712.0
685	7818.0	5712.0
686	7818.0	5712.0
687	7818.0	5712.0
688	7818.0	5712.0
689	7818.0	5712.0
690	7818.0	5712.0
691	7818.0	5712.0
692	7818.0	5712.0
693	7818.0	5712.0
694	7818.0	5712.0
695	7818.0	5712.0
696	7818.0	5712.0
697	7818.0	5712.0
698	7818.0	5712.0
699	7818.0	5712.0
700	7818.0	5810.0
701	7818.0	5712.0
702	7818.0	5712.0
703	7818.0	5712.0
704	7818.0	5712.0
705	7818.0	5810.0
706	7818.0	5810.0
707	7818.0	5810.0
708	7818.0	5810.0
709	7818.0	5810.0
710	7818.0	5810.0
711	7818.0	5810.0
712	7818.0	5810.0
713	7818.0	5810.0
714	7818.0	5810.0
715	7818.0	5810.0
716	7818.0	5810.0
717	7818.0	5810.0
718	7818.0	5810.0
719	7818.0	5810.0
720	7818.0	5864.0
721	7818.0	5810.0
722	7818.0	5810.0
723	7818.0	5810.0
724	7853.0	5810.0
725	7853.0	5810.0
726	7853.0	5810.0
727	7853.0	5810.0
728	7853.0	5810.0
729	7853.0	5810.0
730	7853.0	5810.0
731	7853.0	5810.0
732	7853.0	5810.0
733	7853.0	5810.0
734	7853.0	5810.0
735	7853.0	5810.0
736	7853.0	5810.0
737	7853.0	5810.0
738	7853.0	5810.0
739	7853.0	5810.0
740	7853.0	5833.0
741	7853.0	5810.0
742	7853.0	5810.0
743	7853.0	5810.0
744	7853.0	5810.0
745	7853.0	5810.0
746	7853.0	5810.0
747	7853.0	5810.0
748	7853.0	5810.0
749	7853.0	5810.0
750	7853.0	5810.0
751	7853.0	5810.0
752	7853.0	5810.0
753	7853.0	5810.0
754	7853.0	5810.0
755	7853.0	5810.0
756	7853.0	5810.0
757	7853.0	5810.0
758	7853.0	5810.0
759	7853.0	5810.0
760	7853.0	5872.0
761	7853.0	5810.0
762	7853.0	5810.0
763	7853.0	5810.0
764	7853.0	5810.0
765	7853.0	5810.0
766	7853.0	5810.0
767	7853.0	5810.0
768	7853.0	5810.0
769	7853.0	5810.0
770	7853.0	5810.0
771	7853.0	5810.0
772	7853.0	5810.0
773	7853.0	5810.0
774	7853.0	5810.0
775	7853.0	5810.0
776	7853.0	5810.0
777	7853.0	5810.0
778	7853.0	5810.0
779	7853.0	5810.0
780	7853.0	5835.0
781	7853.0	5810.0
782	7853.0	5810.0
783	7853.0	5810.0
784	7853.0	5810.0
785	7853.0	5810.0
786	7853.0	5810.0
787	7853.0	5810.0
788	7853.0	5810.0
789	7853.0	5810.0
790	7853.0	5810.0
791	7853.0	5810.0
792	7853.0	5810.0
793	7853.0	5810.0
794	7853.0	5810.0
795	7853.0	5810.0
796	7853.0	5810.0
797	7853.0	5810.0
798	7853.0	5810.0
799	7853.0	5810.0
800	7853.0	5865.0
801	7853.0	5810.0
802	7853.0	5810.0
803	7853.0	5810.0
804	7853.0	5810.0
805	7853.0	5810.0
806	7853.0	5810.0
807	7853.0	5810.0
808	7853.0	5810.0
809	7853.0	5810.0
810	7853.0	5810.0
811	7853.0	5810.0
812	7853.0	5810.0
813	7853.0	5810.0
814	7853.0	5810.0
815	7853.0	5810.0
816	7853.0	5810.0
817	7853.0	5810.0
818	7853.0	5810.0
819	7853.0	5810.0
820	7853.0	5810.0
821	7853.0	5810.0
822	7853.0	5810.0
823	7853.0	5810.0
824	7853.0	5810.0
825	7853.0	5810.0
826	7853.0	5810.0
827	7853.0	5810.0
828	7853.0	5810.0
829	7853.0	5810.0
830	7853.0	5810.0
831	7853.0	5810.0
832	7853.0	5810.0
833	7853.0	5810.0
834	7853.0	5810.0
835	7853.0	5810.0
836	7853.0	5810.0
837	7853.0	5810.0
838	7853.0	5810.0
839	7853.0	5810.0
840	7853.0	5865.0
841	7853.0	5810.0
842	7853.0	5810.0
843	7853.0	5810.0
844	7853.0	5810.0
845	7853.0	5810.0
846	7853.0	5810.0
847	7853.0	5810.0
848	7853.0	5810.0
849	7853.0	5810.0
850	7853.0	5810.0
851	7853.0	5810.0
852	7853.0	5810.0
853	7853.0	5810.0
854	7853.0	5810.0
855	7853.0	5810.0
856	7853.0	5810.0
857	7853.0	5810.0
858	7853.0	5810.0
859	7853.0	5810.0
860	7853.0	5865.0
861	7853.0	5810.0
862	7853.0	5810.0
863	7853.0	5810.0
864	7853.0	5810.0
865	7853.0	5810.0
866	7853.0	5810.0
867	7853.0	5810.0
868	7853.0	5810.0
869	7853.0	5810.0
870	7853.0	5810.0
871	7853.0	5810.0
872	7853.0	5810.0
873	7853.0	5810.0
874	7853.0	5810.0
875	7853.0	5810.0
876	7853.0	5810.0
877	7853.0	5810.0
878	7853.0	5810.0
879	7853.0	5810.0
880	7853.0	5810.0
881	7853.0	5810.0
882	7853.0	5810.0
883	7853.0	5810.0
884	7853.0	5810.0
885	7853.0	5810.0
886	7853.0	5810.0
887	7853.0	5810.0
888	7853.0	5810.0
889	7853.0	5810.0
890	7853.0	5810.0
891	7853.0	5810.0
892	7853.0	5810.0
893	7853.0	5810.0
894	7853.0	5810.0
895	7853.0	5810.0
896	7853.0	5810.0
897	7853.0	5810.0
898	7853.0	5810.0
899	7853.0	5810.0
900	7853.0	5872.0
901	7853.0	5810.0
902	7853.0	5810.0
903	7853.0	5810.0
904	7853.0	5810.0
905	7853.0	5810.0
906	7853.0	5810.0
907	7853.0	5810.0
908	7853.0	5810.0
909	7853.0	5810.0
910	7853.0	5810.0
911	7853.0	5810.0
912	7853.0	5810.0
913	7853.0	5810.0
914	7853.0	5810.0
915	7853.0	5810.0
916	7853.0	5810.0
917	7853.0	5810.0
918	7853.0	5810.0
919	7853.0	5810.0
920	7853.0	5904.0
921	7853.0	5865.0
922	7853.0	5865.0
923	7853.0	5865.0
924	7853.0	5865.0
925	7853.0	5865.0
926	7853.0	5865.0
927	7853.0	5865.0
928	7853.0	5865.0
929	7853.0	5865.0
930	7853.0	5865.0
931	7853.0	5865.0
932	7853.0	5865.0
933	7853.0	5865.0
934	7853.0	5865.0
935	7853.0	5865.0
936	7853.0	5865.0
937	7853.0	5865.0
938	7853.0	5865.0
939	7853.0	5865.0
940	7853.0	5872.0
941	7853.0	5865.0
942	7853.0	5865.0
943	7853.0	5865.0
944	7853.0	5865.0
945	7853.0	5865.0
946	7853.0	5865.0
947	7853.0	5865.0
948	7853.0	5865.0
949	7853.0	5865.0
950	7853.0	5865.0
951	7853.0	5865.0
952	7853.0	5865.0
953	7853.0	5865.0
954	7853.0	5865.0
955	7853.0	5865.0
956	7853.0	5865.0
957	7853.0	5865.0
958	7853.0	5865.0
959	7853.0	5865.0
960	7853.0	5970.0
961	7853.0	5865.0
962	7853.0	5865.0
963	7853.0	5865.0
964	7853.0	5865.0
965	7853.0	5865.0
966	7853.0	5865.0
967	7853.0	5865.0
968	7853.0	5865.0
969	7853.0	5865.0
970	7853.0	5865.0
971	7853.0	5865.0
972	7853.0	5865.0
973	7853.0	5865.0
974	7853.0	5865.0
975	7853.0	5865.0
976	7853.0	5865.0
977	7853.0	5865.0
978	7853.0	5865.0
979	7853.0	5865.0
980	7853.0	5865.0
981	7853.0	5865.0
982	7853.0	5865.0
983	7853.0	5865.0
984	7853.0	5865.0
985	7853.0	5865.0
986	7853.0	5865.0
987	7853.0	5865.0
988	7853.0	5865.0
989	7853.0	5865.0
990	7853.0	5865.0
991	7853.0	5865.0
992	7853.0	5865.0
993	7853.0	5865.0
994	7853.0	5865.0
995	7853.0	5865.0
996	7853.0	5865.0
997	7853.0	5865.0
998	7853.0	5865.0
999	7853.0	5865.0
1000	7853.0	5872.0
