0	6077.0	2562.0
1	6363.0	3036.0
2	6495.0	3236.0
3	6495.0	3418.0
4	6692.0	3590.0
5	6692.0	3855.0
6	6692.0	3855.0
7	6692.0	3955.0
8	6692.0	3979.0
9	7023.0	4099.0
10	7023.0	4099.0
11	7023.0	4149.0
12	7023.0	4149.0
13	7023.0	4149.0
14	7321.0	4268.0
15	7321.0	4268.0
16	7321.0	4301.0
17	7321.0	4301.0
18	7321.0	4301.0
19	7321.0	4450.0
20	7321.0	4551.0
21	7321.0	4450.0
22	7321.0	4450.0
23	7321.0	4450.0
24	7321.0	4600.0
25	7321.0	4600.0
26	7321.0	4636.0
27	7321.0	4686.0
28	7321.0	4686.0
29	7321.0	4686.0
30	7321.0	4698.0
31	7321.0	4698.0
32	7321.0	4698.0
33	7321.0	4698.0
34	7321.0	4740.0
35	7321.0	4740.0
36	7321.0	4740.0
37	7321.0	4740.0
38	7321.0	4749.0
39	7321.0	4773.0
40	7321.0	4822.0
41	7321.0	4822.0
42	7321.0	4913.0
43	7321.0	4913.0
44	7321.0	4913.0
45	7321.0	4946.0
46	7321.0	4946.0
47	7321.0	4946.0
48	7321.0	4946.0
49	7321.0	4946.0
50	7321.0	4946.0
51	7321.0	4946.0
52	7321.0	4946.0
53	7321.0	4946.0
54	7321.0	4946.0
55	7321.0	4946.0
56	7321.0	4946.0
57	7321.0	4946.0
58	7321.0	4946.0
59	7321.0	4946.0
60	7321.0	4961.0
61	7321.0	4946.0
62	7321.0	4946.0
63	7321.0	4946.0
64	7321.0	4946.0
65	7321.0	4946.0
66	7321.0	4946.0
67	7321.0	4946.0
68	7321.0	4946.0
69	7321.0	5091.0
70	7321.0	5091.0
71	7321.0	5092.0
72	7321.0	5096.0
73	7321.0	5096.0
74	7321.0	5096.0
75	7321.0	5096.0
76	7321.0	5096.0
77	7321.0	5096.0
78	7321.0	5096.0
79	7321.0	5096.0
80	7321.0	5245.0
81	7321.0	5096.0
82	7321.0	5096.0
83	7321.0	5096.0
84	7321.0	5096.0
85	7321.0	5096.0
86	7321.0	5096.0
87	7321.0	5096.0
88	7321.0	5096.0
89	7321.0	5096.0
90	7321.0	5096.0
91	7321.0	5096.0
92	7321.0	5245.0
93	7321.0	5245.0
94	7321.0	5245.0
95	7321.0	5267.0
96	7321.0	5267.0
97	7321.0	5267.0
98	7321.0	5267.0
99	7321.0	5267.0
100	7321.0	5305.0
101	7321.0	5267.0
102	7321.0	5267.0
103	7321.0	5267.0
104	7321.0	5267.0
105	7321.0	5267.0
106	7321.0	5267.0
107	7321.0	5267.0
108	7321.0	5267.0
109	7321.0	5267.0
110	7321.0	5267.0
111	7321.0	5267.0
112	7321.0	5267.0
113	7321.0	5267.0
114	7321.0	5267.0
115	7321.0	5267.0
116	7321.0	5267.0
117	7321.0	5267.0
118	7321.0	5267.0
119	7321.0	5267.0
120	7321.0	5278.0
121	7321.0	5267.0
122	7321.0	5267.0
123	7321.0	5267.0
124	7321.0	5267.0
125	7321.0	5267.0
126	7321.0	5267.0
127	7321.0	5267.0
128	7321.0	5267.0
129	7321.0	5267.0
130	7321.0	5267.0
131	7321.0	5267.0
132	7321.0	5267.0
133	7321.0	5267.0
134	7321.0	5267.0
135	7321.0	5267.0
136	7321.0	5267.0
137	7321.0	5267.0
138	7321.0	5267.0
139	7321.0	5267.0
140	7321.0	5267.0
141	7321.0	5267.0
142	7321.0	5267.0
143	7321.0	5267.0
144	7321.0	5267.0
145	7321.0	5267.0
146	7321.0	5267.0
147	7321.0	5267.0
148	7321.0	5267.0
149	7321.0	5267.0
150	7321.0	5267.0
151	7321.0	5267.0
152	7321.0	5267.0
153	7321.0	5267.0
154	7321.0	5267.0
155	7321.0	5383.0
156	7321.0	5383.0
157	7321.0	5383.0
158	7321.0	5383.0
159	7321.0	5383.0
160	7321.0	5432.0
161	7321.0	5383.0
162	7321.0	5383.0
163	7321.0	5383.0
164	7321.0	5383.0
165	7321.0	5383.0
166	7321.0	5383.0
167	7321.0	5383.0
168	7321.0	5383.0
169	7321.0	5383.0
170	7321.0	5383.0
171	7321.0	5383.0
172	7680.0	5383.0
173	7680.0	5383.0
174	7680.0	5383.0
175	7680.0	5383.0
176	7680.0	5383.0
177	7680.0	5383.0
178	7680.0	5383.0
179	7680.0	5383.0
180	7680.0	5417.0
181	7680.0	5383.0
182	7680.0	5383.0
183	7680.0	5383.0
184	7680.0	5383.0
185	7680.0	5383.0
186	7680.0	5383.0
187	7680.0	5383.0
188	7680.0	5383.0
189	7680.0	5383.0
190	7680.0	5383.0
191	7680.0	5383.0
192	7680.0	5383.0
193	7680.0	5383.0
194	7680.0	5383.0
195	7680.0	5383.0
196	7680.0	5383.0
197	7680.0	5383.0
198	7680.0	5383.0
199	7680.0	5383.0
200	7680.0	5475.0
201	7680.0	5383.0
202	7680.0	5383.0
203	7680.0	5383.0
204	7680.0	5383.0
205	7680.0	5383.0
206	7680.0	5383.0
207	7680.0	5383.0
208	7680.0	5383.0
209	7680.0	5383.0
210	7680.0	5383.0
211	7680.0	5383.0
212	7680.0	5383.0
213	7680.0	5383.0
214	7680.0	5383.0
215	7680.0	5383.0
216	7680.0	5383.0
217	7680.0	5383.0
218	7680.0	5383.0
219	7680.0	5383.0
220	7680.0	5436.0
221	7680.0	5383.0
222	7680.0	5383.0
223	7680.0	5383.0
224	7680.0	5383.0
225	7680.0	5383.0
226	7680.0	5383.0
227	7680.0	5383.0
228	7680.0	5383.0
229	7680.0	5383.0
230	7680.0	5383.0
231	7680.0	5383.0
232	7680.0	5383.0
233	7680.0	5383.0
234	7680.0	5383.0
235	7680.0	5383.0
236	7680.0	5383.0
237	7680.0	5383.0
238	7680.0	5383.0
239	7680.0	5383.0
240	7680.0	5602.0
241	7680.0	5383.0
242	7680.0	5383.0
243	7680.0	5383.0
244	7680.0	5383.0
245	7680.0	5383.0
246	7680.0	5383.0
247	7680.0	5383.0
248	7680.0	5383.0
249	7680.0	5383.0
250	7680.0	5383.0
251	7680.0	5383.0
252	7680.0	5383.0
253	7680.0	5383.0
254	7680.0	5383.0
255	7680.0	5383.0
256	7680.0	5383.0
257	7680.0	5383.0
258	7680.0	5383.0
259	7680.0	5383.0
260	7680.0	5383.0
261	7680.0	5383.0
262	7680.0	5383.0
263	7680.0	5383.0
264	7680.0	5383.0
265	7680.0	5383.0
266	7680.0	5383.0
267	7680.0	5383.0
268	7680.0	5383.0
269	7680.0	5383.0
270	7680.0	5383.0
271	7680.0	5383.0
272	7680.0	5383.0
273	7680.0	5383.0
274	7680.0	5383.0
275	7680.0	5383.0
276	7680.0	5383.0
277	7680.0	5383.0
278	7680.0	5383.0
279	7680.0	5383.0
280	7680.0	5567.0
281	7680.0	5383.0
282	7680.0	5383.0
283	7680.0	5383.0
284	7680.0	5383.0
285	7680.0	5383.0
286	7680.0	5383.0
287	7680.0	5383.0
288	7680.0	5383.0
289	7680.0	5383.0
290	7680.0	5383.0
291	7680.0	5383.0
292	7680.0	5383.0
293	7680.0	5383.0
294	7680.0	5383.0
295	7680.0	5383.0
296	7680.0	5383.0
297	7680.0	5383.0
298	7680.0	5383.0
299	7680.0	5383.0
300	7680.0	5585.0
301	7680.0	5383.0
302	7680.0	5383.0
303	7680.0	5383.0
304	7680.0	5383.0
305	7680.0	5383.0
306	7680.0	5383.0
307	7680.0	5383.0
308	7680.0	5383.0
309	7680.0	5383.0
310	7680.0	5383.0
311	7680.0	5383.0
312	7680.0	5383.0
313	7680.0	5383.0
314	7680.0	5383.0
315	7680.0	5383.0
316	7680.0	5383.0
317	7680.0	5383.0
318	7680.0	5383.0
319	7680.0	5383.0
320	7680.0	5645.0
321	7680.0	5383.0
322	7680.0	5383.0
323	7680.0	5383.0
324	7680.0	5383.0
325	7680.0	5383.0
326	7680.0	5383.0
327	7680.0	5383.0
328	7680.0	5383.0
329	7680.0	5383.0
330	7680.0	5383.0
331	7680.0	5383.0
332	7680.0	5383.0
333	7680.0	5383.0
334	7680.0	5383.0
335	7680.0	5383.0
336	7680.0	5383.0
337	7680.0	5383.0
338	7680.0	5383.0
339	7680.0	5383.0
340	7680.0	5636.0
341	7680.0	5383.0
342	7680.0	5383.0
343	7680.0	5383.0
344	7680.0	5383.0
345	7680.0	5383.0
346	7680.0	5383.0
347	7680.0	5383.0
348	7680.0	5383.0
349	7680.0	5383.0
350	7680.0	5383.0
351	7680.0	5383.0
352	7680.0	5383.0
353	7680.0	5383.0
354	7680.0	5383.0
355	7680.0	5383.0
356	7680.0	5383.0
357	7680.0	5383.0
358	7680.0	5383.0
359	7680.0	5383.0
360	7680.0	5684.0
361	7680.0	5383.0
362	7680.0	5383.0
363	7680.0	5383.0
364	7680.0	5383.0
365	7680.0	5383.0
366	7680.0	5383.0
367	7680.0	5383.0
368	7680.0	5383.0
369	7680.0	5383.0
370	7680.0	5383.0
371	7680.0	5383.0
372	7680.0	5383.0
373	7680.0	5383.0
374	7680.0	5383.0
375	7680.0	5383.0
376	7680.0	5383.0
377	7680.0	5383.0
378	7680.0	5383.0
379	7680.0	5383.0
380	7680.0	5665.0
381	7680.0	5383.0
382	7680.0	5383.0
383	7680.0	5383.0
384	7680.0	5383.0
385	7680.0	5383.0
386	7680.0	5383.0
387	7680.0	5383.0
388	7680.0	5383.0
389	7680.0	5383.0
390	7680.0	5383.0
391	7680.0	5383.0
392	7680.0	5383.0
393	7680.0	5383.0
394	7680.0	5383.0
395	7680.0	5383.0
396	7680.0	5383.0
397	7680.0	5383.0
398	7680.0	5383.0
399	7680.0	5383.0
400	7680.0	5645.0
401	7680.0	5383.0
402	7680.0	5383.0
403	7680.0	5383.0
404	7680.0	5383.0
405	7680.0	5383.0
406	7680.0	5383.0
407	7680.0	5383.0
408	7680.0	5383.0
409	7680.0	5383.0
410	7680.0	5383.0
411	7680.0	5383.0
412	7680.0	5383.0
413	7680.0	5383.0
414	7680.0	5383.0
415	7680.0	5383.0
416	7680.0	5383.0
417	7680.0	5383.0
418	7680.0	5383.0
419	7680.0	5383.0
420	7680.0	5662.0
421	7680.0	5383.0
422	7680.0	5383.0
423	7680.0	5383.0
424	7680.0	5383.0
425	7680.0	5383.0
426	7680.0	5383.0
427	7680.0	5383.0
428	7680.0	5383.0
429	7680.0	5383.0
430	7680.0	5383.0
431	7680.0	5383.0
432	7680.0	5383.0
433	7680.0	5383.0
434	7680.0	5383.0
435	7680.0	5383.0
436	7680.0	5383.0
437	7680.0	5383.0
438	7680.0	5647.0
439	7680.0	5647.0
440	7680.0	5701.0
441	7680.0	5647.0
442	7680.0	5647.0
443	7680.0	5647.0
444	7680.0	5647.0
445	7680.0	5647.0
446	7680.0	5647.0
447	7680.0	5647.0
448	7680.0	5647.0
449	7680.0	5647.0
450	7680.0	5647.0
451	7680.0	5647.0
452	7680.0	5647.0
453	7680.0	5647.0
454	7680.0	5647.0
455	7680.0	5647.0
456	7680.0	5647.0
457	7680.0	5647.0
458	7680.0	5647.0
459	7680.0	5647.0
460	7680.0	5665.0
461	7680.0	5647.0
462	7680.0	5647.0
463	7680.0	5647.0
464	7680.0	5647.0
465	7680.0	5647.0
466	7680.0	5647.0
467	7680.0	5647.0
468	7680.0	5647.0
469	7680.0	5647.0
470	7680.0	5662.0
471	7680.0	5662.0
472	7680.0	5662.0
473	7680.0	5662.0
474	7680.0	5662.0
475	7680.0	5662.0
476	7680.0	5662.0
477	7680.0	5662.0
478	7680.0	5662.0
479	7680.0	5662.0
480	7680.0	5701.0
481	7680.0	5662.0
482	7680.0	5662.0
483	7680.0	5662.0
484	7680.0	5662.0
485	7680.0	5662.0
486	7680.0	5662.0
487	7680.0	5662.0
488	7680.0	5662.0
489	7680.0	5662.0
490	7680.0	5662.0
491	7680.0	5662.0
492	7680.0	5662.0
493	7680.0	5662.0
494	7680.0	5662.0
495	7680.0	5662.0
496	7680.0	5662.0
497	7680.0	5662.0
498	7680.0	5662.0
499	7680.0	5662.0
500	7680.0	5662.0
501	7680.0	5662.0
502	7680.0	5662.0
503	7680.0	5662.0
504	7680.0	5662.0
505	7680.0	5662.0
506	7680.0	5662.0
507	7680.0	5662.0
508	7680.0	5662.0
509	7680.0	5662.0
510	7680.0	5662.0
511	7680.0	5662.0
512	7680.0	5662.0
513	7680.0	5662.0
514	7680.0	5662.0
515	7680.0	5662.0
516	7680.0	5662.0
517	7680.0	5662.0
518	7680.0	5662.0
519	7680.0	5662.0
520	7680.0	5665.0
521	7680.0	5662.0
522	7680.0	5662.0
523	7680.0	5662.0
524	7680.0	5662.0
525	7680.0	5662.0
526	7680.0	5662.0
527	7680.0	5662.0
528	7680.0	5662.0
529	7680.0	5662.0
530	7680.0	5662.0
531	7680.0	5662.0
532	7680.0	5662.0
533	7680.0	5662.0
534	7680.0	5662.0
535	7680.0	5662.0
536	7680.0	5662.0
537	7680.0	5662.0
538	7680.0	5662.0
539	7680.0	5665.0
540	7680.0	5701.0
541	7680.0	5665.0
542	7680.0	5665.0
543	7680.0	5665.0
544	7680.0	5665.0
545	7680.0	5665.0
546	7680.0	5665.0
547	7680.0	5665.0
548	7680.0	5665.0
549	7680.0	5665.0
550	7680.0	5665.0
551	7680.0	5665.0
552	7680.0	5665.0
553	7680.0	5665.0
554	7680.0	5665.0
555	7680.0	5665.0
556	7680.0	5665.0
557	7680.0	5665.0
558	7680.0	5665.0
559	7680.0	5665.0
560	7680.0	5819.0
561	7680.0	5665.0
562	7680.0	5665.0
563	7680.0	5665.0
564	7680.0	5665.0
565	7680.0	5665.0
566	7680.0	5665.0
567	7680.0	5665.0
568	7680.0	5665.0
569	7680.0	5665.0
570	7680.0	5665.0
571	7680.0	5665.0
572	7846.0	5665.0
573	7846.0	5665.0
574	7846.0	5665.0
575	7846.0	5665.0
576	7846.0	5665.0
577	7846.0	5665.0
578	7846.0	5665.0
579	7846.0	5665.0
580	7846.0	5704.0
581	7846.0	5665.0
582	7846.0	5665.0
583	7846.0	5665.0
584	7846.0	5665.0
585	7846.0	5665.0
586	7846.0	5665.0
587	7846.0	5665.0
588	7846.0	5665.0
589	7846.0	5665.0
590	7846.0	5665.0
591	7846.0	5665.0
592	7846.0	5665.0
593	7846.0	5665.0
594	7846.0	5665.0
595	7846.0	5665.0
596	7846.0	5665.0
597	7846.0	5665.0
598	7846.0	5665.0
599	7846.0	5665.0
600	7846.0	5869.0
601	7846.0	5665.0
602	7846.0	5665.0
603	7846.0	5665.0
604	7846.0	5665.0
605	7846.0	5665.0
606	7846.0	5665.0
607	7846.0	5665.0
608	7846.0	5665.0
609	7846.0	5665.0
610	7846.0	5665.0
611	7846.0	5665.0
612	7846.0	5665.0
613	7846.0	5665.0
614	7846.0	5665.0
615	7846.0	5665.0
616	7846.0	5665.0
617	7846.0	5665.0
618	7846.0	5665.0
619	7846.0	5665.0
620	7846.0	5704.0
621	7846.0	5665.0
622	7846.0	5665.0
623	7846.0	5665.0
624	7846.0	5665.0
625	7846.0	5665.0
626	7846.0	5665.0
627	7846.0	5665.0
628	7846.0	5665.0
629	7846.0	5665.0
630	7846.0	5665.0
631	7846.0	5665.0
632	7846.0	5665.0
633	7846.0	5665.0
634	7846.0	5665.0
635	7846.0	5665.0
636	7846.0	5665.0
637	7846.0	5665.0
638	7846.0	5665.0
639	7846.0	5665.0
640	7846.0	5827.0
641	7846.0	5665.0
642	7846.0	5665.0
643	7846.0	5665.0
644	7846.0	5665.0
645	7846.0	5665.0
646	7846.0	5665.0
647	7846.0	5665.0
648	7846.0	5665.0
649	7846.0	5665.0
650	7846.0	5665.0
651	7846.0	5665.0
652	7846.0	5665.0
653	7846.0	5665.0
654	7846.0	5665.0
655	7846.0	5665.0
656	7846.0	5665.0
657	7846.0	5665.0
658	7846.0	5680.0
659	7846.0	5680.0
660	7846.0	5880.0
661	7846.0	5680.0
662	7846.0	5680.0
663	7846.0	5680.0
664	7846.0	5680.0
665	7846.0	5680.0
666	7846.0	5680.0
667	7846.0	5680.0
668	7846.0	5680.0
669	7846.0	5680.0
670	7846.0	5680.0
671	7846.0	5680.0
672	7846.0	5680.0
673	7846.0	5680.0
674	7846.0	5680.0
675	7846.0	5680.0
676	7846.0	5680.0
677	7846.0	5680.0
678	7846.0	5680.0
679	7846.0	5680.0
680	7846.0	5704.0
681	7846.0	5680.0
682	7846.0	5680.0
683	7846.0	5680.0
684	7846.0	5680.0
685	7846.0	5680.0
686	7846.0	5680.0
687	7846.0	5680.0
688	7846.0	5680.0
689	7846.0	5680.0
690	7846.0	5680.0
691	7846.0	5680.0
692	7846.0	5680.0
693	7846.0	5680.0
694	7846.0	5680.0
695	7846.0	5680.0
696	7846.0	5680.0
697	7846.0	5680.0
698	7846.0	5680.0
699	7846.0	5680.0
700	7846.0	5855.0
701	7846.0	5680.0
702	7846.0	5680.0
703	7846.0	5680.0
704	7846.0	5680.0
705	7846.0	5680.0
706	7846.0	5680.0
707	7846.0	5680.0
708	7846.0	5680.0
709	7846.0	5680.0
710	7846.0	5680.0
711	7846.0	5680.0
712	7846.0	5680.0
713	7846.0	5680.0
714	7846.0	5680.0
715	7846.0	5680.0
716	7846.0	5680.0
717	7846.0	5680.0
718	7846.0	5680.0
719	7846.0	5680.0
720	7846.0	5827.0
721	7846.0	5680.0
722	7846.0	5680.0
723	7846.0	5680.0
724	7846.0	5680.0
725	7846.0	5680.0
726	7846.0	5704.0
727	7846.0	5704.0
728	7846.0	5704.0
729	7846.0	5704.0
730	7846.0	5704.0
731	7846.0	5704.0
732	7846.0	5704.0
733	7846.0	5704.0
734	7846.0	5704.0
735	7846.0	5704.0
736	7846.0	5704.0
737	7846.0	5704.0
738	7846.0	5704.0
739	7846.0	5704.0
740	7846.0	5880.0
741	7846.0	5773.0
742	7846.0	5773.0
743	7846.0	5773.0
744	7846.0	5773.0
745	7846.0	5773.0
746	7846.0	5773.0
747	7846.0	5773.0
748	7846.0	5773.0
749	7846.0	5773.0
750	7846.0	5773.0
751	7846.0	5773.0
752	7846.0	5773.0
753	7846.0	5773.0
754	7846.0	5773.0
755	7846.0	5773.0
756	7846.0	5773.0
757	7846.0	5773.0
758	7846.0	5773.0
759	7846.0	5773.0
760	7846.0	5912.0
761	7846.0	5773.0
762	7846.0	5773.0
763	7846.0	5773.0
764	7846.0	5773.0
765	7846.0	5773.0
766	7846.0	5773.0
767	7846.0	5773.0
768	7846.0	5773.0
769	7846.0	5773.0
770	7846.0	5773.0
771	7846.0	5773.0
772	7846.0	5773.0
773	7846.0	5773.0
774	7846.0	5773.0
775	7846.0	5773.0
776	7846.0	5773.0
777	7846.0	5773.0
778	7846.0	5773.0
779	7846.0	5773.0
780	7846.0	5875.0
781	7846.0	5773.0
782	7846.0	5773.0
783	7846.0	5773.0
784	7846.0	5773.0
785	7846.0	5773.0
786	7846.0	5773.0
787	7846.0	5773.0
788	7846.0	5773.0
789	7846.0	5773.0
790	7846.0	5773.0
791	7846.0	5773.0
792	7846.0	5773.0
793	7846.0	5773.0
794	7846.0	5773.0
795	7846.0	5773.0
796	7846.0	5773.0
797	7846.0	5773.0
798	7846.0	5773.0
799	7846.0	5773.0
800	7846.0	5925.0
801	7846.0	5773.0
802	7846.0	5773.0
803	7846.0	5773.0
804	7846.0	5773.0
805	7846.0	5773.0
806	7846.0	5773.0
807	7846.0	5773.0
808	7846.0	5773.0
809	7846.0	5773.0
810	7846.0	5773.0
811	7846.0	5773.0
812	7846.0	5773.0
813	7846.0	5773.0
814	7846.0	5773.0
815	7846.0	5773.0
816	7846.0	5773.0
817	7846.0	5773.0
818	7846.0	5773.0
819	7846.0	5773.0
820	7846.0	5894.0
821	7846.0	5773.0
822	7846.0	5773.0
823	7846.0	5773.0
824	7846.0	5773.0
825	7846.0	5773.0
826	7846.0	5773.0
827	7846.0	5773.0
828	7846.0	5773.0
829	7846.0	5773.0
830	7846.0	5773.0
831	7846.0	5773.0
832	7846.0	5773.0
833	7846.0	5773.0
834	7846.0	5773.0
835	7846.0	5773.0
836	7846.0	5773.0
837	7846.0	5773.0
838	7846.0	5773.0
839	7846.0	5773.0
840	7846.0	5831.0
841	7846.0	5773.0
842	7846.0	5773.0
843	7846.0	5775.0
844	7846.0	5775.0
845	7846.0	5775.0
846	7846.0	5775.0
847	7846.0	5775.0
848	7846.0	5775.0
849	7846.0	5775.0
850	7846.0	5775.0
851	7846.0	5775.0
852	7846.0	5775.0
853	7846.0	5775.0
854	7846.0	5775.0
855	7846.0	5775.0
856	7846.0	5775.0
857	7846.0	5775.0
858	7846.0	5775.0
859	7846.0	5775.0
860	7846.0	5916.0
861	7846.0	5775.0
862	7846.0	5775.0
863	7846.0	5775.0
864	7846.0	5775.0
865	7846.0	5775.0
866	7846.0	5775.0
867	7846.0	5775.0
868	7846.0	5775.0
869	7846.0	5775.0
870	7846.0	5775.0
871	7846.0	5775.0
872	7846.0	5775.0
873	7846.0	5775.0
874	7846.0	5775.0
875	7846.0	5775.0
876	7846.0	5775.0
877	7846.0	5775.0
878	7846.0	5775.0
879	7846.0	5775.0
880	7846.0	5831.0
881	7846.0	5775.0
882	7846.0	5775.0
883	7846.0	5775.0
884	7846.0	5775.0
885	7846.0	5775.0
886	7846.0	5775.0
887	7846.0	5775.0
888	7846.0	5775.0
889	7846.0	5775.0
890	7846.0	5775.0
891	7846.0	5775.0
892	7846.0	5775.0
893	7846.0	5775.0
894	7846.0	5775.0
895	7846.0	5775.0
896	7846.0	5775.0
897	7846.0	5775.0
898	7846.0	5775.0
899	7846.0	5775.0
900	7846.0	5916.0
901	7846.0	5775.0
902	7846.0	5775.0
903	7846.0	5775.0
904	7846.0	5775.0
905	7846.0	5775.0
906	7846.0	5775.0
907	7846.0	5775.0
908	7846.0	5775.0
909	7846.0	5775.0
910	7846.0	5775.0
911	7846.0	5775.0
912	7846.0	5775.0
913	7846.0	5775.0
914	7846.0	5775.0
915	7846.0	5775.0
916	7846.0	5775.0
917	7846.0	5775.0
918	7846.0	5775.0
919	7846.0	5775.0
920	7846.0	5775.0
921	7846.0	5775.0
922	7846.0	5775.0
923	7846.0	5775.0
924	7846.0	5775.0
925	7846.0	5775.0
926	7846.0	5775.0
927	7846.0	5775.0
928	7846.0	5775.0
929	7846.0	5775.0
930	7846.0	5775.0
931	7846.0	5775.0
932	7846.0	5775.0
933	7846.0	5775.0
934	7846.0	5775.0
935	7846.0	5775.0
936	7846.0	5775.0
937	7846.0	5775.0
938	7846.0	5775.0
939	7846.0	5775.0
940	7846.0	5932.0
941	7846.0	5775.0
942	7846.0	5775.0
943	7846.0	5775.0
944	7846.0	5775.0
945	7846.0	5785.0
946	7846.0	5785.0
947	7846.0	5785.0
948	7846.0	5785.0
949	7846.0	5785.0
950	7846.0	5785.0
951	7846.0	5785.0
952	7846.0	5785.0
953	7846.0	5785.0
954	7846.0	5785.0
955	7846.0	5785.0
956	7846.0	5785.0
957	7846.0	5785.0
958	7846.0	5785.0
959	7846.0	5785.0
960	7846.0	5785.0
961	7846.0	5785.0
962	7846.0	5785.0
963	7846.0	5785.0
964	7846.0	5785.0
965	7846.0	5785.0
966	7846.0	5785.0
967	7846.0	5785.0
968	7846.0	5785.0
969	7846.0	5785.0
970	7846.0	5785.0
971	7846.0	5785.0
972	7846.0	5785.0
973	7846.0	5785.0
974	7846.0	5785.0
975	7846.0	5785.0
976	7846.0	5785.0
977	7846.0	5785.0
978	7846.0	5785.0
979	7846.0	5785.0
980	7846.0	5916.0
981	7846.0	5785.0
982	7846.0	5785.0
983	7846.0	5785.0
984	7846.0	5785.0
985	7846.0	5785.0
986	7846.0	5785.0
987	7846.0	5785.0
988	7846.0	5785.0
989	7846.0	5785.0
990	7846.0	5785.0
991	7846.0	5785.0
992	7846.0	5785.0
993	7846.0	5785.0
994	7846.0	5785.0
995	7846.0	5785.0
996	7846.0	5785.0
997	7846.0	5785.0
998	7846.0	5785.0
999	7846.0	5785.0
1000	7846.0	5916.0
