0	6353.0	2340.0
1	6533.0	3026.0
2	6976.0	3302.0
3	6976.0	3507.0
4	6976.0	3648.0
5	6976.0	3708.0
6	6976.0	3829.0
7	6976.0	3863.0
8	6976.0	3973.0
9	6976.0	3973.0
10	6976.0	3973.0
11	6976.0	3973.0
12	6976.0	3979.0
13	6976.0	3979.0
14	6976.0	4338.0
15	6991.0	4370.0
16	6991.0	4370.0
17	6991.0	4370.0
18	6991.0	4406.0
19	6991.0	4406.0
20	6991.0	4682.0
21	6991.0	4519.0
22	6991.0	4519.0
23	6991.0	4519.0
24	6991.0	4519.0
25	6991.0	4519.0
26	6991.0	4519.0
27	6991.0	4519.0
28	6991.0	4519.0
29	6991.0	4519.0
30	7350.0	4519.0
31	7350.0	4682.0
32	7350.0	4682.0
33	7350.0	4682.0
34	7350.0	4682.0
35	7350.0	4724.0
36	7350.0	4754.0
37	7350.0	4754.0
38	7350.0	4754.0
39	7350.0	4754.0
40	7350.0	4894.0
41	7350.0	4754.0
42	7350.0	4894.0
43	7350.0	4894.0
44	7350.0	4894.0
45	7350.0	4894.0
46	7350.0	4897.0
47	7350.0	4897.0
48	7350.0	4897.0
49	7350.0	4897.0
50	7350.0	4897.0
51	7350.0	4897.0
52	7350.0	4897.0
53	7350.0	4937.0
54	7350.0	4937.0
55	7350.0	4937.0
56	7350.0	4937.0
57	7350.0	4937.0
58	7350.0	4937.0
59	7350.0	4937.0
60	7350.0	5043.0
61	7350.0	4937.0
62	7350.0	4937.0
63	7350.0	4937.0
64	7350.0	4937.0
65	7350.0	4937.0
66	7350.0	4937.0
67	7350.0	4937.0
68	7350.0	4937.0
69	7350.0	4937.0
70	7350.0	5013.0
71	7350.0	5013.0
72	7350.0	5013.0
73	7350.0	5013.0
74	7350.0	5013.0
75	7350.0	5013.0
76	7350.0	5013.0
77	7350.0	5013.0
78	7350.0	5013.0
79	7350.0	5013.0
80	7350.0	5043.0
81	7350.0	5013.0
82	7350.0	5013.0
83	7350.0	5013.0
84	7350.0	5013.0
85	7350.0	5013.0
86	7350.0	5013.0
87	7350.0	5013.0
88	7350.0	5013.0
89	7350.0	5013.0
90	7350.0	5013.0
91	7350.0	5013.0
92	7350.0	5013.0
93	7350.0	5013.0
94	7350.0	5013.0
95	7350.0	5013.0
96	7350.0	5013.0
97	7350.0	5013.0
98	7350.0	5013.0
99	7350.0	5013.0
100	7350.0	5013.0
101	7350.0	5013.0
102	7350.0	5216.0
103	7350.0	5216.0
104	7350.0	5216.0
105	7350.0	5216.0
106	7350.0	5241.0
107	7502.0	5241.0
108	7502.0	5241.0
109	7502.0	5241.0
110	7502.0	5241.0
111	7502.0	5241.0
112	7502.0	5270.0
113	7502.0	5270.0
114	7502.0	5270.0
115	7502.0	5270.0
116	7502.0	5270.0
117	7502.0	5270.0
118	7502.0	5270.0
119	7502.0	5270.0
120	7502.0	5360.0
121	7502.0	5282.0
122	7502.0	5282.0
123	7502.0	5282.0
124	7502.0	5282.0
125	7502.0	5282.0
126	7502.0	5282.0
127	7502.0	5282.0
128	7502.0	5282.0
129	7502.0	5282.0
130	7502.0	5282.0
131	7502.0	5282.0
132	7502.0	5282.0
133	7502.0	5282.0
134	7502.0	5282.0
135	7502.0	5282.0
136	7502.0	5282.0
137	7502.0	5282.0
138	7502.0	5282.0
139	7502.0	5282.0
140	7502.0	5358.0
141	7502.0	5282.0
142	7502.0	5282.0
143	7502.0	5348.0
144	7502.0	5348.0
145	7502.0	5348.0
146	7502.0	5348.0
147	7502.0	5348.0
148	7502.0	5348.0
149	7502.0	5348.0
150	7502.0	5348.0
151	7502.0	5348.0
152	7502.0	5348.0
153	7502.0	5348.0
154	7502.0	5348.0
155	7502.0	5348.0
156	7502.0	5348.0
157	7502.0	5348.0
158	7502.0	5348.0
159	7502.0	5348.0
160	7502.0	5348.0
161	7545.0	5348.0
162	7883.0	5348.0
163	7883.0	5348.0
164	7883.0	5348.0
165	7883.0	5348.0
166	7883.0	5348.0
167	7883.0	5348.0
168	7883.0	5348.0
169	7883.0	5348.0
170	7883.0	5348.0
171	7883.0	5348.0
172	7883.0	5348.0
173	7883.0	5348.0
174	7883.0	5348.0
175	7883.0	5348.0
176	7883.0	5348.0
177	7883.0	5348.0
178	7883.0	5348.0
179	7883.0	5348.0
180	7883.0	5358.0
181	7883.0	5348.0
182	7883.0	5348.0
183	7883.0	5348.0
184	7883.0	5348.0
185	7883.0	5348.0
186	7883.0	5348.0
187	7883.0	5348.0
188	7883.0	5348.0
189	7883.0	5348.0
190	7883.0	5348.0
191	7883.0	5348.0
192	7883.0	5348.0
193	7883.0	5348.0
194	7883.0	5348.0
195	7883.0	5348.0
196	7883.0	5348.0
197	7883.0	5348.0
198	7883.0	5348.0
199	7883.0	5348.0
200	7883.0	5358.0
201	7883.0	5348.0
202	7883.0	5348.0
203	7883.0	5348.0
204	7883.0	5348.0
205	7883.0	5348.0
206	7883.0	5348.0
207	7883.0	5348.0
208	7883.0	5348.0
209	7883.0	5348.0
210	7883.0	5348.0
211	7883.0	5348.0
212	7883.0	5348.0
213	7883.0	5348.0
214	7883.0	5348.0
215	7883.0	5348.0
216	7883.0	5348.0
217	7883.0	5348.0
218	7883.0	5348.0
219	7883.0	5348.0
220	7883.0	5348.0
221	7883.0	5348.0
222	7883.0	5348.0
223	7883.0	5348.0
224	7883.0	5348.0
225	7883.0	5348.0
226	7883.0	5348.0
227	7883.0	5348.0
228	7883.0	5348.0
229	7883.0	5348.0
230	7883.0	5348.0
231	7883.0	5348.0
232	7883.0	5348.0
233	7883.0	5348.0
234	7883.0	5348.0
235	7883.0	5348.0
236	7883.0	5348.0
237	7883.0	5348.0
238	7883.0	5348.0
239	7883.0	5348.0
240	7883.0	5348.0
241	7883.0	5348.0
242	7883.0	5348.0
243	7883.0	5348.0
244	7883.0	5348.0
245	7883.0	5348.0
246	7883.0	5348.0
247	7883.0	5348.0
248	7883.0	5348.0
249	7883.0	5348.0
250	7883.0	5348.0
251	7883.0	5348.0
252	7883.0	5348.0
253	7883.0	5348.0
254	7883.0	5348.0
255	7883.0	5348.0
256	7883.0	5348.0
257	7883.0	5348.0
258	7883.0	5348.0
259	7883.0	5348.0
260	7883.0	5574.0
261	7883.0	5348.0
262	7883.0	5348.0
263	7883.0	5348.0
264	7883.0	5348.0
265	7883.0	5348.0
266	7883.0	5348.0
267	7883.0	5348.0
268	7883.0	5348.0
269	7883.0	5348.0
270	7883.0	5348.0
271	7883.0	5348.0
272	7883.0	5348.0
273	7883.0	5348.0
274	7883.0	5348.0
275	7883.0	5348.0
276	7883.0	5348.0
277	7883.0	5348.0
278	7883.0	5348.0
279	7883.0	5348.0
280	7883.0	5416.0
281	7883.0	5416.0
282	7883.0	5416.0
283	7883.0	5416.0
284	7883.0	5416.0
285	7883.0	5416.0
286	7883.0	5416.0
287	7883.0	5416.0
288	7883.0	5416.0
289	7883.0	5416.0
290	7883.0	5416.0
291	7883.0	5416.0
292	7883.0	5416.0
293	7883.0	5416.0
294	7883.0	5416.0
295	7883.0	5416.0
296	7883.0	5416.0
297	7883.0	5416.0
298	7883.0	5416.0
299	7883.0	5416.0
300	7883.0	5602.0
301	7883.0	5416.0
302	7883.0	5416.0
303	7883.0	5416.0
304	7883.0	5416.0
305	7883.0	5416.0
306	7883.0	5416.0
307	7883.0	5416.0
308	7883.0	5416.0
309	7883.0	5416.0
310	7883.0	5416.0
311	7883.0	5416.0
312	7883.0	5416.0
313	7883.0	5416.0
314	7883.0	5416.0
315	7883.0	5416.0
316	7883.0	5416.0
317	7883.0	5416.0
318	7883.0	5416.0
319	7883.0	5416.0
320	7883.0	5437.0
321	7883.0	5416.0
322	7883.0	5416.0
323	7883.0	5416.0
324	7883.0	5416.0
325	7883.0	5416.0
326	7883.0	5416.0
327	7883.0	5416.0
328	7883.0	5416.0
329	7883.0	5416.0
330	7883.0	5416.0
331	7883.0	5416.0
332	7883.0	5416.0
333	7883.0	5416.0
334	7883.0	5416.0
335	7883.0	5416.0
336	7883.0	5416.0
337	7883.0	5416.0
338	7883.0	5416.0
339	7883.0	5416.0
340	7883.0	5552.0
341	7883.0	5416.0
342	7883.0	5416.0
343	7883.0	5416.0
344	7883.0	5416.0
345	7883.0	5437.0
346	7883.0	5437.0
347	7883.0	5437.0
348	7883.0	5437.0
349	7883.0	5437.0
350	7883.0	5437.0
351	7883.0	5437.0
352	7883.0	5437.0
353	7883.0	5437.0
354	7883.0	5437.0
355	7883.0	5437.0
356	7883.0	5437.0
357	7883.0	5437.0
358	7883.0	5437.0
359	7883.0	5437.0
360	7883.0	5725.0
361	7883.0	5437.0
362	7883.0	5437.0
363	7883.0	5437.0
364	7883.0	5437.0
365	7883.0	5437.0
366	7883.0	5437.0
367	7883.0	5437.0
368	7883.0	5437.0
369	7883.0	5437.0
370	7883.0	5437.0
371	7883.0	5437.0
372	7883.0	5437.0
373	7883.0	5437.0
374	7883.0	5437.0
375	7883.0	5437.0
376	7883.0	5437.0
377	7883.0	5437.0
378	7883.0	5437.0
379	7883.0	5437.0
380	7883.0	5612.0
381	7883.0	5437.0
382	7883.0	5437.0
383	7883.0	5437.0
384	7883.0	5437.0
385	7883.0	5437.0
386	7883.0	5437.0
387	7883.0	5437.0
388	7883.0	5437.0
389	7883.0	5437.0
390	7883.0	5437.0
391	7883.0	5437.0
392	7883.0	5437.0
393	7883.0	5437.0
394	7883.0	5437.0
395	7883.0	5437.0
396	7883.0	5437.0
397	7883.0	5437.0
398	7883.0	5437.0
399	7883.0	5437.0
400	7883.0	5661.0
401	7883.0	5437.0
402	7883.0	5437.0
403	7883.0	5437.0
404	7883.0	5437.0
405	7883.0	5564.0
406	7883.0	5564.0
407	7883.0	5564.0
408	7883.0	5564.0
409	7883.0	5564.0
410	7883.0	5564.0
411	7883.0	5564.0
412	7883.0	5564.0
413	7883.0	5564.0
414	7883.0	5564.0
415	7883.0	5605.0
416	7883.0	5605.0
417	7883.0	5605.0
418	7883.0	5605.0
419	7883.0	5605.0
420	7883.0	5678.0
421	7883.0	5605.0
422	7883.0	5605.0
423	7883.0	5605.0
424	7883.0	5605.0
425	7883.0	5605.0
426	7883.0	5605.0
427	7883.0	5605.0
428	7883.0	5605.0
429	7883.0	5605.0
430	7883.0	5605.0
431	7883.0	5605.0
432	7883.0	5605.0
433	7883.0	5605.0
434	7883.0	5605.0
435	7883.0	5605.0
436	7883.0	5605.0
437	7883.0	5605.0
438	7883.0	5605.0
439	7883.0	5605.0
440	7883.0	5688.0
441	7883.0	5605.0
442	7883.0	5605.0
443	7883.0	5605.0
444	7883.0	5605.0
445	7883.0	5605.0
446	7883.0	5605.0
447	7883.0	5605.0
448	7883.0	5605.0
449	7883.0	5605.0
450	7883.0	5605.0
451	7883.0	5605.0
452	7883.0	5605.0
453	7883.0	5605.0
454	7883.0	5605.0
455	7883.0	5605.0
456	7883.0	5605.0
457	7883.0	5605.0
458	7883.0	5605.0
459	7883.0	5605.0
460	7883.0	5672.0
461	7883.0	5605.0
462	7883.0	5605.0
463	7883.0	5672.0
464	7883.0	5672.0
465	7883.0	5672.0
466	7883.0	5672.0
467	7883.0	5672.0
468	7883.0	5672.0
469	7883.0	5672.0
470	7883.0	5672.0
471	7883.0	5672.0
472	7883.0	5672.0
473	7883.0	5672.0
474	7883.0	5672.0
475	7883.0	5672.0
476	7883.0	5672.0
477	7883.0	5672.0
478	7883.0	5672.0
479	7883.0	5672.0
480	7883.0	5672.0
481	7883.0	5672.0
482	7883.0	5672.0
483	7883.0	5672.0
484	7883.0	5672.0
485	7883.0	5672.0
486	7883.0	5672.0
487	7883.0	5672.0
488	7883.0	5672.0
489	7883.0	5672.0
490	7883.0	5672.0
491	7883.0	5672.0
492	7883.0	5672.0
493	7883.0	5672.0
494	7883.0	5672.0
495	7883.0	5672.0
496	7883.0	5672.0
497	7883.0	5672.0
498	7883.0	5672.0
499	7883.0	5672.0
500	7883.0	5672.0
501	7883.0	5672.0
502	7883.0	5672.0
503	7883.0	5672.0
504	7883.0	5672.0
505	7883.0	5672.0
506	7883.0	5672.0
507	7883.0	5672.0
508	7883.0	5672.0
509	7883.0	5672.0
510	7883.0	5672.0
511	7883.0	5672.0
512	7883.0	5672.0
513	7883.0	5672.0
514	7883.0	5672.0
515	7883.0	5672.0
516	7883.0	5672.0
517	7883.0	5672.0
518	7883.0	5672.0
519	7883.0	5672.0
520	7883.0	5768.0
521	7883.0	5672.0
522	7883.0	5672.0
523	7883.0	5672.0
524	7883.0	5672.0
525	7883.0	5672.0
526	7883.0	5672.0
527	7883.0	5672.0
528	7883.0	5672.0
529	7883.0	5672.0
530	7883.0	5672.0
531	7883.0	5672.0
532	7883.0	5672.0
533	7883.0	5672.0
534	7883.0	5672.0
535	7883.0	5672.0
536	7883.0	5672.0
537	7883.0	5672.0
538	7883.0	5672.0
539	7883.0	5672.0
540	7883.0	5768.0
541	7883.0	5672.0
542	7883.0	5672.0
543	7883.0	5672.0
544	7883.0	5672.0
545	7883.0	5672.0
546	7883.0	5672.0
547	7883.0	5672.0
548	7883.0	5672.0
549	7883.0	5672.0
550	7883.0	5672.0
551	7883.0	5672.0
552	7883.0	5672.0
553	7883.0	5688.0
554	7883.0	5688.0
555	7883.0	5688.0
556	7883.0	5688.0
557	7883.0	5688.0
558	7883.0	5688.0
559	7883.0	5688.0
560	7883.0	5801.0
561	7883.0	5688.0
562	7883.0	5688.0
563	7883.0	5688.0
564	7883.0	5688.0
565	7883.0	5688.0
566	7883.0	5688.0
567	7883.0	5688.0
568	7883.0	5688.0
569	7883.0	5688.0
570	7883.0	5688.0
571	7883.0	5688.0
572	7883.0	5688.0
573	7883.0	5688.0
574	7883.0	5688.0
575	7883.0	5688.0
576	7883.0	5688.0
577	7883.0	5688.0
578	7883.0	5688.0
579	7883.0	5688.0
580	7883.0	5813.0
581	7883.0	5688.0
582	7883.0	5688.0
583	7883.0	5688.0
584	7883.0	5688.0
585	7883.0	5688.0
586	7883.0	5688.0
587	7883.0	5688.0
588	7883.0	5688.0
589	7883.0	5688.0
590	7883.0	5688.0
591	7883.0	5688.0
592	7883.0	5688.0
593	7883.0	5688.0
594	7883.0	5688.0
595	7883.0	5688.0
596	7883.0	5688.0
597	7883.0	5688.0
598	7883.0	5688.0
599	7883.0	5688.0
600	7883.0	5795.0
601	7883.0	5688.0
602	7883.0	5688.0
603	7883.0	5688.0
604	7883.0	5688.0
605	7883.0	5688.0
606	7883.0	5688.0
607	7883.0	5688.0
608	7883.0	5688.0
609	7883.0	5688.0
610	7883.0	5688.0
611	7883.0	5688.0
612	7883.0	5688.0
613	7883.0	5688.0
614	7883.0	5688.0
615	7883.0	5688.0
616	7883.0	5795.0
617	7883.0	5795.0
618	7883.0	5795.0
619	7883.0	5795.0
620	7883.0	5795.0
621	7883.0	5795.0
622	7883.0	5795.0
623	7883.0	5795.0
624	7883.0	5795.0
625	7883.0	5795.0
626	7883.0	5795.0
627	7883.0	5795.0
628	7883.0	5795.0
629	7883.0	5795.0
630	7883.0	5795.0
631	7883.0	5795.0
632	7883.0	5795.0
633	7883.0	5795.0
634	7883.0	5795.0
635	7883.0	5795.0
636	7883.0	5795.0
637	7883.0	5795.0
638	7883.0	5795.0
639	7883.0	5795.0
640	7883.0	5888.0
641	7883.0	5795.0
642	7883.0	5795.0
643	7883.0	5795.0
644	7883.0	5806.0
645	7883.0	5806.0
646	7883.0	5806.0
647	7883.0	5806.0
648	7883.0	5806.0
649	7883.0	5806.0
650	7883.0	5806.0
651	7883.0	5806.0
652	7883.0	5806.0
653	7883.0	5806.0
654	7883.0	5806.0
655	7883.0	5806.0
656	7883.0	5806.0
657	7883.0	5806.0
658	7883.0	5806.0
659	7883.0	5806.0
660	7883.0	5811.0
661	7883.0	5806.0
662	7883.0	5806.0
663	7883.0	5806.0
664	7883.0	5806.0
665	7883.0	5806.0
666	7883.0	5806.0
667	7883.0	5806.0
668	7883.0	5806.0
669	7883.0	5806.0
670	7883.0	5806.0
671	7883.0	5806.0
672	7883.0	5806.0
673	7883.0	5806.0
674	7883.0	5806.0
675	7883.0	5806.0
676	7883.0	5806.0
677	7883.0	5806.0
678	7883.0	5806.0
679	7883.0	5806.0
680	7883.0	5806.0
681	7883.0	5806.0
682	7883.0	5806.0
683	7883.0	5806.0
684	7883.0	5806.0
685	7883.0	5806.0
686	7883.0	5806.0
687	7883.0	5806.0
688	7883.0	5806.0
689	7883.0	5806.0
690	7883.0	5806.0
691	7883.0	5806.0
692	7883.0	5806.0
693	7883.0	5806.0
694	7883.0	5806.0
695	7883.0	5806.0
696	7883.0	5806.0
697	8239.0	5806.0
698	8239.0	5806.0
699	8239.0	5806.0
700	8239.0	5806.0
701	8239.0	5806.0
702	8239.0	5806.0
703	8239.0	5806.0
704	8239.0	5806.0
705	8239.0	5806.0
706	8239.0	5806.0
707	8239.0	5806.0
708	8239.0	5806.0
709	8239.0	5806.0
710	8239.0	5806.0
711	8239.0	5806.0
712	8239.0	5806.0
713	8239.0	5806.0
714	8239.0	5806.0
715	8239.0	5806.0
716	8239.0	5806.0
717	8239.0	5806.0
718	8239.0	5806.0
719	8239.0	5806.0
720	8239.0	5811.0
721	8239.0	5806.0
722	8239.0	5806.0
723	8239.0	5806.0
724	8239.0	5806.0
725	8239.0	5806.0
726	8239.0	5806.0
727	8239.0	5806.0
728	8239.0	5806.0
729	8239.0	5806.0
730	8239.0	5806.0
731	8239.0	5806.0
732	8239.0	5806.0
733	8239.0	5806.0
734	8239.0	5806.0
735	8239.0	5806.0
736	8239.0	5806.0
737	8239.0	5806.0
738	8239.0	5806.0
739	8239.0	5806.0
740	8239.0	5822.0
741	8239.0	5806.0
742	8239.0	5806.0
743	8239.0	5806.0
744	8239.0	5806.0
745	8239.0	5806.0
746	8239.0	5806.0
747	8239.0	5806.0
748	8239.0	5806.0
749	8239.0	5806.0
750	8239.0	5806.0
751	8239.0	5806.0
752	8239.0	5806.0
753	8239.0	5806.0
754	8239.0	5806.0
755	8239.0	5806.0
756	8239.0	5806.0
757	8239.0	5806.0
758	8239.0	5806.0
759	8239.0	5806.0
760	8239.0	5903.0
761	8239.0	5806.0
762	8239.0	5806.0
763	8239.0	5806.0
764	8239.0	5806.0
765	8239.0	5806.0
766	8239.0	5806.0
767	8239.0	5806.0
768	8239.0	5806.0
769	8239.0	5806.0
770	8239.0	5806.0
771	8239.0	5806.0
772	8239.0	5806.0
773	8239.0	5806.0
774	8239.0	5806.0
775	8239.0	5806.0
776	8239.0	5806.0
777	8239.0	5806.0
778	8239.0	5806.0
779	8239.0	5806.0
780	8239.0	5806.0
781	8239.0	5806.0
782	8239.0	5806.0
783	8239.0	5806.0
784	8239.0	5806.0
785	8239.0	5806.0
786	8239.0	5806.0
787	8239.0	5806.0
788	8239.0	5806.0
789	8239.0	5806.0
790	8239.0	5806.0
791	8239.0	5806.0
792	8239.0	5806.0
793	8239.0	5806.0
794	8239.0	5806.0
795	8239.0	5806.0
796	8239.0	5806.0
797	8239.0	5806.0
798	8239.0	5806.0
799	8239.0	5806.0
800	8239.0	5886.0
801	8239.0	5806.0
802	8239.0	5806.0
803	8239.0	5806.0
804	8239.0	5806.0
805	8239.0	5806.0
806	8239.0	5806.0
807	8239.0	5806.0
808	8239.0	5806.0
809	8239.0	5806.0
810	8239.0	5806.0
811	8239.0	5806.0
812	8239.0	5806.0
813	8239.0	5806.0
814	8239.0	5806.0
815	8239.0	5806.0
816	8239.0	5806.0
817	8239.0	5806.0
818	8239.0	5806.0
819	8239.0	5806.0
820	8239.0	5806.0
821	8239.0	5806.0
822	8239.0	5806.0
823	8239.0	5806.0
824	8239.0	5806.0
825	8239.0	5806.0
826	8239.0	5806.0
827	8239.0	5806.0
828	8239.0	5806.0
829	8239.0	5806.0
830	8239.0	5806.0
831	8239.0	5806.0
832	8239.0	5806.0
833	8239.0	5806.0
834	8239.0	5806.0
835	8239.0	5806.0
836	8239.0	5806.0
837	8239.0	5806.0
838	8239.0	5806.0
839	8239.0	5806.0
840	8239.0	5806.0
841	8239.0	5806.0
842	8239.0	5806.0
843	8239.0	5806.0
844	8239.0	5806.0
845	8239.0	5806.0
846	8239.0	5806.0
847	8239.0	5806.0
848	8239.0	5806.0
849	8239.0	5806.0
850	8239.0	5806.0
851	8239.0	5806.0
852	8239.0	5806.0
853	8239.0	5806.0
854	8239.0	5806.0
855	8239.0	5806.0
856	8239.0	5806.0
857	8239.0	5806.0
858	8239.0	5806.0
859	8239.0	5806.0
860	8239.0	5888.0
861	8239.0	5848.0
862	8239.0	5848.0
863	8239.0	5848.0
864	8239.0	5848.0
865	8239.0	5848.0
866	8239.0	5848.0
867	8239.0	5848.0
868	8239.0	5848.0
869	8239.0	5848.0
870	8239.0	5848.0
871	8239.0	5848.0
872	8239.0	5848.0
873	8239.0	5848.0
874	8239.0	5848.0
875	8239.0	5848.0
876	8239.0	5848.0
877	8239.0	5848.0
878	8239.0	5848.0
879	8239.0	5848.0
880	8239.0	5848.0
881	8239.0	5848.0
882	8239.0	5848.0
883	8239.0	5848.0
884	8239.0	5848.0
885	8239.0	5848.0
886	8239.0	5848.0
887	8239.0	5848.0
888	8239.0	5848.0
889	8239.0	5848.0
890	8239.0	5848.0
891	8239.0	5848.0
892	8239.0	5848.0
893	8239.0	5848.0
894	8239.0	5848.0
895	8239.0	5848.0
896	8239.0	5848.0
897	8239.0	5848.0
898	8239.0	5848.0
899	8239.0	5848.0
900	8239.0	5848.0
901	8239.0	5848.0
902	8239.0	5848.0
903	8239.0	5848.0
904	8239.0	5848.0
905	8239.0	5848.0
906	8239.0	5848.0
907	8239.0	5848.0
908	8239.0	5848.0
909	8239.0	5848.0
910	8239.0	5848.0
911	8239.0	5848.0
912	8239.0	5848.0
913	8239.0	5848.0
914	8239.0	5848.0
915	8239.0	5848.0
916	8239.0	5848.0
917	8239.0	5848.0
918	8239.0	5848.0
919	8239.0	5848.0
920	8239.0	5848.0
921	8239.0	5848.0
922	8239.0	5848.0
923	8239.0	5848.0
924	8239.0	5848.0
925	8239.0	5848.0
926	8239.0	5848.0
927	8239.0	5848.0
928	8239.0	5848.0
929	8239.0	5848.0
930	8239.0	5848.0
931	8239.0	5848.0
932	8239.0	5848.0
933	8239.0	5848.0
934	8239.0	5848.0
935	8239.0	5848.0
936	8239.0	5848.0
937	8239.0	5848.0
938	8239.0	5848.0
939	8239.0	5848.0
940	8239.0	5896.0
941	8239.0	5848.0
942	8239.0	5848.0
943	8239.0	5848.0
944	8239.0	5848.0
945	8239.0	5848.0
946	8239.0	5848.0
947	8239.0	5848.0
948	8239.0	5848.0
949	8239.0	5848.0
950	8239.0	5848.0
951	8239.0	5848.0
952	8239.0	5848.0
953	8239.0	5848.0
954	8239.0	5848.0
955	8239.0	5848.0
956	8239.0	5848.0
957	8239.0	5848.0
958	8239.0	5848.0
959	8239.0	5880.0
960	8239.0	5888.0
961	8239.0	5880.0
962	8239.0	5880.0
963	8239.0	5880.0
964	8239.0	5880.0
965	8239.0	5880.0
966	8239.0	5880.0
967	8239.0	5880.0
968	8239.0	5880.0
969	8239.0	5880.0
970	8239.0	5880.0
971	8239.0	5880.0
972	8239.0	5886.0
973	8239.0	5886.0
974	8239.0	5886.0
975	8239.0	5886.0
976	8239.0	5886.0
977	8239.0	5886.0
978	8239.0	5886.0
979	8239.0	5886.0
980	8239.0	5896.0
981	8239.0	5886.0
982	8239.0	5886.0
983	8239.0	5886.0
984	8239.0	5886.0
985	8239.0	5886.0
986	8239.0	5886.0
987	8239.0	5886.0
988	8239.0	5886.0
989	8239.0	5886.0
990	8239.0	5886.0
991	8239.0	5886.0
992	8239.0	5886.0
993	8239.0	5886.0
994	8239.0	5886.0
995	8239.0	5886.0
996	8239.0	5886.0
997	8239.0	5886.0
998	8239.0	5886.0
999	8239.0	5886.0
1000	8239.0	5968.0
