0	6433.0	2516.0
1	6533.0	3055.0
2	6612.0	3200.0
3	6824.0	3279.0
4	6824.0	3704.0
5	6824.0	3805.0
6	6824.0	3889.0
7	6824.0	3943.0
8	6824.0	3988.0
9	6824.0	3988.0
10	6824.0	3988.0
11	6824.0	3988.0
12	6824.0	4245.0
13	6824.0	4328.0
14	7205.0	4328.0
15	7205.0	4328.0
16	7205.0	4363.0
17	7205.0	4363.0
18	7205.0	4363.0
19	7205.0	4386.0
20	7205.0	4578.0
21	7205.0	4386.0
22	7205.0	4386.0
23	7205.0	4386.0
24	7205.0	4386.0
25	7205.0	4386.0
26	7205.0	4386.0
27	7205.0	4386.0
28	7205.0	4386.0
29	7205.0	4597.0
30	7205.0	4597.0
31	7425.0	4597.0
32	7425.0	4607.0
33	7425.0	4607.0
34	7425.0	4607.0
35	7425.0	4661.0
36	7425.0	4661.0
37	7425.0	4661.0
38	7425.0	4661.0
39	7425.0	4661.0
40	7425.0	5018.0
41	7425.0	4661.0
42	7425.0	4661.0
43	7425.0	4661.0
44	7425.0	4661.0
45	7425.0	4661.0
46	7425.0	4817.0
47	7425.0	4817.0
48	7425.0	4817.0
49	7425.0	4817.0
50	7425.0	4817.0
51	7425.0	4817.0
52	7425.0	4817.0
53	7425.0	4817.0
54	7425.0	4817.0
55	7425.0	4817.0
56	7425.0	4817.0
57	7425.0	5003.0
58	7425.0	5003.0
59	7425.0	5003.0
60	7425.0	5091.0
61	7425.0	5003.0
62	7425.0	5003.0
63	7425.0	5003.0
64	7425.0	5012.0
65	7425.0	5012.0
66	7425.0	5012.0
67	7425.0	5012.0
68	7425.0	5012.0
69	7425.0	5012.0
70	7425.0	5012.0
71	7425.0	5012.0
72	7425.0	5083.0
73	7425.0	5083.0
74	7425.0	5083.0
75	7425.0	5083.0
76	7425.0	5083.0
77	7425.0	5182.0
78	7425.0	5182.0
79	7425.0	5182.0
80	7425.0	5251.0
81	7425.0	5182.0
82	7425.0	5182.0
83	7425.0	5182.0
84	7425.0	5182.0
85	7425.0	5182.0
86	7425.0	5182.0
87	7425.0	5182.0
88	7425.0	5182.0
89	7425.0	5182.0
90	7425.0	5182.0
91	7425.0	5182.0
92	7425.0	5182.0
93	7425.0	5182.0
94	7425.0	5200.0
95	7425.0	5200.0
96	7425.0	5200.0
97	7425.0	5200.0
98	7425.0	5200.0
99	7425.0	5200.0
100	7425.0	5214.0
101	7425.0	5200.0
102	7425.0	5200.0
103	7425.0	5200.0
104	7425.0	5200.0
105	7425.0	5200.0
106	7425.0	5200.0
107	7425.0	5200.0
108	7425.0	5200.0
109	7425.0	5200.0
110	7425.0	5200.0
111	7425.0	5200.0
112	7425.0	5200.0
113	7425.0	5200.0
114	7425.0	5200.0
115	7425.0	5200.0
116	7425.0	5200.0
117	7425.0	5200.0
118	7425.0	5200.0
119	7425.0	5200.0
120	7425.0	5415.0
121	7425.0	5200.0
122	7425.0	5200.0
123	7425.0	5200.0
124	7425.0	5200.0
125	7425.0	5200.0
126	7425.0	5200.0
127	7425.0	5200.0
128	7425.0	5200.0
129	7425.0	5200.0
130	7425.0	5200.0
131	7425.0	5200.0
132	7425.0	5200.0
133	7425.0	5288.0
134	7425.0	5288.0
135	7425.0	5288.0
136	7425.0	5288.0
137	7425.0	5288.0
138	7425.0	5288.0
139	7425.0	5288.0
140	7425.0	5394.0
141	7425.0	5288.0
142	7425.0	5288.0
143	7425.0	5288.0
144	7425.0	5288.0
145	7425.0	5288.0
146	7425.0	5288.0
147	7425.0	5288.0
148	7425.0	5318.0
149	7425.0	5318.0
150	7425.0	5321.0
151	7425.0	5321.0
152	7425.0	5321.0
153	7425.0	5321.0
154	7425.0	5321.0
155	7425.0	5321.0
156	7425.0	5346.0
157	7425.0	5346.0
158	7425.0	5346.0
159	7425.0	5346.0
160	7425.0	5443.0
161	7425.0	5346.0
162	7425.0	5346.0
163	7425.0	5346.0
164	7425.0	5346.0
165	7425.0	5346.0
166	7425.0	5346.0
167	7425.0	5346.0
168	7425.0	5346.0
169	7425.0	5346.0
170	7425.0	5346.0
171	7425.0	5346.0
172	7425.0	5346.0
173	7425.0	5346.0
174	7425.0	5346.0
175	7425.0	5346.0
176	7425.0	5346.0
177	7425.0	5346.0
178	7425.0	5346.0
179	7425.0	5362.0
180	7425.0	5362.0
181	7425.0	5362.0
182	7425.0	5362.0
183	7425.0	5362.0
184	7425.0	5362.0
185	7425.0	5362.0
186	7425.0	5362.0
187	7425.0	5362.0
188	7425.0	5362.0
189	7425.0	5362.0
190	7425.0	5362.0
191	7425.0	5362.0
192	7425.0	5362.0
193	7425.0	5362.0
194	7425.0	5362.0
195	7425.0	5362.0
196	7425.0	5362.0
197	7425.0	5362.0
198	7425.0	5362.0
199	7425.0	5362.0
200	7425.0	5394.0
201	7425.0	5362.0
202	7425.0	5362.0
203	7425.0	5362.0
204	7425.0	5362.0
205	7425.0	5362.0
206	7425.0	5362.0
207	7425.0	5362.0
208	7425.0	5362.0
209	7425.0	5362.0
210	7425.0	5362.0
211	7425.0	5362.0
212	7425.0	5362.0
213	7425.0	5362.0
214	7425.0	5362.0
215	7425.0	5362.0
216	7425.0	5362.0
217	7425.0	5362.0
218	7425.0	5362.0
219	7425.0	5362.0
220	7425.0	5564.0
221	7425.0	5362.0
222	7425.0	5362.0
223	7425.0	5362.0
224	7425.0	5362.0
225	7425.0	5362.0
226	7425.0	5362.0
227	7425.0	5362.0
228	7425.0	5362.0
229	7425.0	5362.0
230	7425.0	5362.0
231	7425.0	5362.0
232	7425.0	5362.0
233	7425.0	5362.0
234	7425.0	5362.0
235	7425.0	5362.0
236	7425.0	5362.0
237	7425.0	5362.0
238	7425.0	5362.0
239	7425.0	5362.0
240	7425.0	5482.0
241	7425.0	5394.0
242	7425.0	5394.0
243	7425.0	5394.0
244	7587.0	5544.0
245	7587.0	5544.0
246	7587.0	5544.0
247	7587.0	5544.0
248	7587.0	5544.0
249	7587.0	5544.0
250	7587.0	5544.0
251	7587.0	5544.0
252	7587.0	5544.0
253	7587.0	5544.0
254	7587.0	5544.0
255	7587.0	5544.0
256	7587.0	5544.0
257	7587.0	5544.0
258	7587.0	5544.0
259	7587.0	5544.0
260	7587.0	5549.0
261	7587.0	5544.0
262	7587.0	5544.0
263	7587.0	5544.0
264	7587.0	5544.0
265	7587.0	5544.0
266	7587.0	5544.0
267	7587.0	5544.0
268	7587.0	5544.0
269	7587.0	5544.0
270	7587.0	5544.0
271	7587.0	5544.0
272	7587.0	5544.0
273	7587.0	5544.0
274	7587.0	5544.0
275	7587.0	5544.0
276	7587.0	5544.0
277	7587.0	5544.0
278	7587.0	5544.0
279	7587.0	5544.0
280	7587.0	5544.0
281	7587.0	5544.0
282	7587.0	5544.0
283	7587.0	5549.0
284	7587.0	5549.0
285	7587.0	5549.0
286	7587.0	5549.0
287	7587.0	5549.0
288	7587.0	5549.0
289	7587.0	5549.0
290	7587.0	5549.0
291	7587.0	5549.0
292	7587.0	5549.0
293	7587.0	5549.0
294	7587.0	5549.0
295	7587.0	5549.0
296	7587.0	5549.0
297	7587.0	5549.0
298	7587.0	5549.0
299	7587.0	5549.0
300	7587.0	5564.0
301	7587.0	5549.0
302	7587.0	5549.0
303	7587.0	5564.0
304	7587.0	5564.0
305	7587.0	5564.0
306	7587.0	5564.0
307	7587.0	5564.0
308	7587.0	5564.0
309	7587.0	5565.0
310	7587.0	5565.0
311	7587.0	5565.0
312	7587.0	5565.0
313	7587.0	5565.0
314	7587.0	5565.0
315	7587.0	5565.0
316	7587.0	5565.0
317	7587.0	5565.0
318	7587.0	5565.0
319	7587.0	5565.0
320	7587.0	5628.0
321	7587.0	5565.0
322	7587.0	5565.0
323	7587.0	5565.0
324	7587.0	5565.0
325	7587.0	5565.0
326	7587.0	5565.0
327	7587.0	5565.0
328	7587.0	5565.0
329	7587.0	5565.0
330	7587.0	5565.0
331	7587.0	5565.0
332	7587.0	5565.0
333	7587.0	5565.0
334	7587.0	5565.0
335	7587.0	5565.0
336	7587.0	5565.0
337	7587.0	5565.0
338	7587.0	5565.0
339	7587.0	5565.0
340	7587.0	5628.0
341	7587.0	5565.0
342	7587.0	5565.0
343	7587.0	5565.0
344	7587.0	5565.0
345	7716.0	5565.0
346	7716.0	5565.0
347	7716.0	5565.0
348	7716.0	5565.0
349	7716.0	5565.0
350	7716.0	5565.0
351	7716.0	5565.0
352	7716.0	5565.0
353	8026.0	5565.0
354	8026.0	5565.0
355	8026.0	5565.0
356	8026.0	5565.0
357	8026.0	5565.0
358	8026.0	5565.0
359	8026.0	5628.0
360	8026.0	5727.0
361	8026.0	5628.0
362	8026.0	5628.0
363	8026.0	5628.0
364	8026.0	5628.0
365	8026.0	5628.0
366	8026.0	5628.0
367	8026.0	5628.0
368	8026.0	5628.0
369	8026.0	5628.0
370	8026.0	5628.0
371	8026.0	5628.0
372	8026.0	5628.0
373	8026.0	5628.0
374	8026.0	5628.0
375	8026.0	5628.0
376	8026.0	5628.0
377	8026.0	5628.0
378	8026.0	5628.0
379	8026.0	5628.0
380	8026.0	5714.0
381	8026.0	5628.0
382	8026.0	5628.0
383	8026.0	5628.0
384	8026.0	5628.0
385	8026.0	5628.0
386	8026.0	5628.0
387	8026.0	5628.0
388	8026.0	5628.0
389	8026.0	5628.0
390	8026.0	5628.0
391	8026.0	5628.0
392	8026.0	5628.0
393	8026.0	5628.0
394	8026.0	5628.0
395	8026.0	5628.0
396	8026.0	5628.0
397	8026.0	5628.0
398	8026.0	5628.0
399	8026.0	5628.0
400	8026.0	5642.0
401	8026.0	5628.0
402	8026.0	5628.0
403	8026.0	5628.0
404	8026.0	5628.0
405	8026.0	5628.0
406	8026.0	5628.0
407	8026.0	5628.0
408	8026.0	5628.0
409	8026.0	5628.0
410	8026.0	5628.0
411	8026.0	5628.0
412	8026.0	5628.0
413	8026.0	5628.0
414	8026.0	5628.0
415	8026.0	5628.0
416	8026.0	5628.0
417	8026.0	5628.0
418	8026.0	5628.0
419	8026.0	5628.0
420	8026.0	5644.0
421	8026.0	5628.0
422	8026.0	5628.0
423	8026.0	5628.0
424	8026.0	5628.0
425	8026.0	5628.0
426	8026.0	5628.0
427	8026.0	5628.0
428	8026.0	5628.0
429	8026.0	5628.0
430	8026.0	5628.0
431	8026.0	5628.0
432	8026.0	5628.0
433	8026.0	5628.0
434	8026.0	5628.0
435	8026.0	5628.0
436	8026.0	5628.0
437	8026.0	5628.0
438	8026.0	5628.0
439	8026.0	5628.0
440	8026.0	5628.0
441	8026.0	5628.0
442	8026.0	5628.0
443	8026.0	5628.0
444	8026.0	5628.0
445	8026.0	5628.0
446	8026.0	5628.0
447	8026.0	5628.0
448	8026.0	5628.0
449	8026.0	5628.0
450	8026.0	5628.0
451	8026.0	5628.0
452	8026.0	5628.0
453	8026.0	5628.0
454	8026.0	5628.0
455	8026.0	5628.0
456	8026.0	5628.0
457	8026.0	5628.0
458	8026.0	5628.0
459	8026.0	5628.0
460	8026.0	5628.0
461	8026.0	5628.0
462	8026.0	5628.0
463	8026.0	5628.0
464	8026.0	5628.0
465	8026.0	5628.0
466	8026.0	5628.0
467	8026.0	5628.0
468	8026.0	5628.0
469	8026.0	5628.0
470	8026.0	5628.0
471	8026.0	5628.0
472	8026.0	5628.0
473	8026.0	5628.0
474	8026.0	5628.0
475	8026.0	5628.0
476	8026.0	5628.0
477	8026.0	5628.0
478	8026.0	5628.0
479	8026.0	5628.0
480	8026.0	5714.0
481	8026.0	5628.0
482	8026.0	5628.0
483	8026.0	5628.0
484	8026.0	5628.0
485	8026.0	5628.0
486	8026.0	5628.0
487	8026.0	5628.0
488	8026.0	5628.0
489	8026.0	5628.0
490	8026.0	5628.0
491	8026.0	5628.0
492	8026.0	5628.0
493	8026.0	5628.0
494	8026.0	5628.0
495	8026.0	5628.0
496	8026.0	5628.0
497	8026.0	5725.0
498	8026.0	5725.0
499	8026.0	5725.0
500	8026.0	5754.0
501	8026.0	5725.0
502	8026.0	5725.0
503	8026.0	5725.0
504	8026.0	5725.0
505	8026.0	5725.0
506	8026.0	5725.0
507	8026.0	5725.0
508	8026.0	5725.0
509	8026.0	5725.0
510	8026.0	5725.0
511	8026.0	5725.0
512	8026.0	5725.0
513	8026.0	5725.0
514	8026.0	5725.0
515	8026.0	5725.0
516	8026.0	5725.0
517	8026.0	5725.0
518	8026.0	5725.0
519	8026.0	5725.0
520	8026.0	5754.0
521	8026.0	5725.0
522	8026.0	5725.0
523	8026.0	5725.0
524	8026.0	5725.0
525	8026.0	5725.0
526	8026.0	5725.0
527	8026.0	5725.0
528	8026.0	5725.0
529	8026.0	5725.0
530	8026.0	5725.0
531	8026.0	5725.0
532	8026.0	5725.0
533	8026.0	5725.0
534	8026.0	5725.0
535	8026.0	5725.0
536	8026.0	5725.0
537	8026.0	5725.0
538	8026.0	5725.0
539	8026.0	5725.0
540	8026.0	5776.0
541	8026.0	5725.0
542	8026.0	5725.0
543	8026.0	5725.0
544	8026.0	5725.0
545	8026.0	5725.0
546	8026.0	5725.0
547	8026.0	5725.0
548	8026.0	5725.0
549	8026.0	5776.0
550	8026.0	5776.0
551	8026.0	5776.0
552	8026.0	5776.0
553	8026.0	5776.0
554	8026.0	5776.0
555	8026.0	5776.0
556	8026.0	5776.0
557	8026.0	5776.0
558	8026.0	5776.0
559	8026.0	5776.0
560	8026.0	5796.0
561	8026.0	5776.0
562	8026.0	5776.0
563	8026.0	5776.0
564	8026.0	5776.0
565	8026.0	5776.0
566	8026.0	5776.0
567	8026.0	5776.0
568	8026.0	5776.0
569	8026.0	5776.0
570	8026.0	5776.0
571	8026.0	5776.0
572	8026.0	5776.0
573	8026.0	5776.0
574	8026.0	5776.0
575	8026.0	5776.0
576	8026.0	5776.0
577	8026.0	5776.0
578	8026.0	5776.0
579	8026.0	5776.0
580	8026.0	5776.0
581	8026.0	5776.0
582	8026.0	5776.0
583	8026.0	5776.0
584	8026.0	5776.0
585	8026.0	5776.0
586	8026.0	5776.0
587	8026.0	5776.0
588	8026.0	5776.0
589	8026.0	5776.0
590	8026.0	5776.0
591	8026.0	5776.0
592	8026.0	5776.0
593	8026.0	5776.0
594	8026.0	5776.0
595	8026.0	5776.0
596	8026.0	5776.0
597	8026.0	5795.0
598	8026.0	5795.0
599	8026.0	5795.0
600	8026.0	5795.0
601	8026.0	5795.0
602	8026.0	5795.0
603	8026.0	5795.0
604	8026.0	5795.0
605	8026.0	5795.0
606	8026.0	5795.0
607	8026.0	5795.0
608	8026.0	5795.0
609	8026.0	5795.0
610	8026.0	5795.0
611	8026.0	5795.0
612	8026.0	5795.0
613	8026.0	5795.0
614	8026.0	5795.0
615	8026.0	5795.0
616	8026.0	5795.0
617	8026.0	5795.0
618	8026.0	5795.0
619	8026.0	5795.0
620	8026.0	5795.0
621	8026.0	5795.0
622	8026.0	5795.0
623	8026.0	5795.0
624	8026.0	5795.0
625	8026.0	5795.0
626	8026.0	5795.0
627	8026.0	5795.0
628	8026.0	5795.0
629	8026.0	5795.0
630	8026.0	5795.0
631	8026.0	5795.0
632	8026.0	5795.0
633	8026.0	5795.0
634	8026.0	5795.0
635	8026.0	5795.0
636	8026.0	5795.0
637	8026.0	5795.0
638	8026.0	5795.0
639	8026.0	5795.0
640	8026.0	5795.0
641	8026.0	5795.0
642	8026.0	5795.0
643	8026.0	5795.0
644	8026.0	5795.0
645	8026.0	5795.0
646	8026.0	5795.0
647	8026.0	5795.0
648	8026.0	5795.0
649	8026.0	5795.0
650	8026.0	5795.0
651	8026.0	5795.0
652	8026.0	5795.0
653	8026.0	5795.0
654	8026.0	5795.0
655	8026.0	5795.0
656	8026.0	5795.0
657	8026.0	5795.0
658	8026.0	5795.0
659	8026.0	5795.0
660	8026.0	5946.0
661	8026.0	5795.0
662	8026.0	5795.0
663	8026.0	5795.0
664	8026.0	5795.0
665	8026.0	5795.0
666	8026.0	5795.0
667	8026.0	5795.0
668	8026.0	5795.0
669	8026.0	5795.0
670	8026.0	5795.0
671	8026.0	5795.0
672	8026.0	5795.0
673	8026.0	5796.0
674	8026.0	5796.0
675	8026.0	5796.0
676	8026.0	5796.0
677	8026.0	5796.0
678	8026.0	5796.0
679	8026.0	5796.0
680	8026.0	5900.0
681	8026.0	5796.0
682	8026.0	5796.0
683	8026.0	5796.0
684	8026.0	5796.0
685	8026.0	5796.0
686	8026.0	5796.0
687	8026.0	5796.0
688	8026.0	5796.0
689	8026.0	5796.0
690	8026.0	5796.0
691	8026.0	5796.0
692	8026.0	5796.0
693	8026.0	5796.0
694	8026.0	5796.0
695	8026.0	5796.0
696	8026.0	5796.0
697	8026.0	5796.0
698	8026.0	5796.0
699	8026.0	5796.0
700	8026.0	5923.0
701	8026.0	5796.0
702	8026.0	5796.0
703	8026.0	5796.0
704	8026.0	5796.0
705	8026.0	5796.0
706	8026.0	5796.0
707	8026.0	5796.0
708	8026.0	5796.0
709	8026.0	5796.0
710	8026.0	5796.0
711	8026.0	5796.0
712	8026.0	5796.0
713	8026.0	5796.0
714	8026.0	5796.0
715	8026.0	5796.0
716	8026.0	5796.0
717	8026.0	5796.0
718	8026.0	5796.0
719	8026.0	5796.0
720	8026.0	5817.0
721	8026.0	5796.0
722	8026.0	5796.0
723	8026.0	5796.0
724	8026.0	5796.0
725	8026.0	5796.0
726	8026.0	5796.0
727	8026.0	5796.0
728	8026.0	5796.0
729	8026.0	5796.0
730	8026.0	5796.0
731	8026.0	5796.0
732	8026.0	5796.0
733	8026.0	5796.0
734	8026.0	5796.0
735	8026.0	5796.0
736	8026.0	5796.0
737	8026.0	5796.0
738	8026.0	5796.0
739	8026.0	5796.0
740	8026.0	5796.0
741	8026.0	5796.0
742	8026.0	5796.0
743	8026.0	5796.0
744	8026.0	5796.0
745	8026.0	5796.0
746	8026.0	5796.0
747	8026.0	5796.0
748	8026.0	5796.0
749	8026.0	5796.0
750	8026.0	5796.0
751	8026.0	5796.0
752	8026.0	5796.0
753	8026.0	5796.0
754	8026.0	5796.0
755	8026.0	5796.0
756	8026.0	5796.0
757	8026.0	5796.0
758	8026.0	5796.0
759	8026.0	5796.0
760	8026.0	5796.0
761	8026.0	5796.0
762	8026.0	5796.0
763	8026.0	5796.0
764	8026.0	5796.0
765	8026.0	5796.0
766	8026.0	5796.0
767	8026.0	5796.0
768	8026.0	5796.0
769	8026.0	5796.0
770	8026.0	5796.0
771	8026.0	5796.0
772	8026.0	5796.0
773	8026.0	5796.0
774	8026.0	5796.0
775	8026.0	5796.0
776	8026.0	5796.0
777	8026.0	5796.0
778	8026.0	5796.0
779	8026.0	5796.0
780	8026.0	5813.0
781	8026.0	5796.0
782	8026.0	5796.0
783	8026.0	5796.0
784	8026.0	5796.0
785	8026.0	5796.0
786	8026.0	5796.0
787	8026.0	5796.0
788	8026.0	5796.0
789	8026.0	5796.0
790	8026.0	5796.0
791	8026.0	5796.0
792	8026.0	5796.0
793	8026.0	5796.0
794	8026.0	5796.0
795	8026.0	5813.0
796	8026.0	5813.0
797	8026.0	5813.0
798	8026.0	5813.0
799	8026.0	5813.0
800	8026.0	5897.0
801	8026.0	5813.0
802	8026.0	5813.0
803	8026.0	5813.0
804	8026.0	5813.0
805	8026.0	5813.0
806	8026.0	5813.0
807	8026.0	5813.0
808	8026.0	5813.0
809	8026.0	5813.0
810	8026.0	5813.0
811	8026.0	5813.0
812	8026.0	5813.0
813	8026.0	5813.0
814	8026.0	5813.0
815	8026.0	5813.0
816	8026.0	5813.0
817	8026.0	5817.0
818	8026.0	5817.0
819	8026.0	5817.0
820	8026.0	5917.0
821	8026.0	5817.0
822	8026.0	5817.0
823	8026.0	5817.0
824	8026.0	5817.0
825	8026.0	5817.0
826	8026.0	5817.0
827	8026.0	5817.0
828	8026.0	5817.0
829	8026.0	5817.0
830	8026.0	5817.0
831	8026.0	5817.0
832	8026.0	5817.0
833	8026.0	5817.0
834	8026.0	5817.0
835	8026.0	5817.0
836	8026.0	5817.0
837	8026.0	5817.0
838	8026.0	5817.0
839	8026.0	5817.0
840	8026.0	5979.0
841	8026.0	5817.0
842	8026.0	5817.0
843	8026.0	5817.0
844	8026.0	5817.0
845	8026.0	5817.0
846	8026.0	5817.0
847	8026.0	5817.0
848	8026.0	5817.0
849	8026.0	5817.0
850	8026.0	5817.0
851	8026.0	5817.0
852	8026.0	5817.0
853	8026.0	5817.0
854	8026.0	5817.0
855	8026.0	5817.0
856	8026.0	5817.0
857	8026.0	5817.0
858	8026.0	5817.0
859	8026.0	5817.0
860	8026.0	5817.0
861	8026.0	5817.0
862	8026.0	5817.0
863	8026.0	5817.0
864	8026.0	5817.0
865	8026.0	5817.0
866	8026.0	5817.0
867	8026.0	5817.0
868	8026.0	5817.0
869	8026.0	5817.0
870	8026.0	5817.0
871	8026.0	5817.0
872	8026.0	5817.0
873	8026.0	5817.0
874	8026.0	5817.0
875	8026.0	5817.0
876	8026.0	5817.0
877	8026.0	5817.0
878	8026.0	5817.0
879	8026.0	5817.0
880	8026.0	5909.0
881	8026.0	5817.0
882	8026.0	5817.0
883	8026.0	5817.0
884	8026.0	5817.0
885	8026.0	5817.0
886	8026.0	5817.0
887	8026.0	5817.0
888	8026.0	5817.0
889	8026.0	5817.0
890	8026.0	5817.0
891	8026.0	5817.0
892	8026.0	5817.0
893	8026.0	5817.0
894	8026.0	5817.0
895	8026.0	5817.0
896	8026.0	5817.0
897	8026.0	5817.0
898	8026.0	5817.0
899	8026.0	5817.0
900	8026.0	5955.0
901	8026.0	5817.0
902	8026.0	5817.0
903	8026.0	5817.0
904	8026.0	5817.0
905	8026.0	5817.0
906	8026.0	5817.0
907	8026.0	5817.0
908	8026.0	5817.0
909	8026.0	5817.0
910	8026.0	5817.0
911	8026.0	5817.0
912	8026.0	5817.0
913	8026.0	5817.0
914	8026.0	5817.0
915	8026.0	5817.0
916	8026.0	5817.0
917	8026.0	5817.0
918	8026.0	5817.0
919	8026.0	5817.0
920	8026.0	5909.0
921	8026.0	5817.0
922	8026.0	5817.0
923	8026.0	5817.0
924	8026.0	5817.0
925	8026.0	5817.0
926	8026.0	5817.0
927	8026.0	5817.0
928	8026.0	5817.0
929	8026.0	5817.0
930	8026.0	5817.0
931	8026.0	5817.0
932	8026.0	5817.0
933	8026.0	5817.0
934	8026.0	5817.0
935	8026.0	5817.0
936	8026.0	5817.0
937	8026.0	5817.0
938	8026.0	5817.0
939	8026.0	5817.0
940	8026.0	5955.0
941	8026.0	5817.0
942	8026.0	5817.0
943	8026.0	5817.0
944	8026.0	5817.0
945	8026.0	5817.0
946	8026.0	5817.0
947	8026.0	5817.0
948	8026.0	5817.0
949	8026.0	5817.0
950	8026.0	5817.0
951	8026.0	5817.0
952	8026.0	5817.0
953	8026.0	5817.0
954	8026.0	5817.0
955	8026.0	5817.0
956	8026.0	5817.0
957	8026.0	5817.0
958	8026.0	5838.0
959	8026.0	5838.0
960	8026.0	6018.0
961	8026.0	5838.0
962	8026.0	5838.0
963	8026.0	5838.0
964	8026.0	5838.0
965	8026.0	5838.0
966	8026.0	5838.0
967	8026.0	5838.0
968	8026.0	5838.0
969	8026.0	5838.0
970	8026.0	5838.0
971	8026.0	5838.0
972	8026.0	5838.0
973	8026.0	5838.0
974	8026.0	5838.0
975	8026.0	5838.0
976	8026.0	5838.0
977	8026.0	5838.0
978	8026.0	5838.0
979	8026.0	5838.0
980	8026.0	5949.0
981	8026.0	5838.0
982	8026.0	5838.0
983	8026.0	5838.0
984	8026.0	5838.0
985	8026.0	5838.0
986	8026.0	5838.0
987	8026.0	5838.0
988	8026.0	5838.0
989	8026.0	5838.0
990	8026.0	5838.0
991	8026.0	5838.0
992	8026.0	5838.0
993	8026.0	5838.0
994	8026.0	5838.0
995	8026.0	5838.0
996	8026.0	5838.0
997	8026.0	5838.0
998	8026.0	5838.0
999	8026.0	5838.0
1000	8026.0	5917.0
