0	6525.0	2078.0
1	6525.0	2820.0
2	6525.0	3203.0
3	6525.0	3387.0
4	6812.0	3505.0
5	6812.0	3505.0
6	6812.0	3505.0
7	6812.0	3985.0
8	6898.0	3985.0
9	7097.0	4252.0
10	7097.0	4316.0
11	7097.0	4322.0
12	7097.0	4329.0
13	7097.0	4329.0
14	7097.0	4329.0
15	7097.0	4435.0
16	7097.0	4435.0
17	7097.0	4435.0
18	7097.0	4435.0
19	7097.0	4449.0
20	7097.0	4623.0
21	7097.0	4449.0
22	7097.0	4544.0
23	7097.0	4544.0
24	7097.0	4544.0
25	7097.0	4544.0
26	7156.0	4544.0
27	7156.0	4632.0
28	7156.0	4632.0
29	7156.0	4669.0
30	7156.0	4669.0
31	7156.0	4726.0
32	7156.0	4726.0
33	7156.0	4726.0
34	7156.0	4726.0
35	7156.0	4726.0
36	7156.0	4726.0
37	7156.0	4726.0
38	7156.0	4726.0
39	7156.0	4726.0
40	7156.0	4904.0
41	7156.0	4726.0
42	7156.0	4726.0
43	7156.0	4726.0
44	7156.0	4726.0
45	7156.0	4726.0
46	7156.0	4726.0
47	7156.0	4771.0
48	7156.0	4771.0
49	7156.0	4771.0
50	7156.0	4771.0
51	7156.0	4866.0
52	7156.0	4866.0
53	7156.0	4866.0
54	7156.0	4866.0
55	7156.0	4866.0
56	7156.0	4866.0
57	7156.0	4866.0
58	7156.0	4866.0
59	7156.0	4866.0
60	7156.0	4866.0
61	7156.0	4866.0
62	7156.0	4866.0
63	7156.0	5047.0
64	7156.0	5047.0
65	7156.0	5047.0
66	7156.0	5052.0
67	7156.0	5052.0
68	7156.0	5052.0
69	7156.0	5052.0
70	7156.0	5052.0
71	7156.0	5052.0
72	7240.0	5052.0
73	7240.0	5052.0
74	7240.0	5052.0
75	7240.0	5094.0
76	7240.0	5094.0
77	7240.0	5094.0
78	7240.0	5094.0
79	7240.0	5114.0
80	7240.0	5269.0
81	7240.0	5114.0
82	7240.0	5114.0
83	7240.0	5114.0
84	7240.0	5114.0
85	7240.0	5114.0
86	7240.0	5114.0
87	7240.0	5126.0
88	7240.0	5126.0
89	7240.0	5126.0
90	7240.0	5126.0
91	7240.0	5192.0
92	7240.0	5192.0
93	7704.0	5192.0
94	7704.0	5192.0
95	7704.0	5192.0
96	7704.0	5192.0
97	7704.0	5201.0
98	7704.0	5201.0
99	7704.0	5201.0
100	7704.0	5350.0
101	7704.0	5233.0
102	7704.0	5233.0
103	7704.0	5233.0
104	7704.0	5233.0
105	7704.0	5233.0
106	7704.0	5233.0
107	7704.0	5233.0
108	7704.0	5233.0
109	7704.0	5233.0
110	7704.0	5233.0
111	7704.0	5233.0
112	7704.0	5233.0
113	7761.0	5233.0
114	7761.0	5233.0
115	7761.0	5233.0
116	7761.0	5233.0
117	7761.0	5233.0
118	7761.0	5233.0
119	7761.0	5233.0
120	7761.0	5350.0
121	7761.0	5233.0
122	7761.0	5233.0
123	7761.0	5233.0
124	7761.0	5233.0
125	7761.0	5233.0
126	7761.0	5233.0
127	7761.0	5233.0
128	7761.0	5339.0
129	7761.0	5339.0
130	7761.0	5354.0
131	7761.0	5354.0
132	7761.0	5354.0
133	7761.0	5354.0
134	7761.0	5354.0
135	7761.0	5354.0
136	7761.0	5354.0
137	7761.0	5354.0
138	7761.0	5356.0
139	7761.0	5386.0
140	7761.0	5409.0
141	7761.0	5386.0
142	7761.0	5386.0
143	7761.0	5386.0
144	7761.0	5386.0
145	7761.0	5386.0
146	7761.0	5386.0
147	7761.0	5386.0
148	7761.0	5386.0
149	7761.0	5386.0
150	7761.0	5386.0
151	7761.0	5386.0
152	7761.0	5386.0
153	7761.0	5386.0
154	7761.0	5386.0
155	7761.0	5386.0
156	7761.0	5428.0
157	7761.0	5428.0
158	7761.0	5428.0
159	7761.0	5428.0
160	7761.0	5455.0
161	7761.0	5428.0
162	7761.0	5428.0
163	7761.0	5428.0
164	7761.0	5428.0
165	7761.0	5428.0
166	7761.0	5428.0
167	7761.0	5428.0
168	7761.0	5428.0
169	7761.0	5428.0
170	7761.0	5428.0
171	7761.0	5428.0
172	7761.0	5428.0
173	7761.0	5428.0
174	7761.0	5428.0
175	7761.0	5428.0
176	7761.0	5428.0
177	7761.0	5428.0
178	7761.0	5428.0
179	7761.0	5428.0
180	7761.0	5523.0
181	7761.0	5428.0
182	7761.0	5428.0
183	7761.0	5428.0
184	7761.0	5428.0
185	7761.0	5428.0
186	7761.0	5428.0
187	7761.0	5428.0
188	7761.0	5428.0
189	7761.0	5428.0
190	7761.0	5428.0
191	7761.0	5449.0
192	7761.0	5449.0
193	7761.0	5449.0
194	7761.0	5449.0
195	7761.0	5449.0
196	7761.0	5453.0
197	7761.0	5453.0
198	7761.0	5453.0
199	7761.0	5453.0
200	7761.0	5469.0
201	7761.0	5453.0
202	7761.0	5453.0
203	7761.0	5453.0
204	7761.0	5453.0
205	7761.0	5453.0
206	7761.0	5453.0
207	7761.0	5453.0
208	7761.0	5453.0
209	7761.0	5453.0
210	7761.0	5453.0
211	7761.0	5453.0
212	7761.0	5453.0
213	7761.0	5453.0
214	7761.0	5453.0
215	7761.0	5453.0
216	7761.0	5453.0
217	7761.0	5469.0
218	7761.0	5469.0
219	7761.0	5469.0
220	7761.0	5570.0
221	7761.0	5502.0
222	7761.0	5502.0
223	7761.0	5502.0
224	7761.0	5502.0
225	7761.0	5502.0
226	7761.0	5502.0
227	7761.0	5502.0
228	7761.0	5502.0
229	7761.0	5502.0
230	7761.0	5502.0
231	7761.0	5502.0
232	7761.0	5502.0
233	7761.0	5502.0
234	7761.0	5502.0
235	7761.0	5502.0
236	7761.0	5502.0
237	7761.0	5502.0
238	7761.0	5502.0
239	7761.0	5502.0
240	7761.0	5523.0
241	7761.0	5502.0
242	7761.0	5502.0
243	7761.0	5502.0
244	7761.0	5502.0
245	7761.0	5502.0
246	7761.0	5502.0
247	7761.0	5502.0
248	7761.0	5502.0
249	7761.0	5502.0
250	7761.0	5502.0
251	7761.0	5502.0
252	7761.0	5502.0
253	7761.0	5502.0
254	7761.0	5502.0
255	7761.0	5502.0
256	7761.0	5502.0
257	7761.0	5502.0
258	7761.0	5502.0
259	7761.0	5502.0
260	7761.0	5502.0
261	7761.0	5502.0
262	7761.0	5502.0
263	7761.0	5502.0
264	7761.0	5502.0
265	7761.0	5502.0
266	7761.0	5502.0
267	7761.0	5502.0
268	7761.0	5502.0
269	7761.0	5502.0
270	7761.0	5515.0
271	7761.0	5515.0
272	7761.0	5515.0
273	7761.0	5515.0
274	7761.0	5515.0
275	7761.0	5515.0
276	7761.0	5515.0
277	7761.0	5515.0
278	7761.0	5515.0
279	7761.0	5515.0
280	7761.0	5595.0
281	7761.0	5515.0
282	7761.0	5515.0
283	7761.0	5515.0
284	7761.0	5515.0
285	7761.0	5515.0
286	7761.0	5515.0
287	7761.0	5515.0
288	7761.0	5515.0
289	7761.0	5515.0
290	7761.0	5515.0
291	7761.0	5515.0
292	7761.0	5515.0
293	7761.0	5515.0
294	7761.0	5515.0
295	7761.0	5515.0
296	7761.0	5515.0
297	7761.0	5515.0
298	7761.0	5515.0
299	7761.0	5515.0
300	7761.0	5542.0
301	7761.0	5515.0
302	7761.0	5515.0
303	7761.0	5515.0
304	7761.0	5515.0
305	7761.0	5515.0
306	7761.0	5515.0
307	7761.0	5515.0
308	7761.0	5515.0
309	7761.0	5515.0
310	7761.0	5515.0
311	7761.0	5515.0
312	7761.0	5515.0
313	7761.0	5515.0
314	8000.0	5515.0
315	8000.0	5515.0
316	8000.0	5515.0
317	8000.0	5515.0
318	8000.0	5515.0
319	8000.0	5515.0
320	8000.0	5629.0
321	8000.0	5515.0
322	8000.0	5515.0
323	8000.0	5515.0
324	8000.0	5515.0
325	8000.0	5515.0
326	8000.0	5515.0
327	8000.0	5515.0
328	8000.0	5515.0
329	8000.0	5515.0
330	8000.0	5515.0
331	8000.0	5515.0
332	8000.0	5515.0
333	8000.0	5515.0
334	8000.0	5515.0
335	8000.0	5515.0
336	8000.0	5515.0
337	8000.0	5515.0
338	8000.0	5515.0
339	8000.0	5515.0
340	8000.0	5698.0
341	8000.0	5515.0
342	8000.0	5515.0
343	8000.0	5515.0
344	8000.0	5515.0
345	8000.0	5515.0
346	8000.0	5515.0
347	8000.0	5515.0
348	8000.0	5515.0
349	8000.0	5515.0
350	8000.0	5515.0
351	8000.0	5515.0
352	8000.0	5515.0
353	8000.0	5515.0
354	8000.0	5515.0
355	8000.0	5515.0
356	8000.0	5515.0
357	8000.0	5515.0
358	8000.0	5515.0
359	8000.0	5515.0
360	8000.0	5610.0
361	8000.0	5515.0
362	8000.0	5515.0
363	8000.0	5515.0
364	8000.0	5515.0
365	8000.0	5515.0
366	8000.0	5515.0
367	8000.0	5515.0
368	8000.0	5515.0
369	8000.0	5515.0
370	8000.0	5515.0
371	8000.0	5515.0
372	8000.0	5515.0
373	8000.0	5515.0
374	8000.0	5515.0
375	8000.0	5515.0
376	8000.0	5515.0
377	8000.0	5515.0
378	8000.0	5515.0
379	8000.0	5515.0
380	8000.0	5599.0
381	8000.0	5515.0
382	8000.0	5515.0
383	8000.0	5515.0
384	8000.0	5515.0
385	8000.0	5515.0
386	8000.0	5515.0
387	8000.0	5515.0
388	8000.0	5515.0
389	8000.0	5515.0
390	8000.0	5515.0
391	8000.0	5515.0
392	8000.0	5515.0
393	8000.0	5515.0
394	8000.0	5515.0
395	8000.0	5515.0
396	8000.0	5515.0
397	8000.0	5515.0
398	8000.0	5515.0
399	8000.0	5515.0
400	8000.0	5587.0
401	8000.0	5515.0
402	8000.0	5515.0
403	8000.0	5515.0
404	8000.0	5515.0
405	8000.0	5515.0
406	8000.0	5515.0
407	8000.0	5515.0
408	8000.0	5515.0
409	8000.0	5515.0
410	8000.0	5515.0
411	8000.0	5515.0
412	8000.0	5515.0
413	8000.0	5515.0
414	8000.0	5515.0
415	8000.0	5515.0
416	8000.0	5515.0
417	8000.0	5515.0
418	8000.0	5515.0
419	8000.0	5515.0
420	8000.0	5663.0
421	8000.0	5515.0
422	8000.0	5515.0
423	8000.0	5515.0
424	8000.0	5515.0
425	8000.0	5515.0
426	8000.0	5515.0
427	8000.0	5515.0
428	8000.0	5515.0
429	8000.0	5515.0
430	8000.0	5515.0
431	8000.0	5515.0
432	8000.0	5515.0
433	8000.0	5515.0
434	8000.0	5515.0
435	8000.0	5515.0
436	8000.0	5515.0
437	8000.0	5515.0
438	8000.0	5515.0
439	8000.0	5515.0
440	8000.0	5704.0
441	8000.0	5515.0
442	8000.0	5515.0
443	8000.0	5515.0
444	8000.0	5515.0
445	8000.0	5515.0
446	8000.0	5515.0
447	8000.0	5515.0
448	8000.0	5515.0
449	8000.0	5515.0
450	8000.0	5515.0
451	8000.0	5515.0
452	8000.0	5515.0
453	8000.0	5515.0
454	8000.0	5515.0
455	8000.0	5515.0
456	8000.0	5515.0
457	8000.0	5515.0
458	8000.0	5515.0
459	8000.0	5515.0
460	8000.0	5515.0
461	8000.0	5515.0
462	8000.0	5515.0
463	8000.0	5515.0
464	8000.0	5515.0
465	8000.0	5515.0
466	8000.0	5515.0
467	8000.0	5587.0
468	8000.0	5587.0
469	8000.0	5587.0
470	8000.0	5587.0
471	8000.0	5587.0
472	8000.0	5587.0
473	8000.0	5587.0
474	8000.0	5587.0
475	8000.0	5587.0
476	8000.0	5587.0
477	8000.0	5587.0
478	8000.0	5587.0
479	8000.0	5587.0
480	8000.0	5727.0
481	8000.0	5587.0
482	8000.0	5587.0
483	8000.0	5587.0
484	8000.0	5587.0
485	8000.0	5587.0
486	8000.0	5587.0
487	8000.0	5587.0
488	8000.0	5587.0
489	8000.0	5587.0
490	8000.0	5587.0
491	8000.0	5587.0
492	8000.0	5587.0
493	8000.0	5587.0
494	8000.0	5587.0
495	8000.0	5587.0
496	8000.0	5587.0
497	8000.0	5587.0
498	8000.0	5587.0
499	8000.0	5599.0
500	8000.0	5762.0
501	8000.0	5599.0
502	8000.0	5599.0
503	8000.0	5599.0
504	8000.0	5599.0
505	8000.0	5599.0
506	8000.0	5599.0
507	8000.0	5599.0
508	8000.0	5599.0
509	8000.0	5599.0
510	8000.0	5599.0
511	8000.0	5599.0
512	8000.0	5599.0
513	8000.0	5599.0
514	8000.0	5599.0
515	8000.0	5599.0
516	8000.0	5599.0
517	8000.0	5599.0
518	8000.0	5599.0
519	8000.0	5599.0
520	8000.0	5609.0
521	8000.0	5599.0
522	8000.0	5599.0
523	8000.0	5599.0
524	8000.0	5599.0
525	8000.0	5599.0
526	8000.0	5599.0
527	8000.0	5599.0
528	8000.0	5599.0
529	8000.0	5599.0
530	8000.0	5599.0
531	8000.0	5599.0
532	8000.0	5599.0
533	8000.0	5599.0
534	8000.0	5599.0
535	8000.0	5599.0
536	8000.0	5599.0
537	8000.0	5599.0
538	8000.0	5599.0
539	8000.0	5599.0
540	8000.0	5599.0
541	8000.0	5609.0
542	8000.0	5609.0
543	8000.0	5609.0
544	8000.0	5609.0
545	8000.0	5609.0
546	8000.0	5609.0
547	8000.0	5609.0
548	8000.0	5609.0
549	8000.0	5609.0
550	8000.0	5609.0
551	8000.0	5609.0
552	8000.0	5609.0
553	8000.0	5609.0
554	8000.0	5609.0
555	8000.0	5609.0
556	8000.0	5609.0
557	8000.0	5609.0
558	8000.0	5609.0
559	8000.0	5609.0
560	8000.0	5609.0
561	8000.0	5609.0
562	8000.0	5609.0
563	8000.0	5609.0
564	8000.0	5609.0
565	8000.0	5609.0
566	8000.0	5609.0
567	8000.0	5609.0
568	8000.0	5609.0
569	8000.0	5609.0
570	8000.0	5609.0
571	8000.0	5609.0
572	8000.0	5609.0
573	8000.0	5609.0
574	8000.0	5609.0
575	8000.0	5609.0
576	8000.0	5609.0
577	8000.0	5609.0
578	8000.0	5609.0
579	8000.0	5609.0
580	8000.0	5609.0
581	8000.0	5609.0
582	8000.0	5609.0
583	8000.0	5609.0
584	8000.0	5609.0
585	8000.0	5609.0
586	8000.0	5609.0
587	8000.0	5609.0
588	8000.0	5609.0
589	8000.0	5609.0
590	8000.0	5609.0
591	8000.0	5609.0
592	8000.0	5609.0
593	8000.0	5609.0
594	8000.0	5609.0
595	8000.0	5609.0
596	8000.0	5609.0
597	8000.0	5609.0
598	8000.0	5609.0
599	8000.0	5609.0
600	8000.0	5811.0
601	8000.0	5609.0
602	8000.0	5609.0
603	8000.0	5609.0
604	8000.0	5609.0
605	8000.0	5609.0
606	8000.0	5609.0
607	8000.0	5609.0
608	8000.0	5609.0
609	8000.0	5609.0
610	8000.0	5609.0
611	8000.0	5609.0
612	8000.0	5609.0
613	8000.0	5609.0
614	8000.0	5609.0
615	8000.0	5609.0
616	8000.0	5609.0
617	8000.0	5609.0
618	8000.0	5609.0
619	8000.0	5609.0
620	8000.0	5798.0
621	8000.0	5609.0
622	8000.0	5609.0
623	8000.0	5706.0
624	8000.0	5706.0
625	8000.0	5706.0
626	8000.0	5706.0
627	8000.0	5706.0
628	8000.0	5706.0
629	8000.0	5706.0
630	8000.0	5706.0
631	8000.0	5706.0
632	8000.0	5706.0
633	8000.0	5706.0
634	8000.0	5706.0
635	8000.0	5706.0
636	8000.0	5706.0
637	8000.0	5706.0
638	8000.0	5706.0
639	8000.0	5706.0
640	8000.0	5863.0
641	8000.0	5706.0
642	8000.0	5706.0
643	8000.0	5706.0
644	8000.0	5706.0
645	8000.0	5706.0
646	8000.0	5706.0
647	8000.0	5706.0
648	8000.0	5706.0
649	8000.0	5706.0
650	8000.0	5706.0
651	8000.0	5706.0
652	8000.0	5706.0
653	8000.0	5706.0
654	8000.0	5706.0
655	8000.0	5706.0
656	8000.0	5706.0
657	8000.0	5706.0
658	8000.0	5706.0
659	8000.0	5706.0
660	8000.0	5848.0
661	8000.0	5706.0
662	8000.0	5706.0
663	8000.0	5706.0
664	8000.0	5706.0
665	8000.0	5706.0
666	8000.0	5706.0
667	8000.0	5706.0
668	8000.0	5706.0
669	8000.0	5706.0
670	8000.0	5706.0
671	8000.0	5706.0
672	8000.0	5706.0
673	8000.0	5706.0
674	8000.0	5706.0
675	8000.0	5706.0
676	8000.0	5706.0
677	8000.0	5706.0
678	8000.0	5706.0
679	8000.0	5706.0
680	8000.0	5863.0
681	8000.0	5706.0
682	8000.0	5706.0
683	8000.0	5706.0
684	8000.0	5706.0
685	8000.0	5706.0
686	8000.0	5706.0
687	8000.0	5706.0
688	8000.0	5706.0
689	8000.0	5706.0
690	8000.0	5706.0
691	8000.0	5706.0
692	8000.0	5706.0
693	8000.0	5706.0
694	8000.0	5706.0
695	8000.0	5706.0
696	8000.0	5706.0
697	8000.0	5706.0
698	8000.0	5706.0
699	8000.0	5706.0
700	8000.0	5813.0
701	8000.0	5706.0
702	8000.0	5706.0
703	8000.0	5706.0
704	8000.0	5706.0
705	8000.0	5706.0
706	8000.0	5706.0
707	8000.0	5706.0
708	8000.0	5706.0
709	8000.0	5706.0
710	8000.0	5706.0
711	8000.0	5706.0
712	8000.0	5706.0
713	8000.0	5706.0
714	8000.0	5706.0
715	8000.0	5706.0
716	8000.0	5706.0
717	8000.0	5706.0
718	8000.0	5706.0
719	8000.0	5706.0
720	8000.0	5798.0
721	8000.0	5706.0
722	8000.0	5706.0
723	8000.0	5706.0
724	8000.0	5706.0
725	8000.0	5706.0
726	8000.0	5706.0
727	8000.0	5706.0
728	8000.0	5706.0
729	8000.0	5706.0
730	8000.0	5706.0
731	8000.0	5706.0
732	8000.0	5706.0
733	8000.0	5706.0
734	8000.0	5706.0
735	8000.0	5706.0
736	8000.0	5706.0
737	8000.0	5706.0
738	8000.0	5706.0
739	8000.0	5706.0
740	8000.0	5889.0
741	8000.0	5706.0
742	8000.0	5706.0
743	8000.0	5706.0
744	8000.0	5706.0
745	8000.0	5706.0
746	8000.0	5706.0
747	8000.0	5706.0
748	8000.0	5706.0
749	8000.0	5706.0
750	8000.0	5706.0
751	8000.0	5706.0
752	8000.0	5706.0
753	8000.0	5706.0
754	8000.0	5706.0
755	8000.0	5706.0
756	8000.0	5706.0
757	8000.0	5706.0
758	8000.0	5706.0
759	8000.0	5706.0
760	8000.0	5798.0
761	8000.0	5706.0
762	8000.0	5706.0
763	8000.0	5754.0
764	8000.0	5754.0
765	8000.0	5754.0
766	8000.0	5754.0
767	8000.0	5754.0
768	8000.0	5754.0
769	8000.0	5754.0
770	8000.0	5754.0
771	8000.0	5754.0
772	8000.0	5754.0
773	8000.0	5754.0
774	8000.0	5754.0
775	8000.0	5754.0
776	8000.0	5754.0
777	8000.0	5754.0
778	8000.0	5754.0
779	8000.0	5754.0
780	8000.0	5829.0
781	8000.0	5754.0
782	8000.0	5754.0
783	8000.0	5754.0
784	8000.0	5754.0
785	8000.0	5754.0
786	8000.0	5754.0
787	8000.0	5754.0
788	8000.0	5754.0
789	8000.0	5754.0
790	8000.0	5754.0
791	8000.0	5754.0
792	8000.0	5754.0
793	8000.0	5754.0
794	8000.0	5754.0
795	8000.0	5813.0
796	8000.0	5813.0
797	8000.0	5813.0
798	8000.0	5813.0
799	8000.0	5813.0
800	8000.0	5881.0
801	8000.0	5813.0
802	8000.0	5813.0
803	8000.0	5813.0
804	8000.0	5813.0
805	8000.0	5813.0
806	8000.0	5813.0
807	8000.0	5813.0
808	8000.0	5813.0
809	8000.0	5813.0
810	8000.0	5813.0
811	8000.0	5813.0
812	8000.0	5813.0
813	8000.0	5813.0
814	8000.0	5813.0
815	8000.0	5813.0
816	8000.0	5813.0
817	8000.0	5813.0
818	8000.0	5813.0
819	8000.0	5813.0
820	8000.0	5903.0
821	8000.0	5813.0
822	8000.0	5813.0
823	8000.0	5813.0
824	8000.0	5813.0
825	8000.0	5813.0
826	8000.0	5813.0
827	8000.0	5813.0
828	8000.0	5813.0
829	8000.0	5813.0
830	8000.0	5813.0
831	8000.0	5813.0
832	8000.0	5813.0
833	8000.0	5813.0
834	8000.0	5813.0
835	8000.0	5813.0
836	8000.0	5813.0
837	8000.0	5813.0
838	8000.0	5813.0
839	8000.0	5813.0
840	8000.0	5903.0
841	8000.0	5813.0
842	8000.0	5813.0
843	8000.0	5813.0
844	8000.0	5813.0
845	8000.0	5813.0
846	8000.0	5813.0
847	8000.0	5813.0
848	8000.0	5813.0
849	8000.0	5813.0
850	8000.0	5813.0
851	8000.0	5813.0
852	8000.0	5813.0
853	8000.0	5813.0
854	8000.0	5813.0
855	8000.0	5813.0
856	8000.0	5813.0
857	8000.0	5813.0
858	8000.0	5813.0
859	8000.0	5813.0
860	8000.0	5829.0
861	8000.0	5813.0
862	8000.0	5813.0
863	8000.0	5813.0
864	8000.0	5813.0
865	8000.0	5813.0
866	8000.0	5813.0
867	8000.0	5813.0
868	8000.0	5813.0
869	8000.0	5813.0
870	8000.0	5813.0
871	8000.0	5813.0
872	8000.0	5813.0
873	8000.0	5813.0
874	8000.0	5813.0
875	8000.0	5813.0
876	8000.0	5813.0
877	8000.0	5813.0
878	8000.0	5813.0
879	8000.0	5813.0
880	8000.0	5962.0
881	8000.0	5813.0
882	8000.0	5813.0
883	8000.0	5813.0
884	8000.0	5813.0
885	8000.0	5813.0
886	8000.0	5813.0
887	8000.0	5813.0
888	8000.0	5813.0
889	8000.0	5813.0
890	8000.0	5813.0
891	8000.0	5813.0
892	8000.0	5813.0
893	8000.0	5813.0
894	8000.0	5813.0
895	8000.0	5813.0
896	8000.0	5813.0
897	8000.0	5813.0
898	8000.0	5813.0
899	8000.0	5813.0
900	8000.0	5881.0
901	8000.0	5813.0
902	8000.0	5813.0
903	8000.0	5813.0
904	8000.0	5813.0
905	8000.0	5813.0
906	8000.0	5813.0
907	8000.0	5813.0
908	8000.0	5813.0
909	8000.0	5813.0
910	8000.0	5813.0
911	8000.0	5813.0
912	8000.0	5813.0
913	8000.0	5813.0
914	8000.0	5813.0
915	8000.0	5813.0
916	8000.0	5813.0
917	8000.0	5813.0
918	8000.0	5813.0
919	8000.0	5813.0
920	8000.0	5881.0
921	8000.0	5813.0
922	8000.0	5813.0
923	8000.0	5813.0
924	8000.0	5813.0
925	8000.0	5813.0
926	8000.0	5813.0
927	8000.0	5813.0
928	8000.0	5813.0
929	8000.0	5813.0
930	8000.0	5813.0
931	8000.0	5813.0
932	8000.0	5813.0
933	8000.0	5813.0
934	8000.0	5813.0
935	8000.0	5813.0
936	8000.0	5813.0
937	8000.0	5813.0
938	8000.0	5813.0
939	8000.0	5813.0
940	8000.0	5931.0
941	8000.0	5813.0
942	8000.0	5813.0
943	8000.0	5813.0
944	8000.0	5813.0
945	8000.0	5813.0
946	8000.0	5813.0
947	8000.0	5813.0
948	8000.0	5813.0
949	8000.0	5813.0
950	8000.0	5813.0
951	8000.0	5813.0
952	8000.0	5813.0
953	8000.0	5813.0
954	8000.0	5813.0
955	8000.0	5813.0
956	8000.0	5813.0
957	8000.0	5813.0
958	8000.0	5813.0
959	8000.0	5813.0
960	8000.0	5813.0
961	8000.0	5813.0
962	8000.0	5813.0
963	8000.0	5813.0
964	8000.0	5813.0
965	8000.0	5813.0
966	8000.0	5813.0
967	8000.0	5813.0
968	8000.0	5813.0
969	8000.0	5813.0
970	8000.0	5813.0
971	8000.0	5813.0
972	8000.0	5813.0
973	8000.0	5813.0
974	8000.0	5813.0
975	8000.0	5813.0
976	8000.0	5813.0
977	8000.0	5813.0
978	8000.0	5813.0
979	8000.0	5813.0
980	8000.0	5903.0
981	8000.0	5813.0
982	8000.0	5813.0
983	8000.0	5813.0
984	8000.0	5813.0
985	8000.0	5813.0
986	8000.0	5813.0
987	8000.0	5813.0
988	8000.0	5813.0
989	8000.0	5813.0
990	8000.0	5813.0
991	8000.0	5813.0
992	8000.0	5813.0
993	8000.0	5813.0
994	8000.0	5813.0
995	8000.0	5813.0
996	8000.0	5813.0
997	8000.0	5813.0
998	8000.0	5813.0
999	8000.0	5813.0
1000	8000.0	5903.0
