0 4406.0
1 4797.0
2 5299.0
3 5869.0
4 6215.0
5 6445.0
6 6960.0
7 7063.0
8 7457.0
9 7638.0
10 8012.0
11 8156.0
12 8633.0
13 8633.0
14 8633.0
15 9153.0
16 9428.0
17 9378.0
18 9515.0
19 9943.0
20 9943.0
21 9943.0
22 9906.0
23 10283.0
24 10283.0
25 10379.0
26 10379.0
27 10379.0
28 10454.0
29 10390.0
30 10442.0
31 10910.0
32 10910.0
33 10730.0
34 10730.0
35 10823.0
36 10915.0
37 10997.0
38 10997.0
39 11018.0
40 11018.0
41 11198.0
42 11177.0
43 11177.0
44 11300.0
45 11300.0
46 11238.0
47 11294.0
48 11243.0
49 11310.0
50 11320.0
51 11320.0
52 11365.0
53 11365.0
54 11365.0
55 11365.0
56 11365.0
57 11365.0
58 11365.0
59 11365.0
60 11365.0
61 11365.0
62 11365.0
63 11365.0
64 11365.0
65 11365.0
66 11365.0
67 11365.0
68 11365.0
69 11357.0
70 11357.0
71 11357.0
72 11357.0
73 11357.0
74 11357.0
75 11357.0
76 11357.0
77 11357.0
78 11357.0
79 11320.0
80 11320.0
81 11320.0
82 11320.0
83 11320.0
84 11320.0
85 11320.0
86 11320.0
87 11320.0
88 11320.0
89 11354.0
90 11354.0
91 11354.0
92 11320.0
93 11320.0
94 11320.0
95 11320.0
96 11320.0
97 11320.0
98 11320.0
99 11320.0
100 11320.0
101 11320.0
102 11320.0
103 11320.0
104 11320.0
105 11320.0
106 11320.0
107 11320.0
108 11320.0
109 11320.0
110 11320.0
111 11320.0
112 11354.0
113 11338.0
114 11338.0
115 11338.0
116 11320.0
117 11320.0
118 11320.0
119 11320.0
120 11320.0
121 11338.0
122 11320.0
123 11320.0
124 11320.0
125 11320.0
126 11320.0
127 11320.0
128 11320.0
129 11320.0
130 11320.0
131 11320.0
132 11320.0
133 11320.0
134 11320.0
135 11320.0
136 11320.0
137 11320.0
138 11320.0
139 11320.0
140 11320.0
141 11320.0
142 11320.0
143 11320.0
144 11320.0
145 11320.0
146 11320.0
147 11320.0
148 11320.0
149 11320.0
150 11320.0
151 11320.0
152 11320.0
153 11320.0
154 11320.0
155 11320.0
156 11320.0
157 11320.0
158 11320.0
159 11320.0
160 11320.0
161 11320.0
162 11320.0
163 11356.0
164 11356.0
165 11320.0
166 11320.0
167 11320.0
168 11320.0
169 11320.0
170 11320.0
171 11320.0
172 11320.0
173 11320.0
174 11320.0
175 11320.0
176 11320.0
177 11320.0
178 11320.0
179 11320.0
180 11320.0
181 11320.0
182 11320.0
183 11320.0
184 11320.0
185 11320.0
186 11320.0
187 11320.0
188 11320.0
189 11320.0
190 11320.0
191 11320.0
192 11320.0
193 11320.0
194 11320.0
195 11320.0
196 11320.0
197 11320.0
198 11320.0
199 11320.0
200 11320.0
201 11320.0
202 11320.0
203 11320.0
204 11320.0
205 11320.0
206 11320.0
207 11320.0
208 11320.0
209 11320.0
210 11320.0
211 11320.0
212 11320.0
213 11320.0
214 11320.0
215 11320.0
216 11320.0
217 11320.0
218 11320.0
219 11320.0
220 11320.0
221 11320.0
222 11320.0
223 11334.0
224 11334.0
225 11320.0
226 11320.0
227 11320.0
228 11320.0
229 11320.0
230 11320.0
231 11320.0
232 11320.0
233 11320.0
234 11330.0
235 11346.0
236 11320.0
237 11320.0
238 11320.0
239 11320.0
240 11320.0
241 11320.0
242 11320.0
243 11320.0
244 11320.0
245 11320.0
246 11320.0
247 11320.0
248 11320.0
249 11320.0
250 11320.0
251 11320.0
252 11320.0
253 11320.0
254 11320.0
255 11320.0
256 11320.0
257 11320.0
258 11320.0
259 11320.0
260 11320.0
261 11320.0
262 11320.0
263 11320.0
264 11320.0
265 11320.0
266 11320.0
267 11320.0
268 11320.0
269 11320.0
270 11320.0
271 11320.0
272 11320.0
273 11320.0
274 11320.0
275 11320.0
276 11320.0
277 11320.0
278 11320.0
279 11320.0
280 11320.0
281 11320.0
282 11320.0
283 11320.0
284 11320.0
285 11320.0
286 11320.0
287 11320.0
288 11320.0
289 11320.0
290 11320.0
291 11320.0
292 11320.0
293 11320.0
294 11320.0
295 11320.0
296 11320.0
297 11320.0
298 11320.0
299 11320.0
300 11320.0
301 11320.0
302 11320.0
303 11320.0
304 11320.0
305 11320.0
306 11320.0
307 11320.0
308 11320.0
309 11320.0
310 11320.0
311 11320.0
312 11320.0
313 11320.0
314 11320.0
315 11320.0
316 11320.0
317 11320.0
318 11320.0
319 11320.0
320 11320.0
321 11320.0
322 11320.0
323 11320.0
324 11320.0
325 11320.0
326 11320.0
327 11320.0
328 11320.0
329 11320.0
330 11320.0
331 11320.0
332 11320.0
333 11354.0
334 11354.0
335 11354.0
336 11354.0
337 11354.0
338 11320.0
339 11320.0
340 11320.0
341 11320.0
342 11320.0
343 11320.0
344 11320.0
345 11320.0
346 11320.0
347 11320.0
348 11320.0
349 11320.0
350 11320.0
351 11320.0
352 11320.0
353 11320.0
354 11320.0
355 11320.0
356 11320.0
357 11320.0
358 11320.0
359 11320.0
360 11320.0
361 11320.0
362 11320.0
363 11320.0
364 11330.0
365 11354.0
366 11338.0
367 11354.0
368 11354.0
369 11354.0
370 11354.0
371 11354.0
372 11354.0
373 11354.0
374 11354.0
375 11320.0
376 11320.0
377 11320.0
378 11320.0
379 11320.0
380 11320.0
381 11320.0
382 11320.0
383 11320.0
384 11320.0
385 11320.0
386 11320.0
387 11320.0
388 11320.0
389 11320.0
390 11320.0
391 11320.0
392 11320.0
393 11320.0
394 11320.0
395 11320.0
396 11320.0
397 11320.0
398 11320.0
399 11320.0
400 11320.0
401 11320.0
402 11320.0
403 11320.0
404 11320.0
405 11320.0
406 11320.0
407 11320.0
408 11320.0
409 11320.0
410 11320.0
411 11320.0
412 11320.0
413 11320.0
414 11320.0
415 11320.0
416 11320.0
417 11320.0
418 11320.0
419 11320.0
420 11320.0
421 11320.0
422 11320.0
423 11320.0
424 11320.0
425 11320.0
426 11320.0
427 11320.0
428 11320.0
429 11320.0
430 11320.0
431 11320.0
432 11320.0
433 11320.0
434 11320.0
435 11320.0
436 11320.0
437 11320.0
438 11320.0
439 11320.0
440 11320.0
441 11320.0
442 11320.0
443 11320.0
444 11320.0
445 11320.0
446 11320.0
447 11320.0
448 11320.0
449 11320.0
450 11320.0
451 11320.0
452 11320.0
453 11320.0
454 11320.0
455 11320.0
456 11320.0
457 11320.0
458 11320.0
459 11320.0
460 11320.0
461 11320.0
462 11320.0
463 11320.0
464 11320.0
465 11320.0
466 11320.0
467 11320.0
468 11320.0
469 11320.0
470 11320.0
471 11320.0
472 11320.0
473 11320.0
474 11320.0
475 11320.0
476 11320.0
477 11320.0
478 11320.0
479 11320.0
480 11320.0
481 11320.0
482 11320.0
483 11320.0
484 11320.0
485 11320.0
486 11320.0
487 11320.0
488 11320.0
489 11320.0
490 11320.0
491 11320.0
492 11320.0
493 11320.0
494 11320.0
495 11320.0
496 11320.0
497 11320.0
498 11320.0
499 11320.0
500 11320.0
501 11320.0
502 11320.0
503 11320.0
504 11320.0
505 11320.0
506 11320.0
507 11320.0
508 11320.0
509 11320.0
510 11320.0
511 11320.0
512 11320.0
513 11320.0
514 11320.0
515 11320.0
516 11320.0
517 11320.0
518 11320.0
519 11320.0
520 11320.0
521 11320.0
522 11320.0
523 11320.0
524 11320.0
525 11320.0
526 11320.0
527 11320.0
528 11354.0
529 11354.0
530 11320.0
531 11320.0
532 11320.0
533 11320.0
534 11320.0
535 11354.0
536 11354.0
537 11354.0
538 11354.0
539 11320.0
540 11320.0
541 11320.0
542 11320.0
543 11320.0
544 11320.0
545 11320.0
546 11320.0
547 11320.0
548 11320.0
549 11320.0
550 11320.0
551 11320.0
552 11320.0
553 11320.0
554 11320.0
555 11320.0
556 11320.0
557 11320.0
558 11320.0
559 11320.0
560 11320.0
561 11320.0
562 11320.0
563 11320.0
564 11320.0
565 11320.0
566 11320.0
567 11320.0
568 11320.0
569 11320.0
570 11320.0
571 11320.0
572 11320.0
573 11320.0
574 11320.0
575 11320.0
576 11320.0
577 11354.0
578 11354.0
579 11320.0
580 11320.0
581 11320.0
582 11320.0
583 11320.0
584 11320.0
585 11320.0
586 11320.0
587 11320.0
588 11320.0
589 11320.0
590 11320.0
591 11320.0
592 11320.0
593 11320.0
594 11320.0
595 11320.0
596 11320.0
597 11320.0
598 11320.0
599 11320.0
600 11320.0
601 11320.0
602 11320.0
603 11320.0
604 11320.0
605 11320.0
606 11320.0
607 11320.0
608 11320.0
609 11354.0
610 11354.0
611 11354.0
612 11320.0
613 11320.0
614 11346.0
615 11346.0
616 11320.0
617 11320.0
618 11320.0
619 11320.0
620 11320.0
621 11320.0
622 11320.0
623 11320.0
624 11320.0
625 11320.0
626 11320.0
627 11320.0
628 11320.0
629 11320.0
630 11320.0
631 11320.0
632 11320.0
633 11320.0
634 11320.0
635 11320.0
636 11320.0
637 11320.0
638 11320.0
639 11320.0
640 11320.0
641 11320.0
642 11320.0
643 11320.0
644 11320.0
645 11320.0
646 11320.0
647 11320.0
648 11320.0
649 11320.0
650 11320.0
651 11320.0
652 11320.0
653 11320.0
654 11320.0
655 11320.0
656 11320.0
657 11320.0
658 11320.0
659 11320.0
660 11320.0
661 11320.0
662 11320.0
663 11320.0
664 11320.0
665 11320.0
666 11320.0
667 11320.0
668 11320.0
669 11320.0
670 11320.0
671 11320.0
672 11320.0
673 11320.0
674 11320.0
675 11320.0
676 11338.0
677 11320.0
678 11320.0
679 11320.0
680 11320.0
681 11320.0
682 11320.0
683 11320.0
684 11320.0
685 11320.0
686 11320.0
687 11320.0
688 11320.0
689 11320.0
690 11320.0
691 11320.0
692 11320.0
693 11320.0
694 11320.0
695 11320.0
696 11320.0
697 11320.0
698 11320.0
699 11320.0
700 11320.0
701 11320.0
702 11320.0
703 11320.0
704 11320.0
705 11320.0
706 11320.0
707 11320.0
708 11338.0
709 11338.0
710 11338.0
711 11354.0
712 11354.0
713 11354.0
714 11354.0
715 11354.0
716 11354.0
717 11320.0
718 11320.0
719 11320.0
720 11320.0
721 11320.0
722 11338.0
723 11354.0
724 11354.0
725 11354.0
726 11320.0
727 11320.0
728 11320.0
729 11320.0
730 11320.0
731 11320.0
732 11320.0
733 11320.0
734 11320.0
735 11338.0
736 11354.0
737 11338.0
738 11354.0
739 11320.0
740 11320.0
741 11320.0
742 11320.0
743 11320.0
744 11320.0
745 11320.0
746 11320.0
747 11320.0
748 11320.0
749 11320.0
750 11320.0
751 11320.0
752 11320.0
753 11320.0
754 11320.0
755 11320.0
756 11364.0
757 11364.0
758 11364.0
759 11320.0
760 11320.0
761 11320.0
762 11320.0
763 11320.0
764 11320.0
765 11320.0
766 11320.0
767 11320.0
768 11320.0
769 11320.0
770 11320.0
771 11320.0
772 11320.0
773 11320.0
774 11320.0
775 11320.0
776 11320.0
777 11320.0
778 11320.0
779 11320.0
780 11320.0
781 11320.0
782 11320.0
783 11320.0
784 11320.0
785 11320.0
786 11320.0
787 11320.0
788 11320.0
789 11320.0
790 11320.0
791 11320.0
792 11338.0
793 11354.0
794 11354.0
795 11354.0
796 11354.0
797 11354.0
798 11354.0
799 11354.0
800 11354.0
801 11354.0
802 11320.0
803 11320.0
804 11320.0
805 11354.0
806 11320.0
807 11320.0
808 11320.0
809 11320.0
810 11320.0
811 11320.0
812 11320.0
813 11320.0
814 11320.0
815 11320.0
816 11320.0
817 11320.0
818 11320.0
819 11320.0
820 11320.0
821 11320.0
822 11320.0
823 11320.0
824 11320.0
825 11320.0
826 11320.0
827 11320.0
828 11320.0
829 11320.0
830 11320.0
831 11320.0
832 11320.0
833 11320.0
834 11320.0
835 11320.0
836 11320.0
837 11320.0
838 11320.0
839 11320.0
840 11320.0
841 11320.0
842 11320.0
843 11320.0
844 11320.0
845 11320.0
846 11320.0
847 11320.0
848 11320.0
849 11320.0
850 11320.0
851 11320.0
852 11320.0
853 11320.0
854 11320.0
855 11320.0
856 11320.0
857 11320.0
858 11320.0
859 11320.0
860 11320.0
861 11320.0
862 11320.0
863 11320.0
864 11320.0
865 11320.0
866 11320.0
867 11320.0
868 11320.0
869 11320.0
870 11320.0
871 11320.0
872 11320.0
873 11330.0
874 11346.0
875 11354.0
876 11354.0
877 11354.0
878 11354.0
879 11354.0
880 11354.0
881 11354.0
882 11320.0
883 11320.0
884 11320.0
885 11320.0
886 11320.0
887 11320.0
888 11320.0
889 11320.0
890 11320.0
891 11320.0
892 11320.0
893 11320.0
894 11320.0
895 11320.0
896 11320.0
897 11320.0
898 11320.0
899 11320.0
900 11320.0
901 11320.0
902 11320.0
903 11320.0
904 11320.0
905 11320.0
906 11320.0
907 11320.0
908 11320.0
909 11320.0
910 11354.0
911 11320.0
912 11320.0
913 11320.0
914 11320.0
915 11320.0
916 11320.0
917 11320.0
918 11320.0
919 11320.0
920 11320.0
921 11320.0
922 11320.0
923 11320.0
924 11320.0
925 11320.0
926 11320.0
927 11320.0
928 11320.0
929 11320.0
930 11320.0
931 11320.0
932 11320.0
933 11362.0
934 11320.0
935 11320.0
936 11320.0
937 11320.0
938 11338.0
939 11338.0
940 11354.0
941 11354.0
942 11338.0
943 11354.0
944 11354.0
945 11320.0
946 11320.0
947 11320.0
948 11320.0
949 11320.0
950 11320.0
951 11320.0
952 11320.0
953 11320.0
954 11320.0
955 11320.0
956 11320.0
957 11320.0
958 11320.0
959 11320.0
960 11320.0
961 11320.0
962 11320.0
963 11320.0
964 11320.0
965 11320.0
966 11320.0
967 11320.0
968 11320.0
969 11338.0
970 11354.0
971 11354.0
972 11338.0
973 11354.0
974 11354.0
975 11354.0
976 11354.0
977 11354.0
978 11354.0
979 11354.0
980 11354.0
981 11320.0
982 11320.0
983 11320.0
984 11320.0
985 11320.0
986 11320.0
987 11320.0
988 11320.0
989 11320.0
990 11320.0
991 11320.0
992 11320.0
993 11320.0
994 11320.0
995 11320.0
996 11320.0
997 11320.0
998 11320.0
999 11320.0
1000 11320.0
