0 4492.0
1 4775.0
2 5465.0
3 5988.0
4 6494.0
5 6613.0
6 7066.0
7 7287.0
8 7975.0
9 7975.0
10 8221.0
11 8360.0
12 8368.0
13 8724.0
14 9356.0
15 8976.0
16 8943.0
17 9117.0
18 9421.0
19 9421.0
20 9653.0
21 9764.0
22 9683.0
23 9824.0
24 9824.0
25 9900.0
26 9991.0
27 10066.0
28 10377.0
29 10125.0
30 10125.0
31 10143.0
32 10232.0
33 10249.0
34 10415.0
35 10591.0
36 10591.0
37 10487.0
38 10708.0
39 10668.0
40 10841.0
41 10841.0
42 10841.0
43 10844.0
44 10951.0
45 10997.0
46 10997.0
47 10997.0
48 10938.0
49 10938.0
50 11128.0
51 11211.0
52 11128.0
53 11141.0
54 11248.0
55 11225.0
56 11225.0
57 11225.0
58 11214.0
59 11257.0
60 11296.0
61 11275.0
62 11275.0
63 11340.0
64 11275.0
65 11275.0
66 11275.0
67 11277.0
68 11277.0
69 11277.0
70 11277.0
71 11277.0
72 11277.0
73 11277.0
74 11277.0
75 11277.0
76 11275.0
77 11275.0
78 11275.0
79 11275.0
80 11236.0
81 11236.0
82 11236.0
83 11236.0
84 11236.0
85 11236.0
86 11236.0
87 11236.0
88 11236.0
89 11236.0
90 11236.0
91 11236.0
92 11236.0
93 11236.0
94 11236.0
95 11236.0
96 11236.0
97 11236.0
98 11236.0
99 11236.0
100 11236.0
101 11236.0
102 11236.0
103 11236.0
104 11236.0
105 11236.0
106 11236.0
107 11236.0
108 11236.0
109 11236.0
110 11236.0
111 11236.0
112 11236.0
113 11236.0
114 11236.0
115 11270.0
116 11270.0
117 11236.0
118 11236.0
119 11236.0
120 11236.0
121 11236.0
122 11236.0
123 11236.0
124 11236.0
125 11236.0
126 11236.0
127 11236.0
128 11236.0
129 11236.0
130 11236.0
131 11236.0
132 11236.0
133 11236.0
134 11236.0
135 11236.0
136 11236.0
137 11236.0
138 11236.0
139 11236.0
140 11236.0
141 11236.0
142 11236.0
143 11236.0
144 11236.0
145 11236.0
146 11236.0
147 11236.0
148 11236.0
149 11236.0
150 11236.0
151 11236.0
152 11236.0
153 11236.0
154 11236.0
155 11236.0
156 11236.0
157 11236.0
158 11236.0
159 11236.0
160 11236.0
161 11236.0
162 11236.0
163 11236.0
164 11270.0
165 11236.0
166 11236.0
167 11236.0
168 11236.0
169 11236.0
170 11236.0
171 11236.0
172 11236.0
173 11236.0
174 11236.0
175 11236.0
176 11270.0
177 11270.0
178 11270.0
179 11236.0
180 11236.0
181 11236.0
182 11236.0
183 11236.0
184 11236.0
185 11236.0
186 11236.0
187 11236.0
188 11236.0
189 11236.0
190 11236.0
191 11236.0
192 11236.0
193 11236.0
194 11236.0
195 11236.0
196 11236.0
197 11236.0
198 11236.0
199 11236.0
200 11236.0
201 11236.0
202 11236.0
203 11236.0
204 11236.0
205 11236.0
206 11236.0
207 11236.0
208 11236.0
209 11236.0
210 11236.0
211 11236.0
212 11236.0
213 11236.0
214 11236.0
215 11236.0
216 11236.0
217 11236.0
218 11236.0
219 11236.0
220 11236.0
221 11236.0
222 11236.0
223 11270.0
224 11270.0
225 11236.0
226 11236.0
227 11236.0
228 11236.0
229 11236.0
230 11236.0
231 11236.0
232 11236.0
233 11236.0
234 11236.0
235 11236.0
236 11236.0
237 11236.0
238 11236.0
239 11236.0
240 11236.0
241 11236.0
242 11236.0
243 11236.0
244 11236.0
245 11236.0
246 11236.0
247 11236.0
248 11236.0
249 11236.0
250 11236.0
251 11236.0
252 11236.0
253 11236.0
254 11236.0
255 11236.0
256 11236.0
257 11236.0
258 11236.0
259 11236.0
260 11236.0
261 11236.0
262 11236.0
263 11236.0
264 11236.0
265 11236.0
266 11236.0
267 11236.0
268 11236.0
269 11236.0
270 11236.0
271 11236.0
272 11236.0
273 11236.0
274 11236.0
275 11236.0
276 11236.0
277 11236.0
278 11236.0
279 11236.0
280 11236.0
281 11236.0
282 11236.0
283 11236.0
284 11236.0
285 11270.0
286 11236.0
287 11236.0
288 11236.0
289 11236.0
290 11236.0
291 11236.0
292 11236.0
293 11236.0
294 11236.0
295 11236.0
296 11236.0
297 11236.0
298 11236.0
299 11236.0
300 11236.0
301 11236.0
302 11236.0
303 11236.0
304 11236.0
305 11262.0
306 11262.0
307 11262.0
308 11262.0
309 11262.0
310 11262.0
311 11236.0
312 11236.0
313 11236.0
314 11236.0
315 11236.0
316 11236.0
317 11236.0
318 11236.0
319 11236.0
320 11236.0
321 11236.0
322 11236.0
323 11236.0
324 11236.0
325 11236.0
326 11236.0
327 11236.0
328 11236.0
329 11236.0
330 11236.0
331 11236.0
332 11236.0
333 11236.0
334 11236.0
335 11236.0
336 11236.0
337 11236.0
338 11236.0
339 11236.0
340 11236.0
341 11236.0
342 11236.0
343 11236.0
344 11236.0
345 11236.0
346 11236.0
347 11236.0
348 11236.0
349 11236.0
350 11236.0
351 11236.0
352 11236.0
353 11236.0
354 11236.0
355 11236.0
356 11236.0
357 11236.0
358 11236.0
359 11236.0
360 11236.0
361 11236.0
362 11236.0
363 11236.0
364 11236.0
365 11236.0
366 11236.0
367 11236.0
368 11236.0
369 11236.0
370 11236.0
371 11236.0
372 11270.0
373 11236.0
374 11236.0
375 11236.0
376 11236.0
377 11236.0
378 11236.0
379 11236.0
380 11236.0
381 11236.0
382 11236.0
383 11236.0
384 11236.0
385 11236.0
386 11236.0
387 11236.0
388 11236.0
389 11236.0
390 11236.0
391 11236.0
392 11236.0
393 11236.0
394 11236.0
395 11236.0
396 11236.0
397 11236.0
398 11236.0
399 11236.0
400 11236.0
401 11236.0
402 11236.0
403 11236.0
404 11236.0
405 11236.0
406 11236.0
407 11236.0
408 11270.0
409 11270.0
410 11270.0
411 11270.0
412 11236.0
413 11236.0
414 11236.0
415 11236.0
416 11236.0
417 11236.0
418 11236.0
419 11236.0
420 11236.0
421 11236.0
422 11236.0
423 11270.0
424 11236.0
425 11236.0
426 11236.0
427 11236.0
428 11236.0
429 11236.0
430 11236.0
431 11236.0
432 11236.0
433 11236.0
434 11236.0
435 11236.0
436 11236.0
437 11236.0
438 11236.0
439 11270.0
440 11236.0
441 11236.0
442 11236.0
443 11236.0
444 11236.0
445 11236.0
446 11236.0
447 11236.0
448 11236.0
449 11236.0
450 11236.0
451 11236.0
452 11236.0
453 11236.0
454 11236.0
455 11236.0
456 11236.0
457 11236.0
458 11236.0
459 11236.0
460 11236.0
461 11236.0
462 11236.0
463 11236.0
464 11236.0
465 11236.0
466 11236.0
467 11236.0
468 11236.0
469 11236.0
470 11236.0
471 11236.0
472 11236.0
473 11236.0
474 11236.0
475 11236.0
476 11236.0
477 11236.0
478 11236.0
479 11236.0
480 11236.0
481 11236.0
482 11236.0
483 11236.0
484 11236.0
485 11270.0
486 11236.0
487 11236.0
488 11236.0
489 11236.0
490 11236.0
491 11236.0
492 11236.0
493 11236.0
494 11236.0
495 11236.0
496 11236.0
497 11236.0
498 11236.0
499 11236.0
500 11236.0
501 11236.0
502 11236.0
503 11236.0
504 11236.0
505 11236.0
506 11236.0
507 11236.0
508 11236.0
509 11236.0
510 11236.0
511 11236.0
512 11236.0
513 11236.0
514 11236.0
515 11236.0
516 11236.0
517 11236.0
518 11236.0
519 11236.0
520 11236.0
521 11236.0
522 11236.0
523 11236.0
524 11236.0
525 11236.0
526 11236.0
527 11236.0
528 11236.0
529 11236.0
530 11236.0
531 11236.0
532 11236.0
533 11236.0
534 11236.0
535 11236.0
536 11236.0
537 11236.0
538 11236.0
539 11236.0
540 11236.0
541 11236.0
542 11236.0
543 11236.0
544 11254.0
545 11236.0
546 11236.0
547 11236.0
548 11236.0
549 11236.0
550 11236.0
551 11236.0
552 11236.0
553 11236.0
554 11236.0
555 11236.0
556 11236.0
557 11236.0
558 11236.0
559 11236.0
560 11236.0
561 11236.0
562 11236.0
563 11236.0
564 11236.0
565 11236.0
566 11236.0
567 11236.0
568 11236.0
569 11236.0
570 11236.0
571 11236.0
572 11236.0
573 11236.0
574 11236.0
575 11236.0
576 11236.0
577 11236.0
578 11236.0
579 11236.0
580 11236.0
581 11236.0
582 11236.0
583 11236.0
584 11236.0
585 11236.0
586 11236.0
587 11236.0
588 11236.0
589 11236.0
590 11236.0
591 11236.0
592 11236.0
593 11236.0
594 11236.0
595 11236.0
596 11236.0
597 11236.0
598 11236.0
599 11236.0
600 11236.0
601 11236.0
602 11236.0
603 11236.0
604 11236.0
605 11236.0
606 11236.0
607 11236.0
608 11236.0
609 11236.0
610 11236.0
611 11236.0
612 11236.0
613 11236.0
614 11236.0
615 11236.0
616 11236.0
617 11236.0
618 11236.0
619 11250.0
620 11236.0
621 11236.0
622 11236.0
623 11236.0
624 11236.0
625 11236.0
626 11236.0
627 11236.0
628 11236.0
629 11236.0
630 11236.0
631 11236.0
632 11236.0
633 11236.0
634 11236.0
635 11236.0
636 11236.0
637 11236.0
638 11236.0
639 11236.0
640 11268.0
641 11268.0
642 11236.0
643 11236.0
644 11236.0
645 11236.0
646 11236.0
647 11236.0
648 11236.0
649 11236.0
650 11236.0
651 11236.0
652 11236.0
653 11236.0
654 11236.0
655 11236.0
656 11236.0
657 11236.0
658 11236.0
659 11236.0
660 11236.0
661 11236.0
662 11236.0
663 11236.0
664 11236.0
665 11236.0
666 11236.0
667 11236.0
668 11236.0
669 11236.0
670 11236.0
671 11236.0
672 11236.0
673 11236.0
674 11236.0
675 11236.0
676 11236.0
677 11236.0
678 11236.0
679 11236.0
680 11236.0
681 11236.0
682 11236.0
683 11236.0
684 11236.0
685 11236.0
686 11236.0
687 11236.0
688 11236.0
689 11236.0
690 11236.0
691 11236.0
692 11236.0
693 11236.0
694 11236.0
695 11236.0
696 11236.0
697 11236.0
698 11236.0
699 11236.0
700 11236.0
701 11236.0
702 11236.0
703 11236.0
704 11236.0
705 11236.0
706 11236.0
707 11236.0
708 11236.0
709 11236.0
710 11236.0
711 11236.0
712 11236.0
713 11236.0
714 11236.0
715 11236.0
716 11236.0
717 11236.0
718 11236.0
719 11236.0
720 11236.0
721 11236.0
722 11236.0
723 11236.0
724 11236.0
725 11236.0
726 11236.0
727 11236.0
728 11236.0
729 11236.0
730 11236.0
731 11236.0
732 11236.0
733 11236.0
734 11236.0
735 11236.0
736 11236.0
737 11236.0
738 11236.0
739 11236.0
740 11236.0
741 11236.0
742 11236.0
743 11236.0
744 11236.0
745 11236.0
746 11236.0
747 11236.0
748 11236.0
749 11236.0
750 11236.0
751 11236.0
752 11236.0
753 11236.0
754 11236.0
755 11236.0
756 11236.0
757 11236.0
758 11236.0
759 11236.0
760 11236.0
761 11236.0
762 11236.0
763 11236.0
764 11236.0
765 11236.0
766 11236.0
767 11236.0
768 11236.0
769 11236.0
770 11236.0
771 11236.0
772 11236.0
773 11236.0
774 11236.0
775 11236.0
776 11236.0
777 11236.0
778 11236.0
779 11236.0
780 11236.0
781 11236.0
782 11236.0
783 11236.0
784 11236.0
785 11236.0
786 11236.0
787 11236.0
788 11236.0
789 11236.0
790 11236.0
791 11236.0
792 11236.0
793 11236.0
794 11236.0
795 11236.0
796 11236.0
797 11236.0
798 11236.0
799 11236.0
800 11236.0
801 11236.0
802 11236.0
803 11236.0
804 11236.0
805 11236.0
806 11236.0
807 11236.0
808 11236.0
809 11236.0
810 11236.0
811 11236.0
812 11236.0
813 11236.0
814 11236.0
815 11236.0
816 11236.0
817 11236.0
818 11236.0
819 11236.0
820 11236.0
821 11236.0
822 11236.0
823 11236.0
824 11236.0
825 11236.0
826 11236.0
827 11236.0
828 11236.0
829 11236.0
830 11236.0
831 11236.0
832 11236.0
833 11236.0
834 11236.0
835 11236.0
836 11236.0
837 11236.0
838 11236.0
839 11236.0
840 11236.0
841 11236.0
842 11236.0
843 11236.0
844 11236.0
845 11236.0
846 11236.0
847 11236.0
848 11236.0
849 11236.0
850 11236.0
851 11236.0
852 11236.0
853 11236.0
854 11236.0
855 11236.0
856 11236.0
857 11236.0
858 11236.0
859 11270.0
860 11236.0
861 11236.0
862 11236.0
863 11236.0
864 11236.0
865 11236.0
866 11236.0
867 11236.0
868 11236.0
869 11236.0
870 11236.0
871 11236.0
872 11236.0
873 11236.0
874 11236.0
875 11236.0
876 11236.0
877 11236.0
878 11236.0
879 11236.0
880 11236.0
881 11236.0
882 11236.0
883 11236.0
884 11236.0
885 11236.0
886 11236.0
887 11236.0
888 11236.0
889 11236.0
890 11236.0
891 11236.0
892 11236.0
893 11236.0
894 11236.0
895 11236.0
896 11236.0
897 11236.0
898 11236.0
899 11236.0
900 11236.0
901 11236.0
902 11236.0
903 11236.0
904 11236.0
905 11236.0
906 11236.0
907 11236.0
908 11236.0
909 11236.0
910 11236.0
911 11236.0
912 11236.0
913 11236.0
914 11236.0
915 11236.0
916 11236.0
917 11236.0
918 11236.0
919 11236.0
920 11236.0
921 11236.0
922 11236.0
923 11236.0
924 11236.0
925 11236.0
926 11236.0
927 11236.0
928 11236.0
929 11236.0
930 11236.0
931 11236.0
932 11236.0
933 11236.0
934 11236.0
935 11236.0
936 11236.0
937 11236.0
938 11236.0
939 11236.0
940 11236.0
941 11236.0
942 11236.0
943 11236.0
944 11236.0
945 11236.0
946 11236.0
947 11236.0
948 11236.0
949 11236.0
950 11236.0
951 11236.0
952 11236.0
953 11236.0
954 11236.0
955 11236.0
956 11236.0
957 11236.0
958 11236.0
959 11236.0
960 11236.0
961 11236.0
962 11236.0
963 11236.0
964 11236.0
965 11236.0
966 11236.0
967 11236.0
968 11236.0
969 11236.0
970 11236.0
971 11236.0
972 11236.0
973 11236.0
974 11236.0
975 11236.0
976 11236.0
977 11236.0
978 11236.0
979 11236.0
980 11236.0
981 11236.0
982 11236.0
983 11236.0
984 11236.0
985 11236.0
986 11236.0
987 11236.0
988 11236.0
989 11236.0
990 11236.0
991 11236.0
992 11236.0
993 11236.0
994 11236.0
995 11236.0
996 11236.0
997 11270.0
998 11270.0
999 11236.0
1000 11236.0
