0 4406.0
1 4657.0
2 4814.0
3 5537.0
4 5909.0
5 6244.0
6 6648.0
7 6853.0
8 7363.0
9 7345.0
10 7950.0
11 7978.0
12 8255.0
13 8386.0
14 8726.0
15 8875.0
16 8891.0
17 8992.0
18 9246.0
19 9246.0
20 9553.0
21 9587.0
22 10168.0
23 10185.0
24 10185.0
25 10185.0
26 10296.0
27 10296.0
28 10296.0
29 10679.0
30 10219.0
31 10402.0
32 10575.0
33 10684.0
34 10693.0
35 10759.0
36 10759.0
37 10802.0
38 10802.0
39 10860.0
40 10792.0
41 10993.0
42 10890.0
43 10858.0
44 10997.0
45 11041.0
46 11129.0
47 11070.0
48 11163.0
49 11382.0
50 11129.0
51 11104.0
52 11360.0
53 11406.0
54 11406.0
55 11406.0
56 11406.0
57 11406.0
58 11408.0
59 11408.0
60 11408.0
61 11408.0
62 11408.0
63 11408.0
64 11408.0
65 11408.0
66 11408.0
67 11408.0
68 11408.0
69 11408.0
70 11408.0
71 11408.0
72 11408.0
73 11408.0
74 11408.0
75 11408.0
76 11408.0
77 11408.0
78 11408.0
79 11408.0
80 11408.0
81 11408.0
82 11408.0
83 11408.0
84 11408.0
85 11408.0
86 11408.0
87 11408.0
88 11408.0
89 11408.0
90 11408.0
91 11408.0
92 11408.0
93 11408.0
94 11408.0
95 11408.0
96 11408.0
97 11408.0
98 11408.0
99 11408.0
100 11408.0
101 11408.0
102 11408.0
103 11442.0
104 11408.0
105 11408.0
106 11408.0
107 11408.0
108 11442.0
109 11442.0
110 11408.0
111 11408.0
112 11408.0
113 11408.0
114 11408.0
115 11408.0
116 11408.0
117 11408.0
118 11408.0
119 11408.0
120 11408.0
121 11408.0
122 11442.0
123 11442.0
124 11408.0
125 11408.0
126 11442.0
127 11408.0
128 11408.0
129 11408.0
130 11408.0
131 11408.0
132 11408.0
133 11408.0
134 11408.0
135 11408.0
136 11408.0
137 11408.0
138 11408.0
139 11408.0
140 11408.0
141 11408.0
142 11408.0
143 11408.0
144 11408.0
145 11408.0
146 11408.0
147 11408.0
148 11408.0
149 11408.0
150 11408.0
151 11408.0
152 11408.0
153 11408.0
154 11442.0
155 11442.0
156 11442.0
157 11408.0
158 11408.0
159 11408.0
160 11408.0
161 11408.0
162 11408.0
163 11408.0
164 11408.0
165 11408.0
166 11408.0
167 11408.0
168 11408.0
169 11408.0
170 11408.0
171 11408.0
172 11408.0
173 11408.0
174 11408.0
175 11408.0
176 11408.0
177 11408.0
178 11408.0
179 11408.0
180 11408.0
181 11408.0
182 11432.0
183 11408.0
184 11408.0
185 11408.0
186 11408.0
187 11408.0
188 11408.0
189 11408.0
190 11408.0
191 11408.0
192 11408.0
193 11408.0
194 11408.0
195 11408.0
196 11408.0
197 11408.0
198 11408.0
199 11408.0
200 11408.0
201 11408.0
202 11408.0
203 11408.0
204 11408.0
205 11408.0
206 11408.0
207 11408.0
208 11408.0
209 11408.0
210 11408.0
211 11408.0
212 11408.0
213 11408.0
214 11408.0
215 11408.0
216 11408.0
217 11408.0
218 11408.0
219 11408.0
220 11408.0
221 11408.0
222 11408.0
223 11408.0
224 11408.0
225 11408.0
226 11408.0
227 11408.0
228 11408.0
229 11408.0
230 11408.0
231 11408.0
232 11408.0
233 11408.0
234 11408.0
235 11408.0
236 11408.0
237 11408.0
238 11408.0
239 11442.0
240 11442.0
241 11408.0
242 11408.0
243 11408.0
244 11408.0
245 11408.0
246 11408.0
247 11408.0
248 11442.0
249 11408.0
250 11408.0
251 11408.0
252 11408.0
253 11408.0
254 11408.0
255 11408.0
256 11408.0
257 11408.0
258 11408.0
259 11408.0
260 11408.0
261 11408.0
262 11408.0
263 11408.0
264 11408.0
265 11408.0
266 11408.0
267 11408.0
268 11408.0
269 11408.0
270 11408.0
271 11408.0
272 11408.0
273 11408.0
274 11408.0
275 11408.0
276 11408.0
277 11408.0
278 11408.0
279 11408.0
280 11408.0
281 11408.0
282 11408.0
283 11408.0
284 11408.0
285 11408.0
286 11408.0
287 11408.0
288 11408.0
289 11408.0
290 11408.0
291 11408.0
292 11408.0
293 11408.0
294 11408.0
295 11408.0
296 11442.0
297 11442.0
298 11442.0
299 11408.0
300 11408.0
301 11408.0
302 11408.0
303 11408.0
304 11408.0
305 11408.0
306 11408.0
307 11408.0
308 11408.0
309 11408.0
310 11408.0
311 11408.0
312 11442.0
313 11408.0
314 11408.0
315 11408.0
316 11408.0
317 11408.0
318 11408.0
319 11408.0
320 11408.0
321 11408.0
322 11408.0
323 11408.0
324 11408.0
325 11408.0
326 11408.0
327 11408.0
328 11408.0
329 11408.0
330 11408.0
331 11408.0
332 11408.0
333 11408.0
334 11408.0
335 11408.0
336 11408.0
337 11408.0
338 11408.0
339 11408.0
340 11408.0
341 11408.0
342 11408.0
343 11408.0
344 11408.0
345 11408.0
346 11408.0
347 11408.0
348 11408.0
349 11408.0
350 11408.0
351 11408.0
352 11408.0
353 11408.0
354 11408.0
355 11408.0
356 11408.0
357 11408.0
358 11408.0
359 11408.0
360 11408.0
361 11408.0
362 11408.0
363 11408.0
364 11408.0
365 11408.0
366 11408.0
367 11408.0
368 11408.0
369 11408.0
370 11408.0
371 11408.0
372 11408.0
373 11408.0
374 11408.0
375 11408.0
376 11408.0
377 11408.0
378 11408.0
379 11408.0
380 11408.0
381 11408.0
382 11408.0
383 11408.0
384 11408.0
385 11408.0
386 11408.0
387 11408.0
388 11408.0
389 11408.0
390 11408.0
391 11408.0
392 11408.0
393 11408.0
394 11408.0
395 11408.0
396 11408.0
397 11408.0
398 11408.0
399 11408.0
400 11408.0
401 11408.0
402 11408.0
403 11408.0
404 11408.0
405 11408.0
406 11408.0
407 11408.0
408 11408.0
409 11408.0
410 11408.0
411 11408.0
412 11408.0
413 11408.0
414 11408.0
415 11408.0
416 11408.0
417 11408.0
418 11408.0
419 11408.0
420 11408.0
421 11408.0
422 11408.0
423 11408.0
424 11408.0
425 11408.0
426 11440.0
427 11408.0
428 11408.0
429 11408.0
430 11408.0
431 11408.0
432 11408.0
433 11408.0
434 11408.0
435 11408.0
436 11408.0
437 11408.0
438 11408.0
439 11408.0
440 11408.0
441 11408.0
442 11408.0
443 11408.0
444 11408.0
445 11408.0
446 11408.0
447 11408.0
448 11408.0
449 11408.0
450 11408.0
451 11408.0
452 11408.0
453 11408.0
454 11408.0
455 11408.0
456 11408.0
457 11408.0
458 11408.0
459 11408.0
460 11408.0
461 11408.0
462 11408.0
463 11408.0
464 11408.0
465 11408.0
466 11408.0
467 11408.0
468 11408.0
469 11442.0
470 11408.0
471 11408.0
472 11408.0
473 11408.0
474 11408.0
475 11408.0
476 11408.0
477 11408.0
478 11408.0
479 11408.0
480 11408.0
481 11408.0
482 11408.0
483 11408.0
484 11408.0
485 11408.0
486 11408.0
487 11408.0
488 11408.0
489 11408.0
490 11408.0
491 11408.0
492 11408.0
493 11408.0
494 11408.0
495 11408.0
496 11408.0
497 11408.0
498 11408.0
499 11408.0
500 11408.0
501 11408.0
502 11442.0
503 11408.0
504 11408.0
505 11408.0
506 11408.0
507 11408.0
508 11408.0
509 11408.0
510 11408.0
511 11408.0
512 11408.0
513 11408.0
514 11408.0
515 11408.0
516 11408.0
517 11408.0
518 11408.0
519 11408.0
520 11408.0
521 11408.0
522 11408.0
523 11408.0
524 11408.0
525 11408.0
526 11408.0
527 11408.0
528 11408.0
529 11408.0
530 11408.0
531 11408.0
532 11408.0
533 11408.0
534 11408.0
535 11408.0
536 11408.0
537 11408.0
538 11408.0
539 11408.0
540 11408.0
541 11408.0
542 11408.0
543 11408.0
544 11408.0
545 11408.0
546 11408.0
547 11408.0
548 11408.0
549 11408.0
550 11408.0
551 11408.0
552 11408.0
553 11408.0
554 11408.0
555 11408.0
556 11432.0
557 11432.0
558 11432.0
559 11432.0
560 11432.0
561 11408.0
562 11408.0
563 11408.0
564 11408.0
565 11442.0
566 11442.0
567 11442.0
568 11408.0
569 11408.0
570 11408.0
571 11408.0
572 11408.0
573 11408.0
574 11408.0
575 11408.0
576 11408.0
577 11408.0
578 11408.0
579 11408.0
580 11408.0
581 11408.0
582 11408.0
583 11408.0
584 11408.0
585 11408.0
586 11408.0
587 11408.0
588 11408.0
589 11408.0
590 11408.0
591 11408.0
592 11408.0
593 11442.0
594 11442.0
595 11442.0
596 11442.0
597 11408.0
598 11408.0
599 11408.0
600 11408.0
601 11408.0
602 11408.0
603 11408.0
604 11408.0
605 11408.0
606 11408.0
607 11408.0
608 11408.0
609 11408.0
610 11408.0
611 11408.0
612 11408.0
613 11408.0
614 11440.0
615 11408.0
616 11408.0
617 11408.0
618 11408.0
619 11408.0
620 11408.0
621 11408.0
622 11408.0
623 11408.0
624 11408.0
625 11408.0
626 11408.0
627 11408.0
628 11408.0
629 11408.0
630 11408.0
631 11408.0
632 11408.0
633 11408.0
634 11408.0
635 11408.0
636 11408.0
637 11408.0
638 11408.0
639 11440.0
640 11408.0
641 11408.0
642 11408.0
643 11408.0
644 11408.0
645 11408.0
646 11408.0
647 11408.0
648 11408.0
649 11408.0
650 11408.0
651 11408.0
652 11408.0
653 11408.0
654 11442.0
655 11408.0
656 11408.0
657 11434.0
658 11408.0
659 11408.0
660 11408.0
661 11408.0
662 11408.0
663 11408.0
664 11408.0
665 11408.0
666 11440.0
667 11408.0
668 11408.0
669 11408.0
670 11408.0
671 11408.0
672 11408.0
673 11408.0
674 11408.0
675 11408.0
676 11408.0
677 11408.0
678 11408.0
679 11408.0
680 11408.0
681 11408.0
682 11408.0
683 11408.0
684 11408.0
685 11408.0
686 11408.0
687 11408.0
688 11408.0
689 11408.0
690 11408.0
691 11408.0
692 11408.0
693 11408.0
694 11408.0
695 11408.0
696 11408.0
697 11408.0
698 11408.0
699 11408.0
700 11408.0
701 11408.0
702 11408.0
703 11442.0
704 11442.0
705 11442.0
706 11408.0
707 11408.0
708 11408.0
709 11408.0
710 11408.0
711 11408.0
712 11408.0
713 11408.0
714 11408.0
715 11408.0
716 11408.0
717 11408.0
718 11408.0
719 11408.0
720 11408.0
721 11408.0
722 11408.0
723 11408.0
724 11408.0
725 11408.0
726 11408.0
727 11408.0
728 11408.0
729 11408.0
730 11408.0
731 11408.0
732 11408.0
733 11408.0
734 11408.0
735 11408.0
736 11408.0
737 11408.0
738 11408.0
739 11408.0
740 11408.0
741 11408.0
742 11408.0
743 11408.0
744 11408.0
745 11408.0
746 11408.0
747 11408.0
748 11408.0
749 11408.0
750 11408.0
751 11408.0
752 11408.0
753 11408.0
754 11408.0
755 11408.0
756 11408.0
757 11408.0
758 11442.0
759 11408.0
760 11408.0
761 11408.0
762 11408.0
763 11408.0
764 11408.0
765 11408.0
766 11408.0
767 11408.0
768 11408.0
769 11408.0
770 11408.0
771 11408.0
772 11408.0
773 11408.0
774 11408.0
775 11408.0
776 11408.0
777 11408.0
778 11408.0
779 11408.0
780 11408.0
781 11408.0
782 11408.0
783 11408.0
784 11408.0
785 11408.0
786 11408.0
787 11408.0
788 11408.0
789 11408.0
790 11408.0
791 11408.0
792 11408.0
793 11408.0
794 11408.0
795 11408.0
796 11408.0
797 11408.0
798 11408.0
799 11442.0
800 11442.0
801 11408.0
802 11408.0
803 11408.0
804 11408.0
805 11408.0
806 11408.0
807 11408.0
808 11408.0
809 11408.0
810 11408.0
811 11408.0
812 11408.0
813 11408.0
814 11408.0
815 11408.0
816 11408.0
817 11408.0
818 11408.0
819 11408.0
820 11408.0
821 11408.0
822 11408.0
823 11408.0
824 11408.0
825 11408.0
826 11408.0
827 11408.0
828 11408.0
829 11408.0
830 11408.0
831 11442.0
832 11408.0
833 11408.0
834 11408.0
835 11408.0
836 11408.0
837 11408.0
838 11408.0
839 11408.0
840 11408.0
841 11408.0
842 11408.0
843 11408.0
844 11408.0
845 11408.0
846 11408.0
847 11408.0
848 11408.0
849 11408.0
850 11408.0
851 11408.0
852 11408.0
853 11408.0
854 11408.0
855 11408.0
856 11408.0
857 11408.0
858 11408.0
859 11408.0
860 11408.0
861 11408.0
862 11408.0
863 11408.0
864 11408.0
865 11408.0
866 11408.0
867 11408.0
868 11408.0
869 11408.0
870 11408.0
871 11408.0
872 11408.0
873 11408.0
874 11408.0
875 11408.0
876 11408.0
877 11408.0
878 11408.0
879 11408.0
880 11408.0
881 11408.0
882 11408.0
883 11408.0
884 11408.0
885 11408.0
886 11408.0
887 11408.0
888 11408.0
889 11408.0
890 11408.0
891 11408.0
892 11408.0
893 11408.0
894 11408.0
895 11408.0
896 11408.0
897 11408.0
898 11408.0
899 11442.0
900 11408.0
901 11408.0
902 11408.0
903 11408.0
904 11408.0
905 11408.0
906 11408.0
907 11408.0
908 11442.0
909 11442.0
910 11442.0
911 11442.0
912 11442.0
913 11408.0
914 11408.0
915 11408.0
916 11408.0
917 11408.0
918 11408.0
919 11408.0
920 11408.0
921 11408.0
922 11408.0
923 11408.0
924 11408.0
925 11408.0
926 11408.0
927 11408.0
928 11408.0
929 11408.0
930 11408.0
931 11408.0
932 11408.0
933 11408.0
934 11408.0
935 11408.0
936 11408.0
937 11408.0
938 11408.0
939 11408.0
940 11408.0
941 11408.0
942 11408.0
943 11408.0
944 11408.0
945 11408.0
946 11408.0
947 11408.0
948 11408.0
949 11408.0
950 11408.0
951 11408.0
952 11408.0
953 11408.0
954 11408.0
955 11408.0
956 11408.0
957 11408.0
958 11408.0
959 11408.0
960 11408.0
961 11408.0
962 11408.0
963 11408.0
964 11408.0
965 11408.0
966 11408.0
967 11408.0
968 11408.0
969 11408.0
970 11408.0
971 11408.0
972 11408.0
973 11408.0
974 11408.0
975 11408.0
976 11408.0
977 11408.0
978 11408.0
979 11408.0
980 11408.0
981 11408.0
982 11408.0
983 11408.0
984 11408.0
985 11408.0
986 11408.0
987 11408.0
988 11408.0
989 11408.0
990 11408.0
991 11408.0
992 11408.0
993 11408.0
994 11408.0
995 11408.0
996 11408.0
997 11408.0
998 11408.0
999 11408.0
1000 11408.0
