0 4406.0
1 4928.0
2 5642.0
3 5869.0
4 6074.0
5 6821.0
6 7209.0
7 7244.0
8 7500.0
9 8306.0
10 8121.0
11 8542.0
12 8834.0
13 8609.0
14 8682.0
15 9243.0
16 9113.0
17 9205.0
18 9205.0
19 9355.0
20 9630.0
21 10016.0
22 10016.0
23 10016.0
24 10016.0
25 10184.0
26 10300.0
27 10454.0
28 10143.0
29 10446.0
30 10455.0
31 10446.0
32 10446.0
33 10463.0
34 10334.0
35 10445.0
36 10583.0
37 10642.0
38 10822.0
39 10583.0
40 10724.0
41 10905.0
42 10905.0
43 11131.0
44 11131.0
45 11131.0
46 11131.0
47 11082.0
48 11082.0
49 11082.0
50 11052.0
51 11140.0
52 11117.0
53 11117.0
54 11095.0
55 11138.0
56 11095.0
57 11092.0
58 11270.0
59 11270.0
60 11179.0
61 11181.0
62 11189.0
63 11234.0
64 11234.0
65 11234.0
66 11232.0
67 11232.0
68 11260.0
69 11244.0
70 11260.0
71 11274.0
72 11389.0
73 11379.0
74 11389.0
75 11389.0
76 11436.0
77 11442.0
78 11444.0
79 11444.0
80 11444.0
81 11444.0
82 11444.0
83 11444.0
84 11444.0
85 11444.0
86 11444.0
87 11444.0
88 11444.0
89 11444.0
90 11444.0
91 11444.0
92 11444.0
93 11444.0
94 11444.0
95 11444.0
96 11444.0
97 11444.0
98 11444.0
99 11444.0
100 11444.0
101 11444.0
102 11444.0
103 11444.0
104 11444.0
105 11444.0
106 11444.0
107 11444.0
108 11444.0
109 11444.0
110 11444.0
111 11444.0
112 11444.0
113 11444.0
114 11444.0
115 11444.0
116 11444.0
117 11444.0
118 11444.0
119 11444.0
120 11444.0
121 11444.0
122 11444.0
123 11444.0
124 11444.0
125 11444.0
126 11444.0
127 11464.0
128 11464.0
129 11464.0
130 11464.0
131 11444.0
132 11444.0
133 11444.0
134 11444.0
135 11444.0
136 11444.0
137 11444.0
138 11444.0
139 11444.0
140 11444.0
141 11444.0
142 11444.0
143 11444.0
144 11444.0
145 11464.0
146 11464.0
147 11444.0
148 11444.0
149 11444.0
150 11444.0
151 11444.0
152 11464.0
153 11444.0
154 11444.0
155 11444.0
156 11444.0
157 11444.0
158 11444.0
159 11444.0
160 11444.0
161 11444.0
162 11444.0
163 11444.0
164 11478.0
165 11444.0
166 11444.0
167 11444.0
168 11444.0
169 11444.0
170 11444.0
171 11444.0
172 11444.0
173 11444.0
174 11444.0
175 11444.0
176 11444.0
177 11444.0
178 11444.0
179 11444.0
180 11444.0
181 11444.0
182 11464.0
183 11444.0
184 11444.0
185 11464.0
186 11464.0
187 11464.0
188 11464.0
189 11444.0
190 11444.0
191 11444.0
192 11444.0
193 11444.0
194 11444.0
195 11444.0
196 11444.0
197 11444.0
198 11444.0
199 11444.0
200 11444.0
201 11444.0
202 11490.0
203 11490.0
204 11490.0
205 11444.0
206 11444.0
207 11444.0
208 11444.0
209 11444.0
210 11444.0
211 11444.0
212 11444.0
213 11444.0
214 11444.0
215 11444.0
216 11444.0
217 11444.0
218 11444.0
219 11444.0
220 11444.0
221 11444.0
222 11444.0
223 11444.0
224 11444.0
225 11444.0
226 11444.0
227 11444.0
228 11444.0
229 11444.0
230 11444.0
231 11444.0
232 11444.0
233 11444.0
234 11444.0
235 11444.0
236 11444.0
237 11444.0
238 11444.0
239 11444.0
240 11444.0
241 11444.0
242 11444.0
243 11444.0
244 11444.0
245 11444.0
246 11444.0
247 11444.0
248 11444.0
249 11444.0
250 11444.0
251 11444.0
252 11444.0
253 11444.0
254 11444.0
255 11444.0
256 11444.0
257 11444.0
258 11444.0
259 11444.0
260 11464.0
261 11464.0
262 11464.0
263 11464.0
264 11464.0
265 11464.0
266 11464.0
267 11444.0
268 11478.0
269 11478.0
270 11478.0
271 11478.0
272 11478.0
273 11478.0
274 11464.0
275 11464.0
276 11464.0
277 11464.0
278 11444.0
279 11444.0
280 11444.0
281 11444.0
282 11444.0
283 11444.0
284 11444.0
285 11444.0
286 11444.0
287 11444.0
288 11444.0
289 11444.0
290 11444.0
291 11444.0
292 11444.0
293 11444.0
294 11444.0
295 11444.0
296 11444.0
297 11444.0
298 11444.0
299 11444.0
300 11444.0
301 11444.0
302 11444.0
303 11444.0
304 11444.0
305 11444.0
306 11444.0
307 11444.0
308 11444.0
309 11444.0
310 11444.0
311 11444.0
312 11444.0
313 11444.0
314 11444.0
315 11444.0
316 11444.0
317 11444.0
318 11444.0
319 11444.0
320 11444.0
321 11444.0
322 11444.0
323 11444.0
324 11444.0
325 11444.0
326 11444.0
327 11444.0
328 11444.0
329 11444.0
330 11444.0
331 11444.0
332 11444.0
333 11444.0
334 11444.0
335 11444.0
336 11444.0
337 11444.0
338 11444.0
339 11444.0
340 11444.0
341 11444.0
342 11444.0
343 11444.0
344 11444.0
345 11444.0
346 11444.0
347 11444.0
348 11444.0
349 11444.0
350 11444.0
351 11444.0
352 11444.0
353 11444.0
354 11444.0
355 11444.0
356 11444.0
357 11444.0
358 11444.0
359 11444.0
360 11444.0
361 11462.0
362 11462.0
363 11444.0
364 11444.0
365 11444.0
366 11444.0
367 11444.0
368 11444.0
369 11444.0
370 11444.0
371 11444.0
372 11444.0
373 11444.0
374 11444.0
375 11444.0
376 11444.0
377 11444.0
378 11444.0
379 11444.0
380 11444.0
381 11444.0
382 11444.0
383 11444.0
384 11444.0
385 11444.0
386 11444.0
387 11444.0
388 11444.0
389 11444.0
390 11444.0
391 11444.0
392 11444.0
393 11444.0
394 11444.0
395 11444.0
396 11444.0
397 11444.0
398 11444.0
399 11444.0
400 11444.0
401 11444.0
402 11444.0
403 11444.0
404 11444.0
405 11444.0
406 11444.0
407 11444.0
408 11444.0
409 11464.0
410 11464.0
411 11444.0
412 11444.0
413 11444.0
414 11444.0
415 11444.0
416 11444.0
417 11444.0
418 11444.0
419 11444.0
420 11444.0
421 11444.0
422 11444.0
423 11456.0
424 11456.0
425 11456.0
426 11444.0
427 11444.0
428 11462.0
429 11462.0
430 11444.0
431 11444.0
432 11444.0
433 11444.0
434 11444.0
435 11444.0
436 11444.0
437 11444.0
438 11444.0
439 11444.0
440 11444.0
441 11444.0
442 11444.0
443 11444.0
444 11444.0
445 11444.0
446 11444.0
447 11444.0
448 11444.0
449 11444.0
450 11444.0
451 11444.0
452 11444.0
453 11444.0
454 11444.0
455 11444.0
456 11444.0
457 11444.0
458 11444.0
459 11444.0
460 11444.0
461 11444.0
462 11444.0
463 11444.0
464 11444.0
465 11444.0
466 11444.0
467 11444.0
468 11444.0
469 11444.0
470 11444.0
471 11444.0
472 11444.0
473 11444.0
474 11444.0
475 11464.0
476 11464.0
477 11464.0
478 11464.0
479 11464.0
480 11444.0
481 11444.0
482 11444.0
483 11444.0
484 11444.0
485 11444.0
486 11444.0
487 11444.0
488 11444.0
489 11444.0
490 11444.0
491 11444.0
492 11444.0
493 11444.0
494 11444.0
495 11444.0
496 11444.0
497 11444.0
498 11444.0
499 11444.0
500 11444.0
501 11444.0
502 11444.0
503 11444.0
504 11444.0
505 11444.0
506 11444.0
507 11444.0
508 11444.0
509 11444.0
510 11444.0
511 11444.0
512 11444.0
513 11444.0
514 11444.0
515 11444.0
516 11444.0
517 11444.0
518 11444.0
519 11444.0
520 11444.0
521 11444.0
522 11444.0
523 11444.0
524 11444.0
525 11444.0
526 11444.0
527 11444.0
528 11444.0
529 11456.0
530 11456.0
531 11444.0
532 11444.0
533 11444.0
534 11444.0
535 11444.0
536 11444.0
537 11444.0
538 11444.0
539 11444.0
540 11444.0
541 11444.0
542 11444.0
543 11444.0
544 11444.0
545 11444.0
546 11444.0
547 11444.0
548 11444.0
549 11444.0
550 11444.0
551 11444.0
552 11464.0
553 11444.0
554 11444.0
555 11444.0
556 11444.0
557 11444.0
558 11444.0
559 11444.0
560 11444.0
561 11456.0
562 11456.0
563 11456.0
564 11444.0
565 11444.0
566 11444.0
567 11444.0
568 11444.0
569 11444.0
570 11444.0
571 11444.0
572 11444.0
573 11444.0
574 11444.0
575 11444.0
576 11444.0
577 11444.0
578 11444.0
579 11444.0
580 11444.0
581 11444.0
582 11444.0
583 11444.0
584 11464.0
585 11464.0
586 11444.0
587 11444.0
588 11444.0
589 11444.0
590 11444.0
591 11444.0
592 11444.0
593 11444.0
594 11444.0
595 11444.0
596 11444.0
597 11444.0
598 11444.0
599 11444.0
600 11444.0
601 11444.0
602 11444.0
603 11444.0
604 11444.0
605 11444.0
606 11444.0
607 11444.0
608 11444.0
609 11444.0
610 11444.0
611 11444.0
612 11444.0
613 11444.0
614 11444.0
615 11444.0
616 11444.0
617 11444.0
618 11444.0
619 11444.0
620 11444.0
621 11444.0
622 11444.0
623 11444.0
624 11444.0
625 11444.0
626 11444.0
627 11444.0
628 11444.0
629 11444.0
630 11444.0
631 11444.0
632 11444.0
633 11444.0
634 11444.0
635 11444.0
636 11444.0
637 11444.0
638 11444.0
639 11444.0
640 11444.0
641 11444.0
642 11444.0
643 11444.0
644 11444.0
645 11444.0
646 11444.0
647 11444.0
648 11444.0
649 11444.0
650 11444.0
651 11444.0
652 11444.0
653 11444.0
654 11444.0
655 11444.0
656 11444.0
657 11444.0
658 11444.0
659 11444.0
660 11444.0
661 11444.0
662 11444.0
663 11444.0
664 11444.0
665 11444.0
666 11444.0
667 11444.0
668 11444.0
669 11444.0
670 11444.0
671 11444.0
672 11444.0
673 11444.0
674 11444.0
675 11444.0
676 11444.0
677 11444.0
678 11444.0
679 11444.0
680 11444.0
681 11444.0
682 11444.0
683 11444.0
684 11444.0
685 11444.0
686 11444.0
687 11444.0
688 11444.0
689 11444.0
690 11444.0
691 11444.0
692 11444.0
693 11444.0
694 11444.0
695 11444.0
696 11444.0
697 11444.0
698 11444.0
699 11444.0
700 11444.0
701 11444.0
702 11478.0
703 11478.0
704 11478.0
705 11444.0
706 11444.0
707 11444.0
708 11444.0
709 11444.0
710 11444.0
711 11444.0
712 11444.0
713 11444.0
714 11444.0
715 11444.0
716 11444.0
717 11444.0
718 11444.0
719 11444.0
720 11444.0
721 11444.0
722 11444.0
723 11444.0
724 11444.0
725 11444.0
726 11444.0
727 11444.0
728 11444.0
729 11478.0
730 11444.0
731 11444.0
732 11444.0
733 11444.0
734 11444.0
735 11444.0
736 11444.0
737 11444.0
738 11444.0
739 11444.0
740 11444.0
741 11464.0
742 11464.0
743 11444.0
744 11444.0
745 11444.0
746 11444.0
747 11444.0
748 11444.0
749 11444.0
750 11444.0
751 11444.0
752 11444.0
753 11444.0
754 11478.0
755 11444.0
756 11444.0
757 11444.0
758 11444.0
759 11444.0
760 11444.0
761 11444.0
762 11444.0
763 11444.0
764 11444.0
765 11444.0
766 11444.0
767 11444.0
768 11444.0
769 11444.0
770 11444.0
771 11444.0
772 11444.0
773 11444.0
774 11444.0
775 11464.0
776 11444.0
777 11444.0
778 11444.0
779 11444.0
780 11444.0
781 11444.0
782 11444.0
783 11464.0
784 11444.0
785 11444.0
786 11444.0
787 11444.0
788 11444.0
789 11444.0
790 11444.0
791 11444.0
792 11444.0
793 11444.0
794 11444.0
795 11444.0
796 11444.0
797 11444.0
798 11444.0
799 11444.0
800 11444.0
801 11444.0
802 11444.0
803 11444.0
804 11444.0
805 11444.0
806 11444.0
807 11444.0
808 11444.0
809 11444.0
810 11444.0
811 11444.0
812 11444.0
813 11444.0
814 11444.0
815 11444.0
816 11444.0
817 11444.0
818 11444.0
819 11444.0
820 11444.0
821 11444.0
822 11444.0
823 11444.0
824 11444.0
825 11444.0
826 11444.0
827 11444.0
828 11444.0
829 11444.0
830 11444.0
831 11444.0
832 11444.0
833 11444.0
834 11444.0
835 11444.0
836 11444.0
837 11444.0
838 11444.0
839 11444.0
840 11444.0
841 11444.0
842 11444.0
843 11444.0
844 11444.0
845 11444.0
846 11444.0
847 11444.0
848 11444.0
849 11444.0
850 11444.0
851 11444.0
852 11444.0
853 11444.0
854 11444.0
855 11444.0
856 11444.0
857 11444.0
858 11464.0
859 11464.0
860 11444.0
861 11444.0
862 11444.0
863 11444.0
864 11444.0
865 11444.0
866 11444.0
867 11444.0
868 11444.0
869 11444.0
870 11444.0
871 11444.0
872 11444.0
873 11444.0
874 11444.0
875 11444.0
876 11444.0
877 11444.0
878 11444.0
879 11444.0
880 11444.0
881 11444.0
882 11444.0
883 11444.0
884 11444.0
885 11444.0
886 11444.0
887 11444.0
888 11444.0
889 11444.0
890 11444.0
891 11444.0
892 11444.0
893 11444.0
894 11444.0
895 11444.0
896 11444.0
897 11444.0
898 11444.0
899 11444.0
900 11444.0
901 11444.0
902 11444.0
903 11444.0
904 11444.0
905 11444.0
906 11444.0
907 11444.0
908 11444.0
909 11444.0
910 11444.0
911 11444.0
912 11444.0
913 11444.0
914 11444.0
915 11444.0
916 11444.0
917 11444.0
918 11444.0
919 11444.0
920 11444.0
921 11444.0
922 11444.0
923 11444.0
924 11444.0
925 11444.0
926 11444.0
927 11444.0
928 11444.0
929 11444.0
930 11444.0
931 11444.0
932 11444.0
933 11444.0
934 11444.0
935 11444.0
936 11444.0
937 11444.0
938 11444.0
939 11444.0
940 11444.0
941 11444.0
942 11444.0
943 11444.0
944 11444.0
945 11444.0
946 11444.0
947 11444.0
948 11444.0
949 11444.0
950 11444.0
951 11444.0
952 11444.0
953 11444.0
954 11444.0
955 11444.0
956 11444.0
957 11444.0
958 11444.0
959 11444.0
960 11444.0
961 11444.0
962 11444.0
963 11444.0
964 11444.0
965 11444.0
966 11444.0
967 11444.0
968 11444.0
969 11444.0
970 11444.0
971 11444.0
972 11444.0
973 11444.0
974 11444.0
975 11444.0
976 11444.0
977 11444.0
978 11444.0
979 11444.0
980 11444.0
981 11444.0
982 11444.0
983 11444.0
984 11444.0
985 11444.0
986 11444.0
987 11444.0
988 11444.0
989 11444.0
990 11444.0
991 11478.0
992 11444.0
993 11444.0
994 11444.0
995 11444.0
996 11444.0
997 11444.0
998 11444.0
999 11444.0
1000 11444.0
