0 4406.0
1 4584.0
2 5061.0
3 5633.0
4 6306.0
5 6306.0
6 6604.0
7 7446.0
8 7502.0
9 7902.0
10 8090.0
11 8090.0
12 8188.0
13 8531.0
14 8725.0
15 8829.0
16 9042.0
17 9301.0
18 9301.0
19 9399.0
20 9777.0
21 9777.0
22 9920.0
23 10043.0
24 10107.0
25 10043.0
26 10151.0
27 10153.0
28 10151.0
29 10215.0
30 10209.0
31 10413.0
32 10561.0
33 10561.0
34 10561.0
35 10697.0
36 10900.0
37 10954.0
38 10954.0
39 10834.0
40 11066.0
41 11227.0
42 11227.0
43 11227.0
44 11227.0
45 11227.0
46 11183.0
47 11183.0
48 11037.0
49 11174.0
50 11268.0
51 11208.0
52 11183.0
53 11259.0
54 11279.0
55 11324.0
56 11346.0
57 11263.0
58 11326.0
59 11355.0
60 11324.0
61 11324.0
62 11324.0
63 11324.0
64 11326.0
65 11326.0
66 11326.0
67 11326.0
68 11326.0
69 11326.0
70 11326.0
71 11353.0
72 11365.0
73 11365.0
74 11363.0
75 11350.0
76 11358.0
77 11326.0
78 11326.0
79 11326.0
80 11326.0
81 11326.0
82 11326.0
83 11326.0
84 11326.0
85 11326.0
86 11326.0
87 11326.0
88 11326.0
89 11326.0
90 11326.0
91 11326.0
92 11326.0
93 11326.0
94 11326.0
95 11326.0
96 11326.0
97 11326.0
98 11326.0
99 11326.0
100 11326.0
101 11326.0
102 11326.0
103 11326.0
104 11326.0
105 11326.0
106 11326.0
107 11326.0
108 11326.0
109 11326.0
110 11326.0
111 11326.0
112 11326.0
113 11326.0
114 11326.0
115 11326.0
116 11326.0
117 11370.0
118 11326.0
119 11326.0
120 11326.0
121 11326.0
122 11326.0
123 11326.0
124 11326.0
125 11326.0
126 11326.0
127 11326.0
128 11326.0
129 11326.0
130 11326.0
131 11326.0
132 11326.0
133 11326.0
134 11362.0
135 11370.0
136 11370.0
137 11370.0
138 11370.0
139 11370.0
140 11370.0
141 11370.0
142 11370.0
143 11370.0
144 11370.0
145 11370.0
146 11370.0
147 11370.0
148 11370.0
149 11370.0
150 11370.0
151 11370.0
152 11370.0
153 11370.0
154 11370.0
155 11370.0
156 11370.0
157 11370.0
158 11370.0
159 11370.0
160 11370.0
161 11370.0
162 11370.0
163 11370.0
164 11370.0
165 11370.0
166 11370.0
167 11370.0
168 11370.0
169 11370.0
170 11370.0
171 11370.0
172 11370.0
173 11370.0
174 11370.0
175 11370.0
176 11370.0
177 11370.0
178 11370.0
179 11370.0
180 11370.0
181 11370.0
182 11370.0
183 11370.0
184 11370.0
185 11370.0
186 11370.0
187 11370.0
188 11370.0
189 11370.0
190 11370.0
191 11370.0
192 11370.0
193 11370.0
194 11370.0
195 11370.0
196 11370.0
197 11370.0
198 11370.0
199 11404.0
200 11370.0
201 11370.0
202 11370.0
203 11370.0
204 11370.0
205 11370.0
206 11370.0
207 11370.0
208 11370.0
209 11370.0
210 11370.0
211 11370.0
212 11370.0
213 11370.0
214 11370.0
215 11370.0
216 11370.0
217 11370.0
218 11370.0
219 11370.0
220 11370.0
221 11370.0
222 11370.0
223 11370.0
224 11370.0
225 11370.0
226 11370.0
227 11370.0
228 11370.0
229 11370.0
230 11370.0
231 11370.0
232 11370.0
233 11370.0
234 11370.0
235 11370.0
236 11370.0
237 11370.0
238 11370.0
239 11370.0
240 11370.0
241 11370.0
242 11370.0
243 11370.0
244 11370.0
245 11370.0
246 11370.0
247 11370.0
248 11370.0
249 11404.0
250 11370.0
251 11370.0
252 11370.0
253 11370.0
254 11370.0
255 11370.0
256 11370.0
257 11370.0
258 11370.0
259 11370.0
260 11370.0
261 11388.0
262 11388.0
263 11388.0
264 11388.0
265 11388.0
266 11370.0
267 11370.0
268 11370.0
269 11370.0
270 11370.0
271 11370.0
272 11370.0
273 11370.0
274 11370.0
275 11370.0
276 11370.0
277 11370.0
278 11370.0
279 11370.0
280 11370.0
281 11370.0
282 11370.0
283 11404.0
284 11404.0
285 11370.0
286 11370.0
287 11370.0
288 11370.0
289 11370.0
290 11370.0
291 11370.0
292 11370.0
293 11370.0
294 11370.0
295 11370.0
296 11370.0
297 11370.0
298 11370.0
299 11370.0
300 11370.0
301 11370.0
302 11370.0
303 11370.0
304 11370.0
305 11370.0
306 11404.0
307 11370.0
308 11370.0
309 11370.0
310 11370.0
311 11370.0
312 11370.0
313 11370.0
314 11370.0
315 11370.0
316 11370.0
317 11370.0
318 11370.0
319 11370.0
320 11370.0
321 11370.0
322 11370.0
323 11370.0
324 11370.0
325 11370.0
326 11370.0
327 11370.0
328 11370.0
329 11370.0
330 11370.0
331 11370.0
332 11370.0
333 11370.0
334 11370.0
335 11370.0
336 11370.0
337 11370.0
338 11370.0
339 11370.0
340 11370.0
341 11370.0
342 11370.0
343 11370.0
344 11370.0
345 11384.0
346 11384.0
347 11384.0
348 11370.0
349 11370.0
350 11370.0
351 11370.0
352 11370.0
353 11370.0
354 11370.0
355 11370.0
356 11370.0
357 11370.0
358 11370.0
359 11370.0
360 11370.0
361 11370.0
362 11370.0
363 11370.0
364 11370.0
365 11370.0
366 11370.0
367 11370.0
368 11370.0
369 11370.0
370 11370.0
371 11370.0
372 11370.0
373 11370.0
374 11370.0
375 11370.0
376 11370.0
377 11370.0
378 11370.0
379 11370.0
380 11402.0
381 11370.0
382 11370.0
383 11370.0
384 11370.0
385 11370.0
386 11370.0
387 11402.0
388 11402.0
389 11402.0
390 11388.0
391 11388.0
392 11370.0
393 11370.0
394 11370.0
395 11370.0
396 11370.0
397 11370.0
398 11370.0
399 11370.0
400 11370.0
401 11370.0
402 11370.0
403 11370.0
404 11370.0
405 11370.0
406 11370.0
407 11370.0
408 11370.0
409 11370.0
410 11370.0
411 11402.0
412 11402.0
413 11402.0
414 11370.0
415 11370.0
416 11404.0
417 11370.0
418 11370.0
419 11370.0
420 11404.0
421 11370.0
422 11370.0
423 11370.0
424 11370.0
425 11370.0
426 11370.0
427 11370.0
428 11370.0
429 11370.0
430 11370.0
431 11370.0
432 11370.0
433 11370.0
434 11370.0
435 11370.0
436 11370.0
437 11370.0
438 11384.0
439 11384.0
440 11384.0
441 11370.0
442 11370.0
443 11370.0
444 11370.0
445 11370.0
446 11370.0
447 11370.0
448 11370.0
449 11370.0
450 11370.0
451 11370.0
452 11370.0
453 11370.0
454 11370.0
455 11370.0
456 11370.0
457 11396.0
458 11396.0
459 11396.0
460 11402.0
461 11402.0
462 11396.0
463 11396.0
464 11370.0
465 11370.0
466 11370.0
467 11370.0
468 11370.0
469 11370.0
470 11370.0
471 11370.0
472 11370.0
473 11370.0
474 11370.0
475 11370.0
476 11370.0
477 11370.0
478 11370.0
479 11370.0
480 11370.0
481 11370.0
482 11370.0
483 11370.0
484 11370.0
485 11370.0
486 11370.0
487 11370.0
488 11370.0
489 11370.0
490 11370.0
491 11370.0
492 11370.0
493 11370.0
494 11370.0
495 11370.0
496 11384.0
497 11384.0
498 11384.0
499 11384.0
500 11370.0
501 11370.0
502 11370.0
503 11370.0
504 11370.0
505 11370.0
506 11370.0
507 11370.0
508 11370.0
509 11370.0
510 11370.0
511 11370.0
512 11370.0
513 11370.0
514 11370.0
515 11370.0
516 11370.0
517 11404.0
518 11370.0
519 11370.0
520 11370.0
521 11370.0
522 11370.0
523 11370.0
524 11370.0
525 11370.0
526 11370.0
527 11370.0
528 11370.0
529 11370.0
530 11370.0
531 11370.0
532 11370.0
533 11370.0
534 11370.0
535 11370.0
536 11370.0
537 11370.0
538 11370.0
539 11370.0
540 11370.0
541 11370.0
542 11370.0
543 11370.0
544 11370.0
545 11370.0
546 11370.0
547 11370.0
548 11370.0
549 11370.0
550 11370.0
551 11370.0
552 11370.0
553 11402.0
554 11402.0
555 11370.0
556 11370.0
557 11370.0
558 11370.0
559 11370.0
560 11370.0
561 11370.0
562 11370.0
563 11370.0
564 11370.0
565 11370.0
566 11370.0
567 11370.0
568 11370.0
569 11370.0
570 11404.0
571 11370.0
572 11370.0
573 11370.0
574 11370.0
575 11370.0
576 11370.0
577 11370.0
578 11370.0
579 11370.0
580 11370.0
581 11370.0
582 11370.0
583 11404.0
584 11404.0
585 11404.0
586 11370.0
587 11404.0
588 11404.0
589 11370.0
590 11370.0
591 11370.0
592 11370.0
593 11370.0
594 11370.0
595 11370.0
596 11370.0
597 11370.0
598 11370.0
599 11370.0
600 11370.0
601 11370.0
602 11370.0
603 11370.0
604 11370.0
605 11370.0
606 11370.0
607 11370.0
608 11370.0
609 11370.0
610 11370.0
611 11370.0
612 11370.0
613 11370.0
614 11370.0
615 11370.0
616 11370.0
617 11370.0
618 11370.0
619 11370.0
620 11370.0
621 11370.0
622 11370.0
623 11370.0
624 11370.0
625 11370.0
626 11370.0
627 11370.0
628 11370.0
629 11370.0
630 11370.0
631 11370.0
632 11370.0
633 11370.0
634 11370.0
635 11404.0
636 11404.0
637 11370.0
638 11370.0
639 11370.0
640 11370.0
641 11370.0
642 11370.0
643 11370.0
644 11370.0
645 11370.0
646 11370.0
647 11396.0
648 11370.0
649 11370.0
650 11370.0
651 11370.0
652 11370.0
653 11370.0
654 11404.0
655 11404.0
656 11370.0
657 11370.0
658 11370.0
659 11370.0
660 11370.0
661 11370.0
662 11404.0
663 11370.0
664 11370.0
665 11370.0
666 11370.0
667 11370.0
668 11370.0
669 11370.0
670 11370.0
671 11370.0
672 11370.0
673 11370.0
674 11370.0
675 11370.0
676 11370.0
677 11370.0
678 11370.0
679 11370.0
680 11370.0
681 11370.0
682 11370.0
683 11370.0
684 11370.0
685 11388.0
686 11388.0
687 11388.0
688 11388.0
689 11370.0
690 11370.0
691 11370.0
692 11370.0
693 11370.0
694 11370.0
695 11370.0
696 11404.0
697 11404.0
698 11404.0
699 11370.0
700 11370.0
701 11370.0
702 11370.0
703 11370.0
704 11370.0
705 11404.0
706 11370.0
707 11370.0
708 11370.0
709 11370.0
710 11370.0
711 11370.0
712 11404.0
713 11370.0
714 11370.0
715 11370.0
716 11370.0
717 11370.0
718 11370.0
719 11370.0
720 11370.0
721 11370.0
722 11370.0
723 11370.0
724 11370.0
725 11370.0
726 11370.0
727 11370.0
728 11370.0
729 11370.0
730 11370.0
731 11370.0
732 11370.0
733 11370.0
734 11370.0
735 11370.0
736 11370.0
737 11370.0
738 11370.0
739 11370.0
740 11370.0
741 11370.0
742 11370.0
743 11370.0
744 11370.0
745 11370.0
746 11370.0
747 11370.0
748 11370.0
749 11370.0
750 11396.0
751 11396.0
752 11404.0
753 11370.0
754 11370.0
755 11370.0
756 11370.0
757 11370.0
758 11402.0
759 11402.0
760 11370.0
761 11370.0
762 11370.0
763 11370.0
764 11370.0
765 11370.0
766 11370.0
767 11370.0
768 11370.0
769 11370.0
770 11370.0
771 11370.0
772 11370.0
773 11370.0
774 11370.0
775 11370.0
776 11370.0
777 11370.0
778 11370.0
779 11370.0
780 11370.0
781 11370.0
782 11370.0
783 11404.0
784 11370.0
785 11370.0
786 11370.0
787 11370.0
788 11370.0
789 11370.0
790 11370.0
791 11370.0
792 11370.0
793 11370.0
794 11370.0
795 11370.0
796 11370.0
797 11370.0
798 11370.0
799 11370.0
800 11370.0
801 11370.0
802 11370.0
803 11370.0
804 11370.0
805 11370.0
806 11370.0
807 11370.0
808 11370.0
809 11370.0
810 11370.0
811 11370.0
812 11370.0
813 11370.0
814 11370.0
815 11370.0
816 11370.0
817 11370.0
818 11370.0
819 11370.0
820 11370.0
821 11370.0
822 11370.0
823 11370.0
824 11370.0
825 11370.0
826 11370.0
827 11370.0
828 11370.0
829 11370.0
830 11370.0
831 11370.0
832 11370.0
833 11404.0
834 11404.0
835 11370.0
836 11404.0
837 11370.0
838 11370.0
839 11370.0
840 11370.0
841 11370.0
842 11370.0
843 11370.0
844 11370.0
845 11370.0
846 11370.0
847 11370.0
848 11404.0
849 11404.0
850 11404.0
851 11404.0
852 11404.0
853 11370.0
854 11370.0
855 11370.0
856 11370.0
857 11370.0
858 11370.0
859 11370.0
860 11370.0
861 11370.0
862 11370.0
863 11370.0
864 11370.0
865 11370.0
866 11370.0
867 11370.0
868 11370.0
869 11370.0
870 11370.0
871 11370.0
872 11370.0
873 11370.0
874 11370.0
875 11370.0
876 11370.0
877 11370.0
878 11370.0
879 11370.0
880 11370.0
881 11370.0
882 11370.0
883 11370.0
884 11370.0
885 11370.0
886 11370.0
887 11370.0
888 11370.0
889 11370.0
890 11370.0
891 11404.0
892 11370.0
893 11370.0
894 11370.0
895 11370.0
896 11370.0
897 11370.0
898 11370.0
899 11370.0
900 11370.0
901 11370.0
902 11370.0
903 11370.0
904 11370.0
905 11370.0
906 11370.0
907 11370.0
908 11370.0
909 11370.0
910 11370.0
911 11370.0
912 11370.0
913 11370.0
914 11370.0
915 11370.0
916 11370.0
917 11370.0
918 11370.0
919 11370.0
920 11370.0
921 11370.0
922 11370.0
923 11370.0
924 11370.0
925 11370.0
926 11370.0
927 11370.0
928 11370.0
929 11370.0
930 11370.0
931 11370.0
932 11370.0
933 11370.0
934 11370.0
935 11370.0
936 11404.0
937 11370.0
938 11370.0
939 11370.0
940 11370.0
941 11370.0
942 11370.0
943 11370.0
944 11404.0
945 11404.0
946 11404.0
947 11404.0
948 11404.0
949 11404.0
950 11370.0
951 11404.0
952 11370.0
953 11404.0
954 11404.0
955 11404.0
956 11404.0
957 11404.0
958 11370.0
959 11370.0
960 11370.0
961 11370.0
962 11370.0
963 11370.0
964 11370.0
965 11370.0
966 11370.0
967 11370.0
968 11370.0
969 11370.0
970 11370.0
971 11370.0
972 11370.0
973 11370.0
974 11370.0
975 11370.0
976 11370.0
977 11396.0
978 11370.0
979 11370.0
980 11370.0
981 11370.0
982 11370.0
983 11370.0
984 11370.0
985 11404.0
986 11370.0
987 11370.0
988 11370.0
989 11370.0
990 11370.0
991 11370.0
992 11370.0
993 11370.0
994 11370.0
995 11370.0
996 11370.0
997 11370.0
998 11370.0
999 11370.0
1000 11404.0
