0 4406.0
1 4642.0
2 5147.0
3 5591.0
4 5860.0
5 7057.0
6 6871.0
7 7449.0
8 7570.0
9 8045.0
10 8357.0
11 8357.0
12 8482.0
13 8941.0
14 8824.0
15 9251.0
16 9720.0
17 9720.0
18 9766.0
19 9823.0
20 9766.0
21 9982.0
22 10004.0
23 9982.0
24 9982.0
25 9982.0
26 10083.0
27 10651.0
28 10357.0
29 10291.0
30 10291.0
31 10443.0
32 10513.0
33 10590.0
34 10524.0
35 10743.0
36 10878.0
37 10654.0
38 10742.0
39 10835.0
40 10835.0
41 10878.0
42 10878.0
43 10887.0
44 10934.0
45 11107.0
46 11107.0
47 11075.0
48 10963.0
49 11004.0
50 11067.0
51 11117.0
52 11117.0
53 11157.0
54 11157.0
55 11157.0
56 11161.0
57 11179.0
58 11164.0
59 11156.0
60 11294.0
61 11269.0
62 11269.0
63 11269.0
64 11148.0
65 11164.0
66 11117.0
67 11117.0
68 11117.0
69 11115.0
70 11115.0
71 11115.0
72 11115.0
73 11115.0
74 11115.0
75 11115.0
76 11115.0
77 11115.0
78 11115.0
79 11115.0
80 11115.0
81 11072.0
82 11072.0
83 11072.0
84 11072.0
85 11072.0
86 11072.0
87 11072.0
88 11072.0
89 11072.0
90 11072.0
91 11072.0
92 11072.0
93 11072.0
94 11072.0
95 11072.0
96 11072.0
97 11072.0
98 11072.0
99 11072.0
100 11072.0
101 11072.0
102 11072.0
103 11072.0
104 11072.0
105 11072.0
106 11072.0
107 11072.0
108 11072.0
109 11072.0
110 11072.0
111 11072.0
112 11072.0
113 11072.0
114 11072.0
115 11116.0
116 11072.0
117 11072.0
118 11072.0
119 11072.0
120 11072.0
121 11072.0
122 11072.0
123 11072.0
124 11072.0
125 11072.0
126 11072.0
127 11072.0
128 11072.0
129 11072.0
130 11072.0
131 11072.0
132 11072.0
133 11072.0
134 11072.0
135 11072.0
136 11072.0
137 11072.0
138 11072.0
139 11072.0
140 11072.0
141 11072.0
142 11072.0
143 11072.0
144 11116.0
145 11072.0
146 11072.0
147 11072.0
148 11072.0
149 11153.0
150 11153.0
151 11087.0
152 11072.0
153 11072.0
154 11072.0
155 11072.0
156 11072.0
157 11116.0
158 11072.0
159 11072.0
160 11072.0
161 11072.0
162 11072.0
163 11072.0
164 11072.0
165 11072.0
166 11104.0
167 11072.0
168 11072.0
169 11072.0
170 11072.0
171 11072.0
172 11072.0
173 11072.0
174 11072.0
175 11072.0
176 11072.0
177 11072.0
178 11148.0
179 11148.0
180 11072.0
181 11072.0
182 11106.0
183 11106.0
184 11106.0
185 11106.0
186 11072.0
187 11072.0
188 11072.0
189 11072.0
190 11072.0
191 11072.0
192 11072.0
193 11072.0
194 11072.0
195 11072.0
196 11072.0
197 11072.0
198 11072.0
199 11072.0
200 11072.0
201 11072.0
202 11072.0
203 11072.0
204 11106.0
205 11106.0
206 11106.0
207 11072.0
208 11072.0
209 11072.0
210 11072.0
211 11072.0
212 11072.0
213 11072.0
214 11072.0
215 11072.0
216 11072.0
217 11072.0
218 11072.0
219 11072.0
220 11072.0
221 11072.0
222 11072.0
223 11072.0
224 11072.0
225 11072.0
226 11072.0
227 11072.0
228 11072.0
229 11128.0
230 11128.0
231 11128.0
232 11164.0
233 11144.0
234 11128.0
235 11128.0
236 11072.0
237 11072.0
238 11072.0
239 11072.0
240 11072.0
241 11072.0
242 11072.0
243 11072.0
244 11072.0
245 11072.0
246 11072.0
247 11072.0
248 11072.0
249 11072.0
250 11072.0
251 11072.0
252 11072.0
253 11072.0
254 11072.0
255 11072.0
256 11072.0
257 11072.0
258 11072.0
259 11072.0
260 11072.0
261 11072.0
262 11072.0
263 11072.0
264 11072.0
265 11072.0
266 11072.0
267 11072.0
268 11072.0
269 11072.0
270 11072.0
271 11072.0
272 11164.0
273 11164.0
274 11072.0
275 11072.0
276 11072.0
277 11072.0
278 11072.0
279 11072.0
280 11072.0
281 11072.0
282 11072.0
283 11072.0
284 11072.0
285 11072.0
286 11072.0
287 11072.0
288 11072.0
289 11072.0
290 11072.0
291 11072.0
292 11072.0
293 11072.0
294 11072.0
295 11072.0
296 11072.0
297 11072.0
298 11072.0
299 11072.0
300 11072.0
301 11072.0
302 11072.0
303 11072.0
304 11072.0
305 11072.0
306 11072.0
307 11072.0
308 11072.0
309 11072.0
310 11072.0
311 11072.0
312 11072.0
313 11072.0
314 11072.0
315 11072.0
316 11072.0
317 11072.0
318 11072.0
319 11072.0
320 11072.0
321 11072.0
322 11072.0
323 11072.0
324 11072.0
325 11072.0
326 11072.0
327 11072.0
328 11072.0
329 11072.0
330 11072.0
331 11072.0
332 11072.0
333 11072.0
334 11072.0
335 11072.0
336 11072.0
337 11072.0
338 11072.0
339 11072.0
340 11072.0
341 11164.0
342 11072.0
343 11072.0
344 11072.0
345 11072.0
346 11072.0
347 11072.0
348 11072.0
349 11072.0
350 11072.0
351 11072.0
352 11072.0
353 11114.0
354 11114.0
355 11114.0
356 11072.0
357 11072.0
358 11072.0
359 11072.0
360 11072.0
361 11072.0
362 11072.0
363 11072.0
364 11072.0
365 11072.0
366 11072.0
367 11072.0
368 11072.0
369 11072.0
370 11072.0
371 11072.0
372 11072.0
373 11072.0
374 11072.0
375 11072.0
376 11072.0
377 11072.0
378 11072.0
379 11072.0
380 11072.0
381 11072.0
382 11072.0
383 11072.0
384 11072.0
385 11072.0
386 11072.0
387 11072.0
388 11072.0
389 11072.0
390 11072.0
391 11072.0
392 11072.0
393 11106.0
394 11072.0
395 11072.0
396 11116.0
397 11116.0
398 11116.0
399 11116.0
400 11116.0
401 11116.0
402 11072.0
403 11164.0
404 11072.0
405 11072.0
406 11072.0
407 11072.0
408 11072.0
409 11072.0
410 11072.0
411 11072.0
412 11072.0
413 11072.0
414 11072.0
415 11072.0
416 11141.0
417 11141.0
418 11310.0
419 11310.0
420 11310.0
421 11310.0
422 11310.0
423 11118.0
424 11072.0
425 11072.0
426 11107.0
427 11072.0
428 11072.0
429 11072.0
430 11074.0
431 11072.0
432 11072.0
433 11072.0
434 11072.0
435 11072.0
436 11072.0
437 11072.0
438 11072.0
439 11072.0
440 11072.0
441 11072.0
442 11072.0
443 11072.0
444 11072.0
445 11072.0
446 11072.0
447 11072.0
448 11072.0
449 11072.0
450 11223.0
451 11294.0
452 11223.0
453 11310.0
454 11310.0
455 11310.0
456 11310.0
457 11310.0
458 11310.0
459 11310.0
460 11310.0
461 11310.0
462 11310.0
463 11310.0
464 11310.0
465 11310.0
466 11310.0
467 11072.0
468 11072.0
469 11072.0
470 11072.0
471 11072.0
472 11072.0
473 11072.0
474 11072.0
475 11072.0
476 11072.0
477 11072.0
478 11072.0
479 11072.0
480 11072.0
481 11072.0
482 11072.0
483 11072.0
484 11072.0
485 11072.0
486 11072.0
487 11072.0
488 11072.0
489 11072.0
490 11072.0
491 11072.0
492 11072.0
493 11072.0
494 11072.0
495 11072.0
496 11072.0
497 11072.0
498 11072.0
499 11072.0
500 11072.0
501 11072.0
502 11072.0
503 11072.0
504 11072.0
505 11072.0
506 11072.0
507 11072.0
508 11072.0
509 11072.0
510 11072.0
511 11072.0
512 11116.0
513 11116.0
514 11116.0
515 11116.0
516 11072.0
517 11164.0
518 11164.0
519 11164.0
520 11164.0
521 11164.0
522 11164.0
523 11164.0
524 11164.0
525 11164.0
526 11164.0
527 11164.0
528 11164.0
529 11164.0
530 11164.0
531 11164.0
532 11164.0
533 11164.0
534 11164.0
535 11164.0
536 11164.0
537 11164.0
538 11164.0
539 11164.0
540 11164.0
541 11164.0
542 11164.0
543 11190.0
544 11190.0
545 11190.0
546 11190.0
547 11164.0
548 11164.0
549 11164.0
550 11164.0
551 11164.0
552 11164.0
553 11164.0
554 11265.0
555 11164.0
556 11164.0
557 11164.0
558 11164.0
559 11164.0
560 11164.0
561 11164.0
562 11164.0
563 11164.0
564 11164.0
565 11164.0
566 11164.0
567 11164.0
568 11164.0
569 11164.0
570 11164.0
571 11164.0
572 11164.0
573 11164.0
574 11164.0
575 11164.0
576 11164.0
577 11164.0
578 11164.0
579 11164.0
580 11164.0
581 11164.0
582 11164.0
583 11164.0
584 11164.0
585 11164.0
586 11164.0
587 11164.0
588 11164.0
589 11164.0
590 11164.0
591 11164.0
592 11208.0
593 11164.0
594 11164.0
595 11164.0
596 11164.0
597 11164.0
598 11164.0
599 11164.0
600 11164.0
601 11164.0
602 11164.0
603 11164.0
604 11164.0
605 11164.0
606 11164.0
607 11164.0
608 11164.0
609 11164.0
610 11164.0
611 11164.0
612 11164.0
613 11164.0
614 11164.0
615 11164.0
616 11164.0
617 11164.0
618 11164.0
619 11164.0
620 11164.0
621 11164.0
622 11164.0
623 11164.0
624 11164.0
625 11164.0
626 11164.0
627 11164.0
628 11164.0
629 11164.0
630 11164.0
631 11164.0
632 11164.0
633 11164.0
634 11164.0
635 11164.0
636 11164.0
637 11164.0
638 11164.0
639 11164.0
640 11164.0
641 11164.0
642 11164.0
643 11164.0
644 11164.0
645 11164.0
646 11164.0
647 11164.0
648 11164.0
649 11164.0
650 11164.0
651 11164.0
652 11164.0
653 11164.0
654 11164.0
655 11164.0
656 11164.0
657 11164.0
658 11164.0
659 11164.0
660 11164.0
661 11164.0
662 11164.0
663 11164.0
664 11164.0
665 11164.0
666 11164.0
667 11164.0
668 11164.0
669 11164.0
670 11164.0
671 11164.0
672 11164.0
673 11164.0
674 11164.0
675 11164.0
676 11164.0
677 11164.0
678 11164.0
679 11164.0
680 11164.0
681 11164.0
682 11164.0
683 11164.0
684 11164.0
685 11164.0
686 11164.0
687 11164.0
688 11164.0
689 11164.0
690 11164.0
691 11164.0
692 11164.0
693 11164.0
694 11164.0
695 11164.0
696 11164.0
697 11164.0
698 11164.0
699 11164.0
700 11214.0
701 11214.0
702 11214.0
703 11214.0
704 11214.0
705 11214.0
706 11164.0
707 11164.0
708 11164.0
709 11164.0
710 11164.0
711 11164.0
712 11164.0
713 11164.0
714 11164.0
715 11164.0
716 11164.0
717 11164.0
718 11164.0
719 11164.0
720 11164.0
721 11164.0
722 11164.0
723 11164.0
724 11164.0
725 11164.0
726 11164.0
727 11164.0
728 11164.0
729 11164.0
730 11164.0
731 11164.0
732 11164.0
733 11164.0
734 11164.0
735 11164.0
736 11164.0
737 11164.0
738 11164.0
739 11164.0
740 11164.0
741 11164.0
742 11164.0
743 11164.0
744 11164.0
745 11164.0
746 11302.0
747 11302.0
748 11302.0
749 11164.0
750 11164.0
751 11164.0
752 11164.0
753 11164.0
754 11164.0
755 11164.0
756 11164.0
757 11164.0
758 11164.0
759 11164.0
760 11164.0
761 11164.0
762 11164.0
763 11164.0
764 11164.0
765 11164.0
766 11164.0
767 11164.0
768 11164.0
769 11164.0
770 11164.0
771 11164.0
772 11164.0
773 11164.0
774 11164.0
775 11164.0
776 11164.0
777 11164.0
778 11164.0
779 11164.0
780 11164.0
781 11164.0
782 11164.0
783 11164.0
784 11164.0
785 11164.0
786 11164.0
787 11164.0
788 11164.0
789 11164.0
790 11164.0
791 11164.0
792 11164.0
793 11164.0
794 11164.0
795 11164.0
796 11164.0
797 11164.0
798 11164.0
799 11208.0
800 11164.0
801 11164.0
802 11164.0
803 11164.0
804 11164.0
805 11164.0
806 11164.0
807 11164.0
808 11164.0
809 11164.0
810 11164.0
811 11164.0
812 11164.0
813 11164.0
814 11164.0
815 11164.0
816 11164.0
817 11164.0
818 11164.0
819 11164.0
820 11164.0
821 11164.0
822 11164.0
823 11164.0
824 11164.0
825 11164.0
826 11164.0
827 11164.0
828 11164.0
829 11164.0
830 11164.0
831 11164.0
832 11164.0
833 11164.0
834 11164.0
835 11164.0
836 11164.0
837 11164.0
838 11164.0
839 11164.0
840 11164.0
841 11164.0
842 11164.0
843 11164.0
844 11164.0
845 11164.0
846 11164.0
847 11164.0
848 11164.0
849 11164.0
850 11164.0
851 11164.0
852 11164.0
853 11164.0
854 11164.0
855 11164.0
856 11164.0
857 11164.0
858 11208.0
859 11208.0
860 11208.0
861 11164.0
862 11164.0
863 11164.0
864 11164.0
865 11164.0
866 11164.0
867 11164.0
868 11164.0
869 11164.0
870 11164.0
871 11164.0
872 11164.0
873 11164.0
874 11164.0
875 11164.0
876 11164.0
877 11164.0
878 11164.0
879 11164.0
880 11164.0
881 11164.0
882 11164.0
883 11164.0
884 11164.0
885 11164.0
886 11164.0
887 11164.0
888 11164.0
889 11164.0
890 11164.0
891 11164.0
892 11164.0
893 11164.0
894 11164.0
895 11164.0
896 11164.0
897 11164.0
898 11164.0
899 11164.0
900 11164.0
901 11164.0
902 11164.0
903 11164.0
904 11182.0
905 11178.0
906 11178.0
907 11178.0
908 11178.0
909 11178.0
910 11202.0
911 11202.0
912 11202.0
913 11178.0
914 11164.0
915 11164.0
916 11164.0
917 11164.0
918 11164.0
919 11164.0
920 11164.0
921 11164.0
922 11164.0
923 11164.0
924 11164.0
925 11164.0
926 11164.0
927 11164.0
928 11164.0
929 11164.0
930 11164.0
931 11164.0
932 11164.0
933 11164.0
934 11164.0
935 11164.0
936 11164.0
937 11164.0
938 11164.0
939 11164.0
940 11164.0
941 11164.0
942 11164.0
943 11164.0
944 11164.0
945 11164.0
946 11164.0
947 11164.0
948 11164.0
949 11164.0
950 11164.0
951 11164.0
952 11164.0
953 11164.0
954 11164.0
955 11164.0
956 11164.0
957 11164.0
958 11164.0
959 11164.0
960 11164.0
961 11164.0
962 11164.0
963 11164.0
964 11164.0
965 11164.0
966 11164.0
967 11164.0
968 11164.0
969 11164.0
970 11164.0
971 11164.0
972 11164.0
973 11164.0
974 11164.0
975 11164.0
976 11164.0
977 11164.0
978 11164.0
979 11164.0
980 11164.0
981 11164.0
982 11164.0
983 11164.0
984 11164.0
985 11164.0
986 11164.0
987 11164.0
988 11164.0
989 11164.0
990 11164.0
991 11164.0
992 11164.0
993 11164.0
994 11164.0
995 11164.0
996 11164.0
997 11164.0
998 11212.0
999 11212.0
1000 11164.0
