0 4406.0
1 4893.0
2 4998.0
3 5558.0
4 5878.0
5 6496.0
6 6785.0
7 7140.0
8 7744.0
9 8047.0
10 7721.0
11 8345.0
12 8192.0
13 8491.0
14 9130.0
15 9701.0
16 9701.0
17 9342.0
18 9487.0
19 10270.0
20 9841.0
21 9841.0
22 9662.0
23 9846.0
24 9999.0
25 9999.0
26 10171.0
27 10171.0
28 10323.0
29 10417.0
30 10323.0
31 10723.0
32 10723.0
33 10546.0
34 10567.0
35 10736.0
36 10736.0
37 10797.0
38 10797.0
39 10789.0
40 10789.0
41 10789.0
42 10731.0
43 10870.0
44 10898.0
45 10821.0
46 10919.0
47 10936.0
48 10957.0
49 11031.0
50 11031.0
51 11031.0
52 11059.0
53 11140.0
54 11142.0
55 11188.0
56 11172.0
57 11182.0
58 11186.0
59 11186.0
60 11195.0
61 11345.0
62 11345.0
63 11345.0
64 11365.0
65 11365.0
66 11363.0
67 11365.0
68 11365.0
69 11409.0
70 11409.0
71 11409.0
72 11409.0
73 11409.0
74 11409.0
75 11409.0
76 11409.0
77 11409.0
78 11409.0
79 11409.0
80 11409.0
81 11409.0
82 11409.0
83 11409.0
84 11409.0
85 11409.0
86 11409.0
87 11409.0
88 11409.0
89 11409.0
90 11409.0
91 11409.0
92 11409.0
93 11409.0
94 11409.0
95 11409.0
96 11409.0
97 11409.0
98 11409.0
99 11409.0
100 11409.0
101 11409.0
102 11409.0
103 11409.0
104 11409.0
105 11409.0
106 11409.0
107 11409.0
108 11409.0
109 11409.0
110 11409.0
111 11409.0
112 11409.0
113 11409.0
114 11409.0
115 11409.0
116 11409.0
117 11409.0
118 11409.0
119 11443.0
120 11409.0
121 11409.0
122 11441.0
123 11441.0
124 11409.0
125 11409.0
126 11409.0
127 11409.0
128 11409.0
129 11409.0
130 11409.0
131 11409.0
132 11409.0
133 11409.0
134 11409.0
135 11409.0
136 11409.0
137 11409.0
138 11409.0
139 11409.0
140 11409.0
141 11409.0
142 11409.0
143 11409.0
144 11409.0
145 11409.0
146 11409.0
147 11409.0
148 11409.0
149 11409.0
150 11409.0
151 11409.0
152 11409.0
153 11409.0
154 11409.0
155 11409.0
156 11409.0
157 11409.0
158 11409.0
159 11409.0
160 11409.0
161 11409.0
162 11409.0
163 11409.0
164 11409.0
165 11409.0
166 11409.0
167 11409.0
168 11409.0
169 11409.0
170 11409.0
171 11409.0
172 11409.0
173 11409.0
174 11409.0
175 11409.0
176 11409.0
177 11409.0
178 11409.0
179 11409.0
180 11409.0
181 11409.0
182 11409.0
183 11409.0
184 11409.0
185 11441.0
186 11409.0
187 11409.0
188 11409.0
189 11409.0
190 11409.0
191 11409.0
192 11409.0
193 11409.0
194 11409.0
195 11409.0
196 11409.0
197 11409.0
198 11409.0
199 11409.0
200 11409.0
201 11409.0
202 11409.0
203 11409.0
204 11409.0
205 11409.0
206 11409.0
207 11409.0
208 11409.0
209 11409.0
210 11409.0
211 11409.0
212 11409.0
213 11409.0
214 11409.0
215 11409.0
216 11409.0
217 11443.0
218 11443.0
219 11443.0
220 11409.0
221 11409.0
222 11409.0
223 11409.0
224 11409.0
225 11409.0
226 11409.0
227 11409.0
228 11409.0
229 11409.0
230 11409.0
231 11409.0
232 11409.0
233 11409.0
234 11409.0
235 11409.0
236 11409.0
237 11409.0
238 11409.0
239 11409.0
240 11409.0
241 11409.0
242 11409.0
243 11409.0
244 11409.0
245 11409.0
246 11409.0
247 11443.0
248 11443.0
249 11409.0
250 11409.0
251 11409.0
252 11409.0
253 11409.0
254 11409.0
255 11409.0
256 11409.0
257 11409.0
258 11409.0
259 11409.0
260 11409.0
261 11409.0
262 11409.0
263 11409.0
264 11409.0
265 11409.0
266 11409.0
267 11409.0
268 11409.0
269 11409.0
270 11409.0
271 11409.0
272 11409.0
273 11409.0
274 11409.0
275 11409.0
276 11409.0
277 11409.0
278 11409.0
279 11409.0
280 11409.0
281 11409.0
282 11409.0
283 11409.0
284 11409.0
285 11409.0
286 11409.0
287 11409.0
288 11409.0
289 11409.0
290 11409.0
291 11409.0
292 11409.0
293 11409.0
294 11409.0
295 11409.0
296 11409.0
297 11409.0
298 11409.0
299 11409.0
300 11409.0
301 11409.0
302 11409.0
303 11409.0
304 11409.0
305 11409.0
306 11409.0
307 11409.0
308 11409.0
309 11409.0
310 11409.0
311 11409.0
312 11409.0
313 11409.0
314 11409.0
315 11409.0
316 11409.0
317 11409.0
318 11409.0
319 11409.0
320 11409.0
321 11409.0
322 11409.0
323 11409.0
324 11409.0
325 11409.0
326 11409.0
327 11409.0
328 11409.0
329 11409.0
330 11409.0
331 11409.0
332 11409.0
333 11409.0
334 11409.0
335 11409.0
336 11409.0
337 11409.0
338 11409.0
339 11409.0
340 11409.0
341 11409.0
342 11409.0
343 11409.0
344 11409.0
345 11409.0
346 11409.0
347 11409.0
348 11409.0
349 11409.0
350 11409.0
351 11409.0
352 11409.0
353 11409.0
354 11409.0
355 11409.0
356 11409.0
357 11409.0
358 11409.0
359 11409.0
360 11409.0
361 11409.0
362 11409.0
363 11409.0
364 11409.0
365 11409.0
366 11409.0
367 11409.0
368 11409.0
369 11409.0
370 11409.0
371 11409.0
372 11409.0
373 11409.0
374 11409.0
375 11409.0
376 11409.0
377 11423.0
378 11423.0
379 11423.0
380 11409.0
381 11409.0
382 11409.0
383 11409.0
384 11409.0
385 11409.0
386 11409.0
387 11441.0
388 11441.0
389 11441.0
390 11409.0
391 11409.0
392 11409.0
393 11409.0
394 11409.0
395 11409.0
396 11409.0
397 11409.0
398 11409.0
399 11409.0
400 11409.0
401 11409.0
402 11409.0
403 11409.0
404 11409.0
405 11409.0
406 11409.0
407 11409.0
408 11409.0
409 11409.0
410 11409.0
411 11409.0
412 11409.0
413 11409.0
414 11409.0
415 11409.0
416 11409.0
417 11409.0
418 11409.0
419 11409.0
420 11409.0
421 11409.0
422 11409.0
423 11409.0
424 11409.0
425 11409.0
426 11409.0
427 11409.0
428 11443.0
429 11443.0
430 11443.0
431 11443.0
432 11409.0
433 11409.0
434 11409.0
435 11409.0
436 11409.0
437 11409.0
438 11409.0
439 11409.0
440 11409.0
441 11409.0
442 11409.0
443 11409.0
444 11409.0
445 11409.0
446 11409.0
447 11409.0
448 11409.0
449 11409.0
450 11409.0
451 11409.0
452 11409.0
453 11409.0
454 11409.0
455 11409.0
456 11409.0
457 11409.0
458 11409.0
459 11409.0
460 11443.0
461 11409.0
462 11409.0
463 11409.0
464 11409.0
465 11409.0
466 11409.0
467 11409.0
468 11409.0
469 11409.0
470 11409.0
471 11409.0
472 11409.0
473 11409.0
474 11409.0
475 11409.0
476 11409.0
477 11409.0
478 11409.0
479 11409.0
480 11409.0
481 11409.0
482 11409.0
483 11409.0
484 11409.0
485 11409.0
486 11409.0
487 11409.0
488 11409.0
489 11409.0
490 11409.0
491 11409.0
492 11409.0
493 11409.0
494 11409.0
495 11409.0
496 11409.0
497 11409.0
498 11409.0
499 11409.0
500 11409.0
501 11409.0
502 11409.0
503 11409.0
504 11409.0
505 11409.0
506 11409.0
507 11409.0
508 11409.0
509 11409.0
510 11409.0
511 11409.0
512 11443.0
513 11443.0
514 11443.0
515 11409.0
516 11441.0
517 11409.0
518 11409.0
519 11409.0
520 11409.0
521 11409.0
522 11409.0
523 11409.0
524 11409.0
525 11409.0
526 11409.0
527 11409.0
528 11409.0
529 11409.0
530 11409.0
531 11409.0
532 11409.0
533 11409.0
534 11409.0
535 11409.0
536 11409.0
537 11409.0
538 11409.0
539 11409.0
540 11409.0
541 11409.0
542 11409.0
543 11409.0
544 11409.0
545 11409.0
546 11409.0
547 11409.0
548 11409.0
549 11409.0
550 11409.0
551 11409.0
552 11409.0
553 11409.0
554 11409.0
555 11409.0
556 11409.0
557 11409.0
558 11409.0
559 11409.0
560 11409.0
561 11409.0
562 11409.0
563 11409.0
564 11409.0
565 11409.0
566 11409.0
567 11409.0
568 11409.0
569 11409.0
570 11409.0
571 11409.0
572 11409.0
573 11409.0
574 11409.0
575 11409.0
576 11409.0
577 11409.0
578 11409.0
579 11409.0
580 11409.0
581 11409.0
582 11409.0
583 11409.0
584 11409.0
585 11409.0
586 11409.0
587 11409.0
588 11409.0
589 11409.0
590 11409.0
591 11409.0
592 11409.0
593 11409.0
594 11409.0
595 11409.0
596 11409.0
597 11409.0
598 11409.0
599 11409.0
600 11409.0
601 11409.0
602 11409.0
603 11409.0
604 11409.0
605 11409.0
606 11409.0
607 11409.0
608 11409.0
609 11409.0
610 11409.0
611 11409.0
612 11409.0
613 11409.0
614 11409.0
615 11409.0
616 11409.0
617 11409.0
618 11409.0
619 11409.0
620 11409.0
621 11409.0
622 11409.0
623 11409.0
624 11409.0
625 11409.0
626 11409.0
627 11409.0
628 11409.0
629 11409.0
630 11409.0
631 11409.0
632 11409.0
633 11409.0
634 11409.0
635 11409.0
636 11409.0
637 11409.0
638 11409.0
639 11409.0
640 11409.0
641 11409.0
642 11409.0
643 11409.0
644 11409.0
645 11409.0
646 11409.0
647 11409.0
648 11409.0
649 11409.0
650 11409.0
651 11409.0
652 11409.0
653 11409.0
654 11409.0
655 11409.0
656 11409.0
657 11409.0
658 11409.0
659 11409.0
660 11409.0
661 11409.0
662 11409.0
663 11409.0
664 11409.0
665 11409.0
666 11409.0
667 11409.0
668 11409.0
669 11409.0
670 11409.0
671 11409.0
672 11409.0
673 11409.0
674 11409.0
675 11409.0
676 11409.0
677 11409.0
678 11409.0
679 11409.0
680 11409.0
681 11409.0
682 11409.0
683 11409.0
684 11409.0
685 11409.0
686 11409.0
687 11409.0
688 11409.0
689 11409.0
690 11443.0
691 11443.0
692 11443.0
693 11443.0
694 11443.0
695 11443.0
696 11443.0
697 11409.0
698 11409.0
699 11409.0
700 11409.0
701 11409.0
702 11409.0
703 11409.0
704 11409.0
705 11409.0
706 11409.0
707 11409.0
708 11409.0
709 11409.0
710 11409.0
711 11409.0
712 11409.0
713 11409.0
714 11409.0
715 11409.0
716 11409.0
717 11409.0
718 11409.0
719 11409.0
720 11409.0
721 11443.0
722 11443.0
723 11409.0
724 11409.0
725 11409.0
726 11409.0
727 11409.0
728 11409.0
729 11409.0
730 11409.0
731 11409.0
732 11409.0
733 11409.0
734 11409.0
735 11409.0
736 11409.0
737 11409.0
738 11409.0
739 11409.0
740 11409.0
741 11409.0
742 11409.0
743 11409.0
744 11409.0
745 11409.0
746 11443.0
747 11409.0
748 11409.0
749 11409.0
750 11409.0
751 11409.0
752 11409.0
753 11409.0
754 11409.0
755 11409.0
756 11409.0
757 11409.0
758 11409.0
759 11409.0
760 11409.0
761 11409.0
762 11409.0
763 11409.0
764 11409.0
765 11409.0
766 11409.0
767 11409.0
768 11409.0
769 11409.0
770 11409.0
771 11409.0
772 11441.0
773 11441.0
774 11441.0
775 11441.0
776 11441.0
777 11409.0
778 11409.0
779 11409.0
780 11443.0
781 11409.0
782 11409.0
783 11409.0
784 11409.0
785 11409.0
786 11409.0
787 11409.0
788 11409.0
789 11409.0
790 11409.0
791 11409.0
792 11409.0
793 11409.0
794 11409.0
795 11409.0
796 11409.0
797 11409.0
798 11409.0
799 11409.0
800 11409.0
801 11409.0
802 11409.0
803 11409.0
804 11409.0
805 11409.0
806 11409.0
807 11409.0
808 11409.0
809 11409.0
810 11409.0
811 11409.0
812 11409.0
813 11409.0
814 11409.0
815 11409.0
816 11409.0
817 11409.0
818 11409.0
819 11409.0
820 11409.0
821 11409.0
822 11409.0
823 11409.0
824 11409.0
825 11409.0
826 11409.0
827 11409.0
828 11409.0
829 11409.0
830 11409.0
831 11409.0
832 11409.0
833 11409.0
834 11409.0
835 11409.0
836 11409.0
837 11409.0
838 11409.0
839 11409.0
840 11409.0
841 11409.0
842 11409.0
843 11409.0
844 11409.0
845 11409.0
846 11409.0
847 11409.0
848 11409.0
849 11409.0
850 11409.0
851 11409.0
852 11443.0
853 11443.0
854 11443.0
855 11443.0
856 11443.0
857 11409.0
858 11409.0
859 11409.0
860 11409.0
861 11409.0
862 11409.0
863 11409.0
864 11409.0
865 11409.0
866 11409.0
867 11409.0
868 11443.0
869 11443.0
870 11443.0
871 11409.0
872 11409.0
873 11409.0
874 11409.0
875 11409.0
876 11409.0
877 11443.0
878 11409.0
879 11409.0
880 11409.0
881 11409.0
882 11409.0
883 11409.0
884 11443.0
885 11409.0
886 11409.0
887 11409.0
888 11409.0
889 11409.0
890 11409.0
891 11409.0
892 11409.0
893 11409.0
894 11409.0
895 11409.0
896 11409.0
897 11409.0
898 11409.0
899 11409.0
900 11409.0
901 11409.0
902 11409.0
903 11409.0
904 11409.0
905 11409.0
906 11409.0
907 11409.0
908 11409.0
909 11409.0
910 11409.0
911 11409.0
912 11409.0
913 11409.0
914 11409.0
915 11409.0
916 11409.0
917 11409.0
918 11409.0
919 11409.0
920 11409.0
921 11409.0
922 11409.0
923 11409.0
924 11409.0
925 11409.0
926 11409.0
927 11409.0
928 11409.0
929 11409.0
930 11409.0
931 11409.0
932 11409.0
933 11409.0
934 11409.0
935 11409.0
936 11409.0
937 11409.0
938 11409.0
939 11409.0
940 11409.0
941 11409.0
942 11409.0
943 11409.0
944 11409.0
945 11409.0
946 11409.0
947 11409.0
948 11409.0
949 11409.0
950 11409.0
951 11409.0
952 11409.0
953 11409.0
954 11409.0
955 11409.0
956 11409.0
957 11409.0
958 11409.0
959 11409.0
960 11409.0
961 11409.0
962 11409.0
963 11409.0
964 11409.0
965 11409.0
966 11409.0
967 11409.0
968 11409.0
969 11409.0
970 11409.0
971 11409.0
972 11409.0
973 11409.0
974 11409.0
975 11409.0
976 11409.0
977 11409.0
978 11409.0
979 11409.0
980 11409.0
981 11409.0
982 11409.0
983 11443.0
984 11409.0
985 11409.0
986 11409.0
987 11409.0
988 11409.0
989 11409.0
990 11409.0
991 11409.0
992 11409.0
993 11409.0
994 11409.0
995 11409.0
996 11409.0
997 11409.0
998 11409.0
999 11409.0
1000 11409.0
