0 4344.0
1 4916.0
2 5752.0
3 5752.0
4 6150.0
5 6189.0
6 6834.0
7 6962.0
8 7184.0
9 7928.0
10 7670.0
11 8228.0
12 8380.0
13 8752.0
14 8844.0
15 8996.0
16 9150.0
17 9340.0
18 9348.0
19 9593.0
20 9593.0
21 9693.0
22 9850.0
23 9646.0
24 10065.0
25 10286.0
26 10286.0
27 10286.0
28 10286.0
29 10475.0
30 10594.0
31 10516.0
32 10766.0
33 10766.0
34 10766.0
35 10766.0
36 10833.0
37 10871.0
38 10871.0
39 10998.0
40 10943.0
41 10943.0
42 11000.0
43 11234.0
44 11234.0
45 11158.0
46 11178.0
47 11178.0
48 11164.0
49 11230.0
50 11230.0
51 11232.0
52 11232.0
53 11232.0
54 11272.0
55 11277.0
56 11355.0
57 11279.0
58 11302.0
59 11302.0
60 11302.0
61 11302.0
62 11302.0
63 11302.0
64 11302.0
65 11302.0
66 11302.0
67 11302.0
68 11302.0
69 11302.0
70 11302.0
71 11302.0
72 11302.0
73 11302.0
74 11302.0
75 11302.0
76 11302.0
77 11302.0
78 11302.0
79 11302.0
80 11302.0
81 11302.0
82 11302.0
83 11302.0
84 11302.0
85 11302.0
86 11302.0
87 11302.0
88 11302.0
89 11302.0
90 11302.0
91 11302.0
92 11302.0
93 11302.0
94 11302.0
95 11302.0
96 11302.0
97 11302.0
98 11302.0
99 11302.0
100 11302.0
101 11302.0
102 11302.0
103 11302.0
104 11302.0
105 11302.0
106 11302.0
107 11302.0
108 11302.0
109 11302.0
110 11302.0
111 11302.0
112 11302.0
113 11302.0
114 11302.0
115 11302.0
116 11302.0
117 11302.0
118 11302.0
119 11302.0
120 11302.0
121 11302.0
122 11302.0
123 11302.0
124 11302.0
125 11302.0
126 11302.0
127 11302.0
128 11302.0
129 11302.0
130 11302.0
131 11302.0
132 11302.0
133 11302.0
134 11302.0
135 11302.0
136 11302.0
137 11302.0
138 11302.0
139 11302.0
140 11302.0
141 11302.0
142 11302.0
143 11302.0
144 11302.0
145 11302.0
146 11302.0
147 11302.0
148 11302.0
149 11302.0
150 11302.0
151 11302.0
152 11302.0
153 11302.0
154 11302.0
155 11302.0
156 11302.0
157 11302.0
158 11302.0
159 11302.0
160 11302.0
161 11302.0
162 11302.0
163 11302.0
164 11302.0
165 11302.0
166 11302.0
167 11302.0
168 11302.0
169 11302.0
170 11302.0
171 11302.0
172 11302.0
173 11302.0
174 11302.0
175 11302.0
176 11302.0
177 11302.0
178 11302.0
179 11302.0
180 11302.0
181 11302.0
182 11302.0
183 11302.0
184 11302.0
185 11302.0
186 11302.0
187 11302.0
188 11302.0
189 11302.0
190 11302.0
191 11302.0
192 11302.0
193 11302.0
194 11302.0
195 11302.0
196 11302.0
197 11302.0
198 11302.0
199 11302.0
200 11302.0
201 11302.0
202 11302.0
203 11302.0
204 11302.0
205 11302.0
206 11302.0
207 11302.0
208 11302.0
209 11302.0
210 11302.0
211 11302.0
212 11302.0
213 11302.0
214 11302.0
215 11302.0
216 11302.0
217 11302.0
218 11302.0
219 11302.0
220 11302.0
221 11302.0
222 11302.0
223 11302.0
224 11302.0
225 11302.0
226 11302.0
227 11302.0
228 11302.0
229 11302.0
230 11302.0
231 11302.0
232 11302.0
233 11302.0
234 11302.0
235 11302.0
236 11302.0
237 11302.0
238 11302.0
239 11302.0
240 11302.0
241 11302.0
242 11302.0
243 11302.0
244 11302.0
245 11302.0
246 11302.0
247 11302.0
248 11302.0
249 11302.0
250 11302.0
251 11302.0
252 11302.0
253 11302.0
254 11302.0
255 11302.0
256 11302.0
257 11302.0
258 11302.0
259 11302.0
260 11302.0
261 11302.0
262 11302.0
263 11302.0
264 11302.0
265 11302.0
266 11302.0
267 11302.0
268 11302.0
269 11302.0
270 11302.0
271 11302.0
272 11302.0
273 11302.0
274 11302.0
275 11302.0
276 11302.0
277 11302.0
278 11302.0
279 11302.0
280 11302.0
281 11302.0
282 11302.0
283 11302.0
284 11302.0
285 11302.0
286 11302.0
287 11302.0
288 11302.0
289 11302.0
290 11302.0
291 11302.0
292 11302.0
293 11302.0
294 11302.0
295 11302.0
296 11302.0
297 11302.0
298 11302.0
299 11302.0
300 11302.0
301 11302.0
302 11302.0
303 11302.0
304 11302.0
305 11302.0
306 11302.0
307 11302.0
308 11302.0
309 11302.0
310 11302.0
311 11302.0
312 11302.0
313 11302.0
314 11302.0
315 11302.0
316 11302.0
317 11302.0
318 11302.0
319 11302.0
320 11302.0
321 11302.0
322 11302.0
323 11302.0
324 11302.0
325 11302.0
326 11302.0
327 11302.0
328 11302.0
329 11302.0
330 11302.0
331 11302.0
332 11302.0
333 11302.0
334 11302.0
335 11302.0
336 11302.0
337 11302.0
338 11302.0
339 11302.0
340 11302.0
341 11302.0
342 11302.0
343 11302.0
344 11302.0
345 11302.0
346 11302.0
347 11302.0
348 11302.0
349 11302.0
350 11302.0
351 11302.0
352 11302.0
353 11302.0
354 11302.0
355 11302.0
356 11302.0
357 11302.0
358 11302.0
359 11302.0
360 11302.0
361 11302.0
362 11302.0
363 11302.0
364 11302.0
365 11302.0
366 11302.0
367 11302.0
368 11302.0
369 11302.0
370 11302.0
371 11302.0
372 11302.0
373 11302.0
374 11302.0
375 11302.0
376 11302.0
377 11302.0
378 11302.0
379 11302.0
380 11302.0
381 11302.0
382 11302.0
383 11302.0
384 11302.0
385 11302.0
386 11302.0
387 11302.0
388 11302.0
389 11302.0
390 11302.0
391 11302.0
392 11302.0
393 11302.0
394 11302.0
395 11302.0
396 11302.0
397 11302.0
398 11302.0
399 11302.0
400 11302.0
401 11302.0
402 11302.0
403 11302.0
404 11302.0
405 11302.0
406 11302.0
407 11302.0
408 11302.0
409 11302.0
410 11302.0
411 11302.0
412 11302.0
413 11302.0
414 11302.0
415 11302.0
416 11302.0
417 11302.0
418 11302.0
419 11302.0
420 11302.0
421 11302.0
422 11302.0
423 11302.0
424 11302.0
425 11302.0
426 11302.0
427 11302.0
428 11302.0
429 11302.0
430 11302.0
431 11302.0
432 11302.0
433 11302.0
434 11302.0
435 11302.0
436 11302.0
437 11302.0
438 11302.0
439 11302.0
440 11302.0
441 11302.0
442 11302.0
443 11302.0
444 11302.0
445 11302.0
446 11302.0
447 11302.0
448 11302.0
449 11302.0
450 11302.0
451 11302.0
452 11302.0
453 11302.0
454 11302.0
455 11302.0
456 11302.0
457 11302.0
458 11302.0
459 11302.0
460 11302.0
461 11302.0
462 11302.0
463 11302.0
464 11302.0
465 11302.0
466 11302.0
467 11302.0
468 11302.0
469 11302.0
470 11302.0
471 11302.0
472 11302.0
473 11302.0
474 11302.0
475 11302.0
476 11302.0
477 11302.0
478 11302.0
479 11302.0
480 11302.0
481 11302.0
482 11302.0
483 11302.0
484 11302.0
485 11302.0
486 11302.0
487 11302.0
488 11302.0
489 11302.0
490 11302.0
491 11302.0
492 11302.0
493 11302.0
494 11302.0
495 11302.0
496 11302.0
497 11302.0
498 11302.0
499 11302.0
500 11302.0
501 11302.0
502 11302.0
503 11302.0
504 11302.0
505 11302.0
506 11302.0
507 11302.0
508 11302.0
509 11302.0
510 11302.0
511 11302.0
512 11302.0
513 11302.0
514 11302.0
515 11302.0
516 11302.0
517 11302.0
518 11302.0
519 11302.0
520 11302.0
521 11302.0
522 11302.0
523 11302.0
524 11302.0
525 11302.0
526 11302.0
527 11302.0
528 11302.0
529 11302.0
530 11302.0
531 11302.0
532 11302.0
533 11302.0
534 11302.0
535 11302.0
536 11302.0
537 11302.0
538 11302.0
539 11302.0
540 11302.0
541 11302.0
542 11302.0
543 11302.0
544 11302.0
545 11302.0
546 11302.0
547 11302.0
548 11302.0
549 11302.0
550 11302.0
551 11302.0
552 11302.0
553 11302.0
554 11302.0
555 11302.0
556 11302.0
557 11302.0
558 11302.0
559 11302.0
560 11302.0
561 11302.0
562 11302.0
563 11302.0
564 11302.0
565 11302.0
566 11302.0
567 11302.0
568 11302.0
569 11302.0
570 11302.0
571 11302.0
572 11302.0
573 11302.0
574 11302.0
575 11302.0
576 11302.0
577 11302.0
578 11302.0
579 11302.0
580 11302.0
581 11302.0
582 11302.0
583 11302.0
584 11302.0
585 11302.0
586 11302.0
587 11302.0
588 11302.0
589 11302.0
590 11302.0
591 11302.0
592 11302.0
593 11302.0
594 11302.0
595 11302.0
596 11302.0
597 11302.0
598 11302.0
599 11302.0
600 11302.0
601 11302.0
602 11302.0
603 11302.0
604 11302.0
605 11302.0
606 11302.0
607 11302.0
608 11302.0
609 11302.0
610 11302.0
611 11302.0
612 11302.0
613 11302.0
614 11302.0
615 11302.0
616 11302.0
617 11302.0
618 11302.0
619 11302.0
620 11302.0
621 11302.0
622 11302.0
623 11302.0
624 11302.0
625 11302.0
626 11302.0
627 11302.0
628 11302.0
629 11302.0
630 11302.0
631 11302.0
632 11302.0
633 11302.0
634 11302.0
635 11302.0
636 11302.0
637 11302.0
638 11302.0
639 11302.0
640 11302.0
641 11302.0
642 11302.0
643 11302.0
644 11302.0
645 11302.0
646 11302.0
647 11302.0
648 11302.0
649 11302.0
650 11302.0
651 11302.0
652 11302.0
653 11302.0
654 11302.0
655 11302.0
656 11302.0
657 11302.0
658 11302.0
659 11302.0
660 11302.0
661 11302.0
662 11302.0
663 11302.0
664 11302.0
665 11302.0
666 11302.0
667 11302.0
668 11302.0
669 11302.0
670 11302.0
671 11302.0
672 11302.0
673 11302.0
674 11302.0
675 11302.0
676 11302.0
677 11302.0
678 11302.0
679 11302.0
680 11302.0
681 11302.0
682 11302.0
683 11302.0
684 11302.0
685 11302.0
686 11302.0
687 11302.0
688 11302.0
689 11302.0
690 11302.0
691 11302.0
692 11302.0
693 11302.0
694 11302.0
695 11302.0
696 11302.0
697 11302.0
698 11302.0
699 11302.0
700 11302.0
701 11302.0
702 11302.0
703 11302.0
704 11302.0
705 11302.0
706 11302.0
707 11302.0
708 11302.0
709 11302.0
710 11302.0
711 11302.0
712 11302.0
713 11302.0
714 11302.0
715 11302.0
716 11302.0
717 11302.0
718 11302.0
719 11302.0
720 11302.0
721 11302.0
722 11302.0
723 11302.0
724 11302.0
725 11302.0
726 11302.0
727 11302.0
728 11302.0
729 11302.0
730 11302.0
731 11302.0
732 11302.0
733 11302.0
734 11302.0
735 11302.0
736 11302.0
737 11302.0
738 11302.0
739 11302.0
740 11302.0
741 11302.0
742 11302.0
743 11302.0
744 11302.0
745 11302.0
746 11302.0
747 11302.0
748 11302.0
749 11302.0
750 11302.0
751 11302.0
752 11302.0
753 11302.0
754 11302.0
755 11302.0
756 11302.0
757 11302.0
758 11302.0
759 11302.0
760 11302.0
761 11302.0
762 11302.0
763 11302.0
764 11302.0
765 11302.0
766 11302.0
767 11302.0
768 11302.0
769 11302.0
770 11302.0
771 11302.0
772 11302.0
773 11302.0
774 11302.0
775 11302.0
776 11302.0
777 11302.0
778 11302.0
779 11302.0
780 11302.0
781 11302.0
782 11302.0
783 11302.0
784 11302.0
785 11302.0
786 11302.0
787 11302.0
788 11302.0
789 11302.0
790 11302.0
791 11302.0
792 11302.0
793 11302.0
794 11302.0
795 11302.0
796 11302.0
797 11302.0
798 11302.0
799 11302.0
800 11302.0
801 11302.0
802 11302.0
803 11302.0
804 11302.0
805 11302.0
806 11302.0
807 11302.0
808 11302.0
809 11302.0
810 11302.0
811 11302.0
812 11302.0
813 11302.0
814 11302.0
815 11302.0
816 11302.0
817 11302.0
818 11302.0
819 11302.0
820 11302.0
821 11302.0
822 11302.0
823 11302.0
824 11302.0
825 11302.0
826 11302.0
827 11302.0
828 11302.0
829 11302.0
830 11302.0
831 11302.0
832 11302.0
833 11302.0
834 11302.0
835 11302.0
836 11302.0
837 11302.0
838 11302.0
839 11302.0
840 11302.0
841 11302.0
842 11302.0
843 11302.0
844 11302.0
845 11302.0
846 11302.0
847 11302.0
848 11302.0
849 11302.0
850 11302.0
851 11302.0
852 11302.0
853 11302.0
854 11302.0
855 11302.0
856 11302.0
857 11302.0
858 11302.0
859 11302.0
860 11302.0
861 11302.0
862 11302.0
863 11302.0
864 11302.0
865 11302.0
866 11302.0
867 11302.0
868 11302.0
869 11302.0
870 11302.0
871 11302.0
872 11302.0
873 11302.0
874 11302.0
875 11302.0
876 11302.0
877 11302.0
878 11302.0
879 11302.0
880 11302.0
881 11302.0
882 11302.0
883 11302.0
884 11302.0
885 11302.0
886 11302.0
887 11302.0
888 11302.0
889 11302.0
890 11302.0
891 11302.0
892 11302.0
893 11302.0
894 11302.0
895 11302.0
896 11302.0
897 11302.0
898 11302.0
899 11302.0
900 11302.0
901 11302.0
902 11302.0
903 11302.0
904 11302.0
905 11302.0
906 11302.0
907 11302.0
908 11302.0
909 11302.0
910 11302.0
911 11302.0
912 11302.0
913 11302.0
914 11302.0
915 11302.0
916 11302.0
917 11302.0
918 11302.0
919 11302.0
920 11302.0
921 11302.0
922 11302.0
923 11302.0
924 11302.0
925 11302.0
926 11302.0
927 11302.0
928 11302.0
929 11302.0
930 11302.0
931 11302.0
932 11302.0
933 11302.0
934 11302.0
935 11302.0
936 11302.0
937 11302.0
938 11302.0
939 11302.0
940 11302.0
941 11302.0
942 11302.0
943 11302.0
944 11302.0
945 11302.0
946 11302.0
947 11302.0
948 11302.0
949 11302.0
950 11302.0
951 11302.0
952 11302.0
953 11302.0
954 11302.0
955 11302.0
956 11302.0
957 11302.0
958 11302.0
959 11302.0
960 11302.0
961 11302.0
962 11302.0
963 11302.0
964 11302.0
965 11302.0
966 11302.0
967 11302.0
968 11302.0
969 11302.0
970 11302.0
971 11302.0
972 11302.0
973 11302.0
974 11302.0
975 11302.0
976 11302.0
977 11302.0
978 11302.0
979 11302.0
980 11302.0
981 11302.0
982 11302.0
983 11302.0
984 11302.0
985 11302.0
986 11302.0
987 11302.0
988 11302.0
989 11302.0
990 11302.0
991 11302.0
992 11302.0
993 11302.0
994 11302.0
995 11302.0
996 11302.0
997 11302.0
998 11302.0
999 11302.0
1000 11302.0
