0 4597.0
1 4891.0
2 5329.0
3 6238.0
4 6238.0
5 6454.0
6 7122.0
7 7331.0
8 7771.0
9 7983.0
10 7983.0
11 8341.0
12 8550.0
13 8631.0
14 8800.0
15 9031.0
16 9233.0
17 9658.0
18 9658.0
19 9658.0
20 9814.0
21 9814.0
22 10077.0
23 10077.0
24 9961.0
25 10081.0
26 9948.0
27 9948.0
28 10094.0
29 10129.0
30 10309.0
31 10327.0
32 10428.0
33 10428.0
34 10353.0
35 10575.0
36 10546.0
37 10565.0
38 10781.0
39 10892.0
40 10892.0
41 10717.0
42 10717.0
43 10774.0
44 11188.0
45 11188.0
46 11188.0
47 11188.0
48 10920.0
49 10962.0
50 10992.0
51 10981.0
52 11113.0
53 10985.0
54 11114.0
55 10990.0
56 10990.0
57 11037.0
58 11037.0
59 11006.0
60 11006.0
61 11006.0
62 11006.0
63 11233.0
64 11233.0
65 11233.0
66 11006.0
67 11006.0
68 11106.0
69 11106.0
70 11106.0
71 11232.0
72 11233.0
73 11232.0
74 11123.0
75 11106.0
76 11006.0
77 11006.0
78 11006.0
79 11006.0
80 11006.0
81 11006.0
82 11006.0
83 11006.0
84 11006.0
85 11006.0
86 11006.0
87 11006.0
88 11006.0
89 11006.0
90 11006.0
91 11006.0
92 11006.0
93 11006.0
94 11006.0
95 11006.0
96 11006.0
97 11006.0
98 11006.0
99 11006.0
100 11006.0
101 11006.0
102 11006.0
103 11025.0
104 11025.0
105 11006.0
106 11006.0
107 11006.0
108 11006.0
109 11006.0
110 11006.0
111 11006.0
112 11006.0
113 11006.0
114 11006.0
115 11006.0
116 11006.0
117 11006.0
118 11006.0
119 11006.0
120 11006.0
121 11006.0
122 11006.0
123 11006.0
124 11006.0
125 11006.0
126 11006.0
127 11006.0
128 11006.0
129 11006.0
130 11006.0
131 11006.0
132 11006.0
133 11006.0
134 11006.0
135 11006.0
136 11006.0
137 11006.0
138 11006.0
139 11037.0
140 11037.0
141 11037.0
142 11037.0
143 11063.0
144 11037.0
145 11037.0
146 11037.0
147 11063.0
148 11037.0
149 11006.0
150 11006.0
151 11006.0
152 11006.0
153 11006.0
154 11006.0
155 11006.0
156 11006.0
157 11006.0
158 11006.0
159 11006.0
160 11006.0
161 11006.0
162 11006.0
163 11006.0
164 11006.0
165 11006.0
166 11006.0
167 11006.0
168 11006.0
169 11006.0
170 11006.0
171 11006.0
172 11006.0
173 11006.0
174 11006.0
175 11006.0
176 11006.0
177 11006.0
178 11006.0
179 11006.0
180 11006.0
181 11006.0
182 11006.0
183 11006.0
184 11006.0
185 11006.0
186 11006.0
187 11006.0
188 11006.0
189 11006.0
190 11006.0
191 11006.0
192 11006.0
193 11006.0
194 11006.0
195 11006.0
196 11006.0
197 11006.0
198 11006.0
199 11006.0
200 11006.0
201 11006.0
202 11006.0
203 11006.0
204 11006.0
205 11006.0
206 11006.0
207 11006.0
208 11006.0
209 11006.0
210 11006.0
211 11006.0
212 11006.0
213 11006.0
214 11006.0
215 11006.0
216 11006.0
217 11040.0
218 11061.0
219 11006.0
220 11006.0
221 11006.0
222 11006.0
223 11006.0
224 11006.0
225 11006.0
226 11006.0
227 11006.0
228 11006.0
229 11006.0
230 11006.0
231 11040.0
232 11040.0
233 11006.0
234 11006.0
235 11006.0
236 11006.0
237 11006.0
238 11006.0
239 11006.0
240 11006.0
241 11006.0
242 11006.0
243 11006.0
244 11006.0
245 11006.0
246 11006.0
247 11006.0
248 11006.0
249 11006.0
250 11006.0
251 11006.0
252 11006.0
253 11006.0
254 11006.0
255 11006.0
256 11006.0
257 11006.0
258 11006.0
259 11006.0
260 11006.0
261 11006.0
262 11006.0
263 11006.0
264 11006.0
265 11006.0
266 11006.0
267 11006.0
268 11006.0
269 11006.0
270 11006.0
271 11006.0
272 11006.0
273 11006.0
274 11006.0
275 11006.0
276 11006.0
277 11006.0
278 11006.0
279 11006.0
280 11006.0
281 11006.0
282 11006.0
283 11006.0
284 11006.0
285 11006.0
286 11006.0
287 11006.0
288 11006.0
289 11006.0
290 11006.0
291 11006.0
292 11006.0
293 11006.0
294 11006.0
295 11006.0
296 11006.0
297 11006.0
298 11006.0
299 11006.0
300 11006.0
301 11006.0
302 11006.0
303 11006.0
304 11006.0
305 11006.0
306 11006.0
307 11006.0
308 11006.0
309 11006.0
310 11006.0
311 11006.0
312 11006.0
313 11006.0
314 11006.0
315 11006.0
316 11006.0
317 11006.0
318 11006.0
319 11006.0
320 11006.0
321 11006.0
322 11006.0
323 11006.0
324 11006.0
325 11006.0
326 11006.0
327 11006.0
328 11006.0
329 11006.0
330 11006.0
331 11006.0
332 11006.0
333 11006.0
334 11006.0
335 11006.0
336 11006.0
337 11006.0
338 11006.0
339 11006.0
340 11006.0
341 11006.0
342 11006.0
343 11006.0
344 11006.0
345 11006.0
346 11006.0
347 11006.0
348 11006.0
349 11006.0
350 11006.0
351 11006.0
352 11040.0
353 11040.0
354 11040.0
355 11006.0
356 11006.0
357 11006.0
358 11006.0
359 11006.0
360 11006.0
361 11006.0
362 11006.0
363 11006.0
364 11040.0
365 11040.0
366 11040.0
367 11006.0
368 11006.0
369 11006.0
370 11006.0
371 11006.0
372 11006.0
373 11006.0
374 11006.0
375 11006.0
376 11006.0
377 11006.0
378 11006.0
379 11006.0
380 11006.0
381 11006.0
382 11006.0
383 11006.0
384 11006.0
385 11006.0
386 11006.0
387 11006.0
388 11006.0
389 11006.0
390 11006.0
391 11006.0
392 11006.0
393 11006.0
394 11006.0
395 11006.0
396 11006.0
397 11006.0
398 11006.0
399 11006.0
400 11006.0
401 11006.0
402 11006.0
403 11006.0
404 11006.0
405 11006.0
406 11006.0
407 11006.0
408 11006.0
409 11006.0
410 11006.0
411 11006.0
412 11006.0
413 11006.0
414 11006.0
415 11006.0
416 11006.0
417 11006.0
418 11006.0
419 11006.0
420 11006.0
421 11006.0
422 11006.0
423 11006.0
424 11006.0
425 11006.0
426 11006.0
427 11006.0
428 11006.0
429 11006.0
430 11006.0
431 11006.0
432 11006.0
433 11006.0
434 11006.0
435 11006.0
436 11006.0
437 11006.0
438 11006.0
439 11006.0
440 11006.0
441 11063.0
442 11006.0
443 11006.0
444 11006.0
445 11006.0
446 11006.0
447 11006.0
448 11006.0
449 11006.0
450 11006.0
451 11006.0
452 11006.0
453 11006.0
454 11006.0
455 11006.0
456 11006.0
457 11006.0
458 11006.0
459 11006.0
460 11006.0
461 11006.0
462 11006.0
463 11006.0
464 11006.0
465 11006.0
466 11006.0
467 11006.0
468 11006.0
469 11006.0
470 11006.0
471 11006.0
472 11006.0
473 11006.0
474 11006.0
475 11006.0
476 11006.0
477 11006.0
478 11006.0
479 11006.0
480 11006.0
481 11006.0
482 11006.0
483 11006.0
484 11006.0
485 11006.0
486 11006.0
487 11006.0
488 11006.0
489 11006.0
490 11006.0
491 11006.0
492 11006.0
493 11006.0
494 11006.0
495 11006.0
496 11006.0
497 11006.0
498 11006.0
499 11006.0
500 11006.0
501 11006.0
502 11006.0
503 11006.0
504 11006.0
505 11006.0
506 11006.0
507 11006.0
508 11006.0
509 11006.0
510 11006.0
511 11006.0
512 11006.0
513 11006.0
514 11006.0
515 11006.0
516 11006.0
517 11006.0
518 11006.0
519 11233.0
520 11233.0
521 11006.0
522 11006.0
523 11006.0
524 11006.0
525 11006.0
526 11006.0
527 11006.0
528 11006.0
529 11006.0
530 11006.0
531 11006.0
532 11006.0
533 11006.0
534 11006.0
535 11006.0
536 11006.0
537 11006.0
538 11006.0
539 11006.0
540 11006.0
541 11006.0
542 11006.0
543 11006.0
544 11006.0
545 11006.0
546 11006.0
547 11006.0
548 11006.0
549 11006.0
550 11006.0
551 11006.0
552 11006.0
553 11006.0
554 11006.0
555 11006.0
556 11121.0
557 11121.0
558 11123.0
559 11123.0
560 11123.0
561 11123.0
562 11123.0
563 11123.0
564 11123.0
565 11123.0
566 11123.0
567 11123.0
568 11123.0
569 11123.0
570 11123.0
571 11123.0
572 11123.0
573 11123.0
574 11006.0
575 11006.0
576 11006.0
577 11006.0
578 11006.0
579 11006.0
580 11006.0
581 11006.0
582 11006.0
583 11006.0
584 11006.0
585 11006.0
586 11006.0
587 11006.0
588 11006.0
589 11006.0
590 11207.0
591 11006.0
592 11006.0
593 11006.0
594 11006.0
595 11006.0
596 11006.0
597 11006.0
598 11006.0
599 11006.0
600 11006.0
601 11006.0
602 11006.0
603 11006.0
604 11006.0
605 11006.0
606 11006.0
607 11006.0
608 11006.0
609 11006.0
610 11006.0
611 11006.0
612 11006.0
613 11006.0
614 11006.0
615 11006.0
616 11006.0
617 11006.0
618 11006.0
619 11006.0
620 11006.0
621 11006.0
622 11006.0
623 11006.0
624 11006.0
625 11006.0
626 11006.0
627 11006.0
628 11006.0
629 11006.0
630 11006.0
631 11006.0
632 11006.0
633 11006.0
634 11006.0
635 11006.0
636 11006.0
637 11006.0
638 11006.0
639 11006.0
640 11006.0
641 11006.0
642 11006.0
643 11006.0
644 11006.0
645 11006.0
646 11006.0
647 11006.0
648 11006.0
649 11006.0
650 11006.0
651 11006.0
652 11006.0
653 11006.0
654 11006.0
655 11006.0
656 11006.0
657 11006.0
658 11006.0
659 11006.0
660 11006.0
661 11006.0
662 11006.0
663 11006.0
664 11006.0
665 11006.0
666 11006.0
667 11006.0
668 11006.0
669 11014.0
670 11006.0
671 11006.0
672 11006.0
673 11006.0
674 11006.0
675 11006.0
676 11006.0
677 11006.0
678 11006.0
679 11006.0
680 11014.0
681 11040.0
682 11123.0
683 11040.0
684 11040.0
685 11006.0
686 11006.0
687 11006.0
688 11006.0
689 11006.0
690 11006.0
691 11006.0
692 11006.0
693 11006.0
694 11006.0
695 11006.0
696 11006.0
697 11006.0
698 11006.0
699 11006.0
700 11006.0
701 11006.0
702 11020.0
703 11006.0
704 11006.0
705 11006.0
706 11006.0
707 11006.0
708 11006.0
709 11006.0
710 11006.0
711 11006.0
712 11006.0
713 11006.0
714 11006.0
715 11006.0
716 11006.0
717 11006.0
718 11006.0
719 11006.0
720 11006.0
721 11006.0
722 11006.0
723 11006.0
724 11006.0
725 11006.0
726 11006.0
727 11006.0
728 11006.0
729 11006.0
730 11006.0
731 11006.0
732 11006.0
733 11006.0
734 11006.0
735 11006.0
736 11006.0
737 11006.0
738 11006.0
739 11006.0
740 11006.0
741 11006.0
742 11006.0
743 11006.0
744 11006.0
745 11006.0
746 11006.0
747 11006.0
748 11006.0
749 11025.0
750 11006.0
751 11006.0
752 11006.0
753 11006.0
754 11006.0
755 11006.0
756 11006.0
757 11006.0
758 11006.0
759 11006.0
760 11006.0
761 11006.0
762 11006.0
763 11006.0
764 11006.0
765 11006.0
766 11006.0
767 11006.0
768 11006.0
769 11006.0
770 11006.0
771 11006.0
772 11006.0
773 11006.0
774 11006.0
775 11006.0
776 11006.0
777 11006.0
778 11006.0
779 11006.0
780 11006.0
781 11006.0
782 11006.0
783 11006.0
784 11006.0
785 11006.0
786 11006.0
787 11006.0
788 11006.0
789 11006.0
790 11006.0
791 11006.0
792 11006.0
793 11006.0
794 11006.0
795 11006.0
796 11006.0
797 11006.0
798 11006.0
799 11006.0
800 11006.0
801 11006.0
802 11006.0
803 11006.0
804 11006.0
805 11006.0
806 11006.0
807 11006.0
808 11006.0
809 11006.0
810 11006.0
811 11006.0
812 11006.0
813 11006.0
814 11006.0
815 11006.0
816 11006.0
817 11006.0
818 11006.0
819 11006.0
820 11006.0
821 11006.0
822 11006.0
823 11018.0
824 11018.0
825 11006.0
826 11006.0
827 11006.0
828 11006.0
829 11006.0
830 11006.0
831 11006.0
832 11006.0
833 11006.0
834 11006.0
835 11006.0
836 11006.0
837 11006.0
838 11006.0
839 11006.0
840 11006.0
841 11006.0
842 11006.0
843 11006.0
844 11006.0
845 11006.0
846 11006.0
847 11006.0
848 11006.0
849 11006.0
850 11006.0
851 11006.0
852 11006.0
853 11006.0
854 11006.0
855 11006.0
856 11006.0
857 11006.0
858 11006.0
859 11006.0
860 11017.0
861 11017.0
862 11017.0
863 11017.0
864 11006.0
865 11006.0
866 11006.0
867 11006.0
868 11006.0
869 11006.0
870 11006.0
871 11006.0
872 11006.0
873 11006.0
874 11006.0
875 11006.0
876 11006.0
877 11006.0
878 11006.0
879 11006.0
880 11006.0
881 11006.0
882 11006.0
883 11006.0
884 11006.0
885 11006.0
886 11006.0
887 11006.0
888 11006.0
889 11006.0
890 11006.0
891 11167.0
892 11167.0
893 11006.0
894 11006.0
895 11006.0
896 11006.0
897 11006.0
898 11006.0
899 11006.0
900 11006.0
901 11006.0
902 11006.0
903 11006.0
904 11006.0
905 11006.0
906 11006.0
907 11006.0
908 11006.0
909 11006.0
910 11006.0
911 11006.0
912 11006.0
913 11006.0
914 11006.0
915 11006.0
916 11006.0
917 11006.0
918 11006.0
919 11006.0
920 11006.0
921 11006.0
922 11006.0
923 11006.0
924 11006.0
925 11006.0
926 11006.0
927 11006.0
928 11006.0
929 11006.0
930 11006.0
931 11006.0
932 11006.0
933 11006.0
934 11006.0
935 11006.0
936 11006.0
937 11006.0
938 11006.0
939 11006.0
940 11006.0
941 11006.0
942 11006.0
943 11006.0
944 11006.0
945 11006.0
946 11006.0
947 11006.0
948 11006.0
949 11006.0
950 11006.0
951 11006.0
952 11006.0
953 11006.0
954 11006.0
955 11006.0
956 11006.0
957 11006.0
958 11006.0
959 11006.0
960 11063.0
961 11063.0
962 11063.0
963 11006.0
964 11006.0
965 11006.0
966 11006.0
967 11006.0
968 11006.0
969 11006.0
970 11006.0
971 11006.0
972 11006.0
973 11006.0
974 11006.0
975 11006.0
976 11006.0
977 11006.0
978 11006.0
979 11006.0
980 11006.0
981 11006.0
982 11006.0
983 11006.0
984 11006.0
985 11006.0
986 11006.0
987 11006.0
988 11006.0
989 11006.0
990 11006.0
991 11006.0
992 11006.0
993 11063.0
994 11063.0
995 11063.0
996 11006.0
997 11036.0
998 11006.0
999 11006.0
1000 11006.0
