0 4062.0
1 4376.0
2 5552.0
3 5552.0
4 4892.0
5 5242.0
6 5400.0
7 6006.0
8 5792.0
9 6127.0
10 6481.0
11 6362.0
12 6368.0
13 6652.0
14 6652.0
15 6652.0
16 7093.0
17 7284.0
18 6872.0
19 6742.0
20 7237.0
21 6979.0
22 6979.0
23 7143.0
24 7289.0
25 7143.0
26 7154.0
27 7164.0
28 7134.0
29 7134.0
30 7134.0
31 7125.0
32 7136.0
33 6986.0
34 7055.0
35 7286.0
36 7167.0
37 7167.0
38 7671.0
39 7775.0
40 7526.0
41 7526.0
42 7423.0
43 7423.0
44 7434.0
45 7512.0
46 7621.0
47 7429.0
48 7273.0
49 7724.0
50 7289.0
51 7393.0
52 7640.0
53 7640.0
54 7445.0
55 7438.0
56 7438.0
57 7681.0
58 7464.0
59 7379.0
60 7606.0
61 7606.0
62 7606.0
63 7827.0
64 7827.0
65 7606.0
66 7516.0
67 7516.0
68 7547.0
69 7576.0
70 7658.0
71 7658.0
72 7337.0
73 7440.0
74 7370.0
75 7645.0
76 7645.0
77 7645.0
78 7181.0
79 7380.0
80 7461.0
81 7440.0
82 7440.0
83 7440.0
84 7380.0
85 7937.0
86 7528.0
87 7528.0
88 7675.0
89 7248.0
90 7441.0
91 7306.0
92 7110.0
93 7141.0
94 7223.0
95 7559.0
96 7559.0
97 7559.0
98 7470.0
99 7575.0
100 7575.0
101 7575.0
102 7445.0
103 7488.0
104 7471.0
105 8055.0
106 7346.0
107 7275.0
108 7390.0
109 7345.0
110 7658.0
111 7319.0
112 7616.0
113 7415.0
114 7354.0
115 7636.0
116 7340.0
117 7358.0
118 7735.0
119 7275.0
120 7319.0
121 7525.0
122 7348.0
123 7319.0
124 7319.0
125 7442.0
126 7727.0
127 7535.0
128 7538.0
129 7402.0
130 7419.0
131 7615.0
132 7255.0
133 7488.0
134 7757.0
135 7757.0
136 7757.0
137 7757.0
138 7591.0
139 7764.0
140 7455.0
141 7649.0
142 7799.0
143 7799.0
144 7492.0
145 7359.0
146 7420.0
147 7630.0
148 7630.0
149 7549.0
150 7659.0
151 7428.0
152 7674.0
153 7525.0
154 7767.0
155 7767.0
156 7767.0
157 7317.0
158 7341.0
159 7308.0
160 7771.0
161 7254.0
162 7753.0
163 7753.0
164 7260.0
165 7260.0
166 7575.0
167 7575.0
168 7782.0
169 7782.0
170 7622.0
171 7555.0
172 7586.0
173 7586.0
174 7298.0
175 7527.0
176 7137.0
177 7242.0
178 7392.0
179 7559.0
180 7329.0
181 7324.0
182 7558.0
183 7332.0
184 7577.0
185 7695.0
186 7627.0
187 7627.0
188 7363.0
189 7533.0
190 7742.0
191 7819.0
192 7398.0
193 7685.0
194 7526.0
195 7091.0
196 7144.0
197 7144.0
198 7144.0
199 6976.0
200 7078.0
201 7754.0
202 7064.0
203 7060.0
204 7060.0
205 7413.0
206 7362.0
207 7441.0
208 7441.0
209 7362.0
210 7362.0
211 7362.0
212 7362.0
213 7158.0
214 7410.0
215 8206.0
216 8206.0
217 7303.0
218 7350.0
219 7672.0
220 7672.0
221 7387.0
222 7315.0
223 7613.0
224 7613.0
225 7268.0
226 7520.0
227 7520.0
228 7660.0
229 7660.0
230 7560.0
231 7560.0
232 6982.0
233 7494.0
234 7270.0
235 7441.0
236 7541.0
237 7815.0
238 7815.0
239 7815.0
240 7815.0
241 7815.0
242 7815.0
243 7410.0
244 7478.0
245 7478.0
246 7410.0
247 7461.0
248 7277.0
249 7243.0
250 7424.0
251 7788.0
252 7359.0
253 7359.0
254 7703.0
255 7703.0
256 7703.0
257 7703.0
258 8367.0
259 8367.0
260 8094.0
261 8094.0
262 7441.0
263 7374.0
264 7737.0
265 7737.0
266 7810.0
267 7619.0
268 7654.0
269 7384.0
270 7623.0
271 7623.0
272 7531.0
273 8106.0
274 8106.0
275 7407.0
276 7502.0
277 7647.0
278 7647.0
279 8064.0
280 8064.0
281 8026.0
282 8026.0
283 8026.0
284 7933.0
285 7610.0
286 7578.0
287 7584.0
288 7807.0
289 7807.0
290 7897.0
291 8095.0
292 8082.0
293 7555.0
294 7503.0
295 7696.0
296 7297.0
297 7740.0
298 7573.0
299 7429.0
300 7514.0
301 7531.0
302 7626.0
303 7458.0
304 7386.0
305 8119.0
306 8119.0
307 7247.0
308 7341.0
309 7318.0
310 7607.0
311 7359.0
312 7732.0
313 7274.0
314 7138.0
315 7594.0
316 7139.0
317 7307.0
318 7342.0
319 7556.0
320 7556.0
321 8055.0
322 7922.0
323 8444.0
324 8227.0
325 7982.0
326 7465.0
327 7784.0
328 7784.0
329 7471.0
330 7985.0
331 7985.0
332 7481.0
333 7442.0
334 7713.0
335 7713.0
336 7412.0
337 7960.0
338 7960.0
339 7280.0
340 7237.0
341 7148.0
342 7042.0
343 7419.0
344 7628.0
345 7628.0
346 7628.0
347 7799.0
348 8075.0
349 7393.0
350 7393.0
351 7444.0
352 7480.0
353 7471.0
354 7520.0
355 7417.0
356 7417.0
357 7191.0
358 7535.0
359 7388.0
360 7384.0
361 7529.0
362 7529.0
363 7512.0
364 7423.0
365 7626.0
366 7682.0
367 7894.0
368 7372.0
369 7495.0
370 7550.0
371 7550.0
372 7550.0
373 7587.0
374 7587.0
375 7797.0
376 7797.0
377 7477.0
378 7550.0
379 7541.0
380 7440.0
381 7346.0
382 7455.0
383 7455.0
384 7507.0
385 7223.0
386 8037.0
387 8037.0
388 7428.0
389 7769.0
390 7769.0
391 7769.0
392 7769.0
393 7651.0
394 7801.0
395 7651.0
396 7651.0
397 8346.0
398 7494.0
399 7616.0
400 7660.0
401 7660.0
402 7660.0
403 7222.0
404 7430.0
405 7430.0
406 7382.0
407 7455.0
408 7329.0
409 7260.0
410 7417.0
411 7466.0
412 7965.0
413 7965.0
414 7965.0
415 7965.0
416 7415.0
417 7482.0
418 7220.0
419 7350.0
420 7270.0
421 7711.0
422 7458.0
423 7576.0
424 7458.0
425 7458.0
426 7653.0
427 7683.0
428 7572.0
429 7932.0
430 7980.0
431 7980.0
432 7980.0
433 8032.0
434 7590.0
435 7352.0
436 7626.0
437 7893.0
438 8036.0
439 7543.0
440 7543.0
441 7543.0
442 7704.0
443 7539.0
444 8001.0
445 7271.0
446 7718.0
447 7453.0
448 7453.0
449 7546.0
450 7546.0
451 7534.0
452 7607.0
453 7602.0
454 7644.0
455 8056.0
456 8056.0
457 7831.0
458 7831.0
459 7831.0
460 8050.0
461 8050.0
462 7880.0
463 7508.0
464 7600.0
465 7753.0
466 7745.0
467 7695.0
468 7806.0
469 7651.0
470 7585.0
471 7664.0
472 7184.0
473 7408.0
474 7393.0
475 7393.0
476 8229.0
477 7862.0
478 8004.0
479 8004.0
480 8004.0
481 8004.0
482 8004.0
483 8004.0
484 8004.0
485 7818.0
486 7818.0
487 7818.0
488 7560.0
489 7959.0
490 7946.0
491 7946.0
492 8219.0
493 8219.0
494 7993.0
495 7594.0
496 7594.0
497 7851.0
498 7851.0
499 7762.0
500 7566.0
501 7666.0
502 7458.0
503 7671.0
504 7574.0
505 7469.0
506 7460.0
507 7640.0
508 7273.0
509 7567.0
510 7762.0
511 7941.0
512 7549.0
513 7731.0
514 7774.0
515 7774.0
516 7774.0
517 7464.0
518 7564.0
519 7960.0
520 7249.0
521 7606.0
522 7301.0
523 8194.0
524 7348.0
525 7407.0
526 7470.0
527 7328.0
528 7341.0
529 7242.0
530 7360.0
531 7503.0
532 7699.0
533 7380.0
534 7410.0
535 7371.0
536 7486.0
537 7486.0
538 8545.0
539 8545.0
540 8545.0
541 7629.0
542 7629.0
543 7796.0
544 7747.0
545 7419.0
546 7556.0
547 7160.0
548 7209.0
549 7486.0
550 7420.0
551 7457.0
552 7457.0
553 7457.0
554 7241.0
555 6997.0
556 7644.0
557 7644.0
558 7412.0
559 7412.0
560 7677.0
561 7752.0
562 7752.0
563 7548.0
564 7548.0
565 7608.0
566 7608.0
567 7338.0
568 7867.0
569 7671.0
570 7592.0
571 7147.0
572 7147.0
573 7145.0
574 7215.0
575 7733.0
576 7733.0
577 7421.0
578 7450.0
579 7331.0
580 7599.0
581 7262.0
582 7496.0
583 7575.0
584 7500.0
585 7359.0
586 7075.0
587 7069.0
588 7280.0
589 7239.0
590 8364.0
591 8364.0
592 8364.0
593 8291.0
594 8291.0
595 7636.0
596 7338.0
597 7329.0
598 7767.0
599 7745.0
600 7623.0
601 7560.0
602 7739.0
603 7522.0
604 7360.0
605 7437.0
606 7743.0
607 7476.0
608 7677.0
609 7580.0
610 8038.0
611 8038.0
612 7640.0
613 7964.0
614 7827.0
615 7827.0
616 7633.0
617 7950.0
618 7950.0
619 7950.0
620 7852.0
621 7702.0
622 7438.0
623 7715.0
624 7436.0
625 7340.0
626 7522.0
627 7567.0
628 7568.0
629 7601.0
630 7820.0
631 7480.0
632 7757.0
633 7757.0
634 7574.0
635 7653.0
636 7583.0
637 8026.0
638 8026.0
639 8026.0
640 8026.0
641 7490.0
642 7553.0
643 7553.0
644 7694.0
645 7771.0
646 7771.0
647 7771.0
648 7683.0
649 7650.0
650 7650.0
651 7650.0
652 7639.0
653 7639.0
654 7777.0
655 7730.0
656 7912.0
657 7912.0
658 7912.0
659 7947.0
660 7947.0
661 7471.0
662 7559.0
663 7559.0
664 7858.0
665 7858.0
666 7404.0
667 7263.0
668 7263.0
669 7263.0
670 7436.0
671 7220.0
672 7171.0
673 7172.0
674 7608.0
675 7536.0
676 7421.0
677 7374.0
678 7138.0
679 7863.0
680 7199.0
681 7851.0
682 7414.0
683 7638.0
684 7613.0
685 8105.0
686 8105.0
687 7434.0
688 7752.0
689 7091.0
690 7137.0
691 7130.0
692 7494.0
693 8202.0
694 8202.0
695 8202.0
696 7943.0
697 7474.0
698 7474.0
699 7602.0
700 7480.0
701 7547.0
702 7388.0
703 7388.0
704 7281.0
705 7319.0
706 7454.0
707 7465.0
708 7454.0
709 7474.0
710 7463.0
711 7853.0
712 7674.0
713 7441.0
714 7441.0
715 7488.0
716 7530.0
717 7530.0
718 7381.0
719 7873.0
720 7491.0
721 7452.0
722 7307.0
723 7213.0
724 7530.0
725 7448.0
726 7460.0
727 7493.0
728 7372.0
729 7858.0
730 7878.0
731 7826.0
732 7826.0
733 7405.0
734 7408.0
735 7408.0
736 7562.0
737 7311.0
738 7430.0
739 7430.0
740 7358.0
741 7358.0
742 7234.0
743 7342.0
744 7250.0
745 7261.0
746 7261.0
747 7156.0
748 7237.0
749 7569.0
750 7385.0
751 7389.0
752 7389.0
753 7527.0
754 7618