0 5588.0
1 5632.0
2 6256.0
3 6365.0
4 6802.0
5 7102.0
6 7552.0
7 7781.0
8 7922.0
9 8507.0
10 8507.0
11 8507.0
12 9569.0
13 9030.0
14 9359.0
15 10042.0
16 9652.0
17 10201.0
18 10078.0
19 10078.0
20 10107.0
21 10482.0
22 10629.0
23 10785.0
24 11280.0
25 11280.0
26 11280.0
27 11177.0
28 11262.0
29 11365.0
30 11572.0
31 11395.0
32 11423.0
33 11750.0
34 11750.0
35 12158.0
36 11827.0
37 11750.0
38 11710.0
39 12113.0
40 11877.0
41 12126.0
42 12437.0
43 12437.0
44 12059.0
45 12298.0
46 11965.0
47 12268.0
48 12268.0
49 12268.0
50 12268.0
51 12085.0
52 12306.0
53 12506.0
54 12506.0
55 12414.0
56 12491.0
57 12491.0
58 12491.0
59 12491.0
60 12439.0
61 12329.0
62 12407.0
63 12322.0
64 12570.0
65 12570.0
66 12509.0
67 12449.0
68 12449.0
69 12558.0
70 12558.0
71 12678.0
72 12678.0
73 12678.0
74 12678.0
75 12449.0
76 12677.0
77 12424.0
78 12783.0
79 12718.0
80 12504.0
81 12879.0
82 12497.0
83 12656.0
84 12672.0
85 12672.0
86 12672.0
87 12672.0
88 12767.0
89 13013.0
90 13013.0
91 13013.0
92 12883.0
93 12786.0
94 12786.0
95 12826.0
96 13034.0
97 12903.0
98 12903.0
99 12917.0
100 12917.0
101 12910.0
102 12914.0
103 12958.0
104 12918.0
105 12988.0
106 13148.0
107 12988.0
108 13027.0
109 13027.0
110 12830.0
111 12916.0
112 12916.0
113 12916.0
114 12869.0
115 12869.0
116 12820.0
117 12820.0
118 12948.0
119 13004.0
120 12948.0
121 12819.0
122 12779.0
123 13081.0
124 13081.0
125 13081.0
126 13208.0
127 13208.0
128 13208.0
129 12916.0
130 12829.0
131 12895.0
132 13051.0
133 13107.0
134 13107.0
135 13107.0
136 13051.0
137 12751.0
138 12738.0
139 12881.0
140 12881.0
141 13053.0
142 12965.0
143 12858.0
144 12997.0
145 12903.0
146 12837.0
147 12781.0
148 12874.0
149 13116.0
150 13116.0
151 12922.0
152 13216.0
153 12926.0
154 13031.0
155 13052.0
156 13046.0
157 13046.0
158 13260.0
159 12971.0
160 12982.0
161 12957.0
162 12957.0
163 13088.0
164 13337.0
165 13337.0
166 13283.0
167 13283.0
168 13283.0
169 13208.0
170 13208.0
171 13050.0
172 12932.0
173 13022.0
174 13352.0
175 13352.0
176 13352.0
177 13022.0
178 13312.0
179 13082.0
180 13062.0
181 13062.0
182 13062.0
183 13062.0
184 13062.0
185 13138.0
186 13032.0
187 13032.0
188 13032.0
189 12990.0
190 12959.0
191 13019.0
192 13128.0
193 13128.0
194 13128.0
195 12838.0
196 13163.0
197 13094.0
198 12937.0
199 13348.0
200 13059.0
201 13059.0
202 13161.0
203 13161.0
204 13161.0
205 12956.0
206 13083.0
207 13083.0
208 12995.0
209 13291.0
210 12995.0
211 13117.0
212 12881.0
213 12809.0
214 12972.0
215 13080.0
216 13215.0
217 13278.0
218 13278.0
219 13215.0
220 13215.0
221 13191.0
222 13165.0
223 13011.0
224 13034.0
225 13091.0
226 13215.0
227 13215.0
228 13215.0
229 13215.0
230 13215.0
231 13215.0
232 13139.0
233 13019.0
234 13019.0
235 13064.0
236 12962.0
237 12971.0
238 13335.0
239 13018.0
240 12986.0
241 13345.0
242 13345.0
243 13345.0
244 13311.0
245 13311.0
246 13404.0
247 13311.0
248 13311.0
249 13250.0
250 13167.0
251 13010.0
252 12990.0
253 12950.0
254 12950.0
255 13326.0
256 13326.0
257 13326.0
258 13028.0
259 13177.0
260 13052.0
261 12883.0
262 12883.0
263 12916.0
264 12992.0
265 12992.0
266 13279.0
267 13279.0
268 13279.0
269 12980.0
270 12990.0
271 13273.0
272 13025.0
273 13072.0
274 13072.0
275 13072.0
276 13084.0
277 13069.0
278 13194.0
279 13352.0
280 13352.0
281 13217.0
282 13164.0
283 13123.0
284 13123.0
285 13369.0
286 13369.0
287 13121.0
288 13371.0
289 13148.0
290 13148.0
291 13302.0
292 13302.0
293 13302.0
294 13302.0
295 13159.0
296 13159.0
297 13182.0
298 13182.0
299 13182.0
300 13182.0
301 13143.0
302 13281.0
303 13281.0
304 13327.0
305 13281.0
306 13281.0
307 13281.0
308 13417.0
309 13417.0
310 13176.0
311 13189.0
312 13189.0
313 13189.0
314 13189.0
315 13332.0
316 13332.0
317 13225.0
318 13135.0
319 13135.0
320 13380.0
321 13368.0
322 13368.0
323 13368.0
324 13277.0
325 13136.0
326 13136.0
327 13136.0
328 13336.0
329 13336.0
330 13336.0
331 13336.0
332 13145.0
333 13076.0
334 13095.0
335 13095.0
336 13232.0
337 13189.0
338 13095.0
339 13400.0
340 13400.0
341 13392.0
342 13098.0
343 13098.0
344 13331.0
345 13331.0
346 13190.0
347 13190.0
348 13230.0
349 13230.0
350 13199.0
351 13147.0
352 13157.0
353 13219.0
354 13143.0
355 13170.0
356 13091.0
357 13208.0
358 13035.0
359 12984.0
360 13140.0
361 13140.0
362 13345.0
363 13345.0
364 13345.0
365 13345.0
366 13235.0
367 13389.0
368 13389.0
369 13389.0
370 13389.0
371 13389.0
372 13272.0
373 13272.0
374 13374.0
375 13304.0
376 13137.0
377 13137.0
378 13363.0
379 13363.0
380 13209.0
381 13353.0
382 13353.0
383 13353.0
384 13225.0
385 13225.0
386 13392.0
387 13523.0
388 13393.0
389 13567.0
390 13567.0
391 13567.0
392 13567.0
393 13567.0
394 13567.0
395 13567.0
396 13567.0
397 13567.0
398 13567.0
399 13567.0
400 13567.0
401 13567.0
402 13567.0
403 13361.0
404 13255.0
405 13397.0
406 13397.0
407 13397.0
408 13397.0
409 13394.0
410 13394.0
411 13416.0
412 13416.0
413 13404.0
414 13404.0
415 13404.0
416 13325.0
417 13325.0
418 13267.0
419 13265.0
420 13269.0
421 13453.0
422 13453.0
423 13453.0
424 13467.0
425 13480.0
426 13305.0
427 13308.0
428 13541.0
429 13739.0
430 13739.0
431 13739.0
432 13739.0
433 13351.0
434 13405.0
435 13343.0
436 13367.0
437 13433.0
438 13410.0
439 13276.0
440 13341.0
441 13384.0
442 13419.0
443 13509.0
444 13509.0
445 13509.0
446 13509.0
447 13509.0
448 13509.0
449 13509.0
450 13509.0
451 13509.0
452 13427.0
453 13447.0
454 13551.0
455 13397.0
456 13514.0
457 13464.0
458 13464.0
459 13464.0
460 13493.0
461 13493.0
462 13493.0
463 13454.0
464 13527.0
465 13527.0
466 13532.0
467 13576.0
468 13576.0
469 13576.0
470 13423.0
471 13404.0
472 13422.0
473 13478.0
474 13442.0
475 13442.0
476 13544.0
477 13544.0
478 13417.0
479 13408.0
480 13416.0
481 13408.0
482 13439.0
483 13390.0
484 13447.0
485 13473.0
486 13473.0
487 13429.0
488 13432.0
489 13628.0
490 13472.0
491 13494.0
492 13494.0
493 13519.0
494 13519.0
495 13515.0
496 13515.0
497 13506.0
498 13567.0
499 13520.0
500 13550.0
501 13550.0
502 13603.0
503 13550.0
504 13562.0
505 13515.0
506 13581.0
507 13534.0
508 13568.0
509 13534.0
510 13563.0
511 13604.0
512 13604.0
513 13604.0
514 13591.0
515 13612.0
516 13612.0
517 13612.0
518 13616.0
519 13616.0
520 13616.0
521 13621.0
522 13621.0
523 13621.0
524 13621.0
525 13628.0
526 13628.0
527 13632.0
528 13632.0
529 13637.0
530 13637.0
531 13632.0
532 13634.0
533 13632.0
534 13632.0
535 13632.0
536 13632.0
537 13639.0
538 13639.0
539 13639.0
540 13639.0
541 13639.0
542 13639.0
543 13639.0
544 13639.0
545 13639.0
546 13639.0
547 13639.0
548 13650.0
549 13650.0
550 13650.0
551 13650.0
552 13650.0
553 13650.0
554 13650.0
555 13639.0
556 13639.0
557 13639.0
558 13639.0
559 13639.0
560 13641.0
561 13641.0
562 13639.0
563 13639.0
564 13639.0
565 13657.0
566 13657.0
567 13657.0
568 13657.0
569 13657.0
570 13655.0
571 13655.0
572 13655.0
573 13655.0
574 13655.0
575 13655.0
576 13655.0
577 13655.0
578 13655.0
579 13641.0
580 13641.0
581 13641.0
582 13641.0
583 13641.0
584 13641.0
585 13641.0
586 13641.0
587 13641.0
588 13641.0
589 13641.0
590 13641.0
591 13641.0
592 13641.0
593 13641.0
594 13641.0
595 13641.0
596 13641.0
597 13641.0
598 13641.0
599 13647.0
600 13641.0
601 13641.0
602 13641.0
603 13641.0
604 13641.0
605 13641.0
606 13650.0
607 13650.0
608 13641.0
609 13641.0
610 13657.0
611 13657.0
612 13657.0
613 13657.0
614 13657.0
615 13657.0
616 13657.0
617 13657.0
618 13657.0
619 13641.0
620 13641.0
621 13641.0
622 13641.0
623 13641.0
624 13641.0
625 13641.0
626 13641.0
627 13647.0
628 13641.0
629 13647.0
630 13655.0
631 13655.0
632 13655.0
633 13655.0
634 13655.0
635 13655.0
636 13649.0
637 13649.0
638 13649.0
639 13649.0
640 13649.0
641 13649.0
642 13649.0
643 13649.0
644 13649.0
645 13649.0
646 13649.0
647 13649.0
648 13649.0
649 13649.0
650 13649.0
651 13649.0
652 13649.0
653 13649.0
654 13649.0
655 13649.0
656 13666.0
657 13649.0
658 13649.0
659 13649.0
660 13649.0
661 13649.0
662 13649.0
663 13649.0
664 13649.0
665 13649.0
666 13649.0
667 13649.0
668 13649.0
669 13649.0
670 13649.0
671 13649.0
672 13649.0
673 13649.0
674 13649.0
675 13649.0
676 13657.0
677 13657.0
678 13649.0
679 13649.0
680 13649.0
681 13649.0
682 13649.0
683 13649.0
684 13649.0
685 13649.0
686 13649.0
687 13649.0
688 13649.0
689 13649.0
690 13649.0
691 13649.0
692 13649.0
693 13649.0
694 13649.0
695 13649.0
696 13649.0
697 13649.0
698 13649.0
699 13649.0
700 13649.0
701 13649.0
702 13649.0
703 13658.0
704 13649.0
705 13649.0
706 13649.0
707 13649.0
708 13649.0
709 13649.0
710 13649.0
711 13649.0
712 13649.0
713 13649.0
714 13649.0
715 13649.0
716 13649.0
717 13649.0
718 13649.0
719 13649.0
720 13649.0
721 13649.0
722 13666.0
723 13666.0
724 13649.0
725 13649.0
726 13649.0
727 13649.0
728 13649.0
729 13649.0
730 13649.0
731 13649.0
732 13649.0
733 13649.0
734 13649.0
735 13649.0
736 13649.0
737 13649.0
738 13649.0
739 13649.0
740 13649.0
741 13649.0
742 13649.0
743 13649.0
744 13649.0
745 13649.0
746 13658.0
747 13658.0
748 13658.0
749 13649.0
750 13658.0
751 13658.0
752 13658.0
753 13649.0
754 13649.0
755 13649.0
756 13649.0
757 13649.0
758 13649.0
759 13657.0
760 13657.0
761 13649.0
762 13649.0
763 13649.0
764 13649.0
765 13649.0
766 13649.0
767 13649.0
768 13649.0
769 13649.0
770 13649.0
771 13657.0
772 13657.0
773 13657.0
774 13657.0
775 13649.0
776 13649.0
777 13649.0
778 13649.0
779 13649.0
780 13649.0
781 13649.0
782 13649.0
783 13649.0
784 13649.0
785 13649.0
786 13649.0
787 13649.0
788 13649.0
789 13649.0
790 13649.0
791 13649.0
792 13649.0
793 13649.0
794 13649.0
795 13649.0
796 13649.0
797 13649.0
798 13649.0
799 13649.0
800 13649.0
801 13649.0
802 13649.0
803 13649.0
804 13649.0
805 13657.0
806 13657.0
807 13649.0
808 13649.0
809 13649.0
810 13649.0
811 13649.0
812 13649.0
813 13649.0
814 13649.0
815 13649.0
816 13649.0
817 13649.0
818 13649.0
819 13649.0
820 13649.0
821 13649.0
822 13649.0
823 13649.0
824 13649.0
825 13649.0
826 13649.0
827 13649.0
828 13649.0
829 13649.0
830 13649.0
831 13649.0
832 13649.0
833 13649.0
834 13649.0
835 13649.0
836 13649.0
837 13649.0
838 13649.0
839 13649.0
840 13649.0
841 13649.0
842 13649.0
843 13649.0
844 13649.0
845 13657.0
846 13649.0
847 13658.0
848 13658.0
849 13658.0
850 13658.0
851 13658.0
852 13658.0
853 13649.0
854 13649.0
855 13649.0
856 13649.0
857 13649.0
858 13649.0
859 13649.0
860 13649.0
861 13649.0
862 13649.0
863 13649.0
864 13649.0
865 13655.0
866 13649.0
867 13649.0
868 13649.0
869 13649.0
870 13649.0
871 13649.0
872 13649.0
873 13649.0
874 13649.0
875 13649.0
876 13650.0
877 13649.0
878 13649.0
879 13649.0
880 13649.0
881 13649.0
882 13649.0
883 13649.0
884 13649.0
885 13657.0
886 13657.0
887 13657.0
888 13657.0
889 13657.0
890 13649.0
891 13649.0
892 13649.0
893 13649.0
894 13649.0
895 13649.0
896 13649.0
897 13649.0
898 13649.0
899 13649.0
900 13649.0
901 13649.0
902 13658.0
903 13649.0
904 13649.0
905 13649.0
906 13649.0
907 13649.0
908 13649.0
909 13649.0
910 13649.0
911 13649.0
912 13649.0
913 13649.0
914 13649.0
915 13649.0
916 13649.0
917 13649.0
918 13649.0
919 13649.0
920 13649.0
921 13649.0
922 13649.0
923 13649.0
924 13649.0
925 13649.0
926 13657.0
927 13657.0
928 13657.0
929 13657.0
930 13657.0
931 13657.0
932 13649.0
933 13649.0
934 13649.0
935 13649.0
936 13649.0
937 13649.0
938 13649.0
939 13649.0
940 13649.0
941 13649.0
942 13649.0
943 13649.0
944 13649.0
945 13649.0
946 13658.0
947 13658.0
948 13658.0
949 13658.0
950 13658.0
951 13658.0
952 13649.0
953 13650.0
954 13650.0
955 13650.0
956 13649.0
957 13649.0
958 13649.0
959 13649.0
960 13655.0
961 13655.0
962 13655.0
963 13649.0
964 13649.0
965 13649.0
966 13649.0
967 13649.0
968 13649.0
969 13649.0
970 13649.0
971 13649.0
972 13649.0
973 13649.0
974 13649.0
975 13649.0
976 13657.0
977 13657.0
978 13657.0
979 13657.0
980 13657.0
981 13649.0
982 13649.0
983 13649.0
984 13649.0
985 13649.0
986 13649.0
987 13649.0
988 13649.0
989 13649.0
990 13649.0
991 13649.0
992 13649.0
993 13649.0
994 13649.0
995 13657.0
996 13649.0
997 13649.0
998 13649.0
999 13649.0
1000 13649.0
