0 6480.0
1 6480.0
2 6480.0
3 6909.0
4 6909.0
5 7243.0
6 7706.0
7 7823.0
8 8288.0
9 8999.0
10 8999.0
11 8999.0
12 8949.0
13 9348.0
14 9435.0
15 9430.0
16 10194.0
17 10085.0
18 11001.0
19 10496.0
20 10833.0
21 10833.0
22 10932.0
23 11461.0
24 11200.0
25 11977.0
26 11977.0
27 12193.0
28 12514.0
29 12252.0
30 12252.0
31 12642.0
32 12689.0
33 12689.0
34 13000.0
35 13000.0
36 13000.0
37 13093.0
38 13584.0
39 13680.0
40 13680.0
41 13680.0
42 13734.0
43 13749.0
44 13749.0
45 13583.0
46 13932.0
47 13932.0
48 14118.0
49 14080.0
50 14121.0
51 14349.0
52 14349.0
53 14482.0
54 14672.0
55 14672.0
56 14672.0
57 14529.0
58 14749.0
59 14749.0
60 14639.0
61 14639.0
62 14639.0
63 14639.0
64 14772.0
65 14910.0
66 14992.0
67 14992.0
68 14906.0
69 14906.0
70 15632.0
71 15116.0
72 15170.0
73 15587.0
74 15587.0
75 15218.0
76 15363.0
77 15255.0
78 15466.0
79 15172.0
80 15527.0
81 15433.0
82 15433.0
83 15433.0
84 16047.0
85 15396.0
86 15396.0
87 15396.0
88 15450.0
89 15481.0
90 15884.0
91 15656.0
92 15925.0
93 15677.0
94 15677.0
95 15677.0
96 15677.0
97 15750.0
98 15767.0
99 15662.0
100 15662.0
101 15664.0
102 15763.0
103 15600.0
104 15757.0
105 15757.0
106 15718.0
107 16053.0
108 16421.0
109 16421.0
110 16421.0
111 16421.0
112 16421.0
113 15704.0
114 15778.0
115 16057.0
116 16057.0
117 15891.0
118 16430.0
119 16154.0
120 16154.0
121 16011.0
122 16206.0
123 16222.0
124 16222.0
125 16206.0
126 16079.0
127 16889.0
128 16309.0
129 16309.0
130 16309.0
131 16309.0
132 15907.0
133 16112.0
134 15811.0
135 15786.0
136 16057.0
137 16057.0
138 15886.0
139 15894.0
140 16063.0
141 16063.0
142 16077.0
143 16124.0
144 16289.0
145 16289.0
146 15936.0
147 16258.0
148 16251.0
149 16251.0
150 16063.0
151 16063.0
152 16149.0
153 16349.0
154 16116.0
155 16116.0
156 16116.0
157 16116.0
158 16116.0
159 16062.0
160 16062.0
161 15865.0
162 16156.0
163 16156.0
164 16156.0
165 16156.0
166 16156.0
167 15981.0
168 15981.0
169 16086.0
170 16102.0
171 16086.0
172 16133.0
173 16100.0
174 15866.0
175 15866.0
176 15866.0
177 15930.0
178 16094.0
179 16262.0
180 16106.0
181 16029.0
182 16029.0
183 16068.0
184 16029.0
185 15857.0
186 15857.0
187 16159.0
188 16102.0
189 16102.0
190 16102.0
191 16075.0
192 16075.0
193 15954.0
194 16332.0
195 16191.0
196 16191.0
197 16294.0
198 16140.0
199 16407.0
200 16407.0
201 16407.0
202 16379.0
203 16379.0
204 16379.0
205 16379.0
206 16379.0
207 16351.0
208 16346.0
209 16346.0
210 16367.0
211 16733.0
212 16790.0
213 16790.0
214 16790.0
215 16790.0
216 16790.0
217 16354.0
218 16354.0
219 16659.0
220 16857.0
221 16857.0
222 16660.0
223 16660.0
224 16660.0
225 16660.0
226 16670.0
227 16670.0
228 16786.0
229 16786.0
230 17037.0
231 16827.0
232 17223.0
233 17223.0
234 16796.0
235 16870.0
236 16870.0
237 16870.0
238 16867.0
239 17196.0
240 16905.0
241 16867.0
242 16917.0
243 16917.0
244 17023.0
245 17023.0
246 17117.0
247 17117.0
248 17011.0
249 17011.0
250 17140.0
251 17509.0
252 17509.0
253 17509.0
254 17509.0
255 17509.0
256 17210.0
257 17210.0
258 17210.0
259 17232.0
260 17170.0
261 17213.0
262 16960.0
263 17030.0
264 17245.0
265 16954.0
266 16954.0
267 16954.0
268 16954.0
269 16954.0
270 16954.0
271 16988.0
272 17143.0
273 17143.0
274 17031.0
275 17031.0
276 17243.0
277 17243.0
278 17267.0
279 17078.0
280 16984.0
281 17071.0
282 16969.0
283 16969.0
284 16969.0
285 16969.0
286 16993.0
287 17236.0
288 17236.0
289 16950.0
290 17034.0
291 17034.0
292 17032.0
293 17095.0
294 16894.0
295 16961.0
296 17157.0
297 17287.0
298 17148.0
299 17394.0
300 17198.0
301 17143.0
302 17174.0
303 17471.0
304 17471.0
305 17471.0
306 17471.0
307 17142.0
308 17102.0
309 17049.0
310 17142.0
311 17142.0
312 17234.0
313 17211.0
314 17211.0
315 17644.0
316 17644.0
317 17365.0
318 17365.0
319 17139.0
320 17185.0
321 17249.0
322 17249.0
323 17158.0
324 17158.0
325 17158.0
326 17116.0
327 17083.0
328 17229.0
329 17126.0
330 17203.0
331 17240.0
332 17402.0
333 17171.0
334 17193.0
335 17226.0
336 17255.0
337 17247.0
338 17451.0
339 17312.0
340 17581.0
341 17477.0
342 17477.0
343 17477.0
344 17352.0
345 17352.0
346 17352.0
347 17225.0
348 17257.0
349 17392.0
350 17392.0
351 17221.0
352 17169.0
353 17192.0
354 17321.0
355 17321.0
356 17287.0
357 17467.0
358 17479.0
359 17564.0
360 17564.0
361 17564.0
362 17564.0
363 17401.0
364 17292.0
365 17286.0
366 17356.0
367 17356.0
368 17345.0
369 17398.0
370 17398.0
371 17449.0
372 17449.0
373 17457.0
374 17501.0
375 17340.0
376 17334.0
377 17342.0
378 17334.0
379 17526.0
380 17486.0
381 17456.0
382 17456.0
383 17452.0
384 17487.0
385 17487.0
386 17624.0
387 17624.0
388 17572.0
389 17523.0
390 17523.0
391 17547.0
392 17643.0
393 17643.0
394 17613.0
395 17517.0
396 17575.0
397 17575.0
398 17456.0
399 17530.0
400 17556.0
401 17494.0
402 17511.0
403 17511.0
404 17534.0
405 17564.0
406 17564.0
407 17564.0
408 17603.0
409 17468.0
410 17723.0
411 17723.0
412 17515.0
413 17561.0
414 17516.0
415 17651.0
416 17658.0
417 17632.0
418 17632.0
419 17608.0
420 17745.0
421 17745.0
422 17707.0
423 17707.0
424 17707.0
425 17707.0
426 17695.0
427 17820.0
428 17742.0
429 17742.0
430 17759.0
431 17888.0
432 17825.0
433 17825.0
434 17862.0
435 17871.0
436 17945.0
437 17945.0
438 17842.0
439 17875.0
440 17875.0
441 17936.0
442 17928.0
443 17928.0
444 17928.0
445 17839.0
446 17839.0
447 17839.0
448 17927.0
449 17847.0
450 17847.0
451 17920.0
452 17982.0
453 17989.0
454 17989.0
455 17989.0
456 18011.0
457 18011.0
458 17921.0
459 18054.0
460 18064.0
461 18064.0
462 18064.0
463 18064.0
464 18064.0
465 18019.0
466 18064.0
467 18064.0
468 18064.0
469 18064.0
470 18064.0
471 18064.0
472 18063.0
473 18064.0
474 18064.0
475 18064.0
476 18064.0
477 18064.0
478 18064.0
479 18064.0
480 18064.0
481 18095.0
482 18095.0
483 18095.0
484 18095.0
485 18095.0
486 18095.0
487 18095.0
488 18095.0
489 18095.0
490 18095.0
491 18095.0
492 18095.0
493 18074.0
494 18063.0
495 18063.0
496 18063.0
497 18063.0
498 18063.0
499 18062.0
500 18039.0
501 17961.0
502 17961.0
503 17961.0
504 17961.0
505 17961.0
506 17961.0
507 17961.0
508 17961.0
509 17961.0
510 17961.0
511 17961.0
512 17961.0
513 17961.0
514 17961.0
515 17961.0
516 17961.0
517 17961.0
518 17961.0
519 17961.0
520 17961.0
521 17961.0
522 17961.0
523 17961.0
524 17961.0
525 17961.0
526 17961.0
527 17961.0
528 17961.0
529 17961.0
530 17961.0
531 17961.0
532 17961.0
533 17961.0
534 18028.0
535 18028.0
536 18028.0
537 18028.0
538 18005.0
539 18005.0
540 18005.0
541 17961.0
542 17961.0
543 17961.0
544 17961.0
545 17961.0
546 17983.0
547 17983.0
548 17961.0
549 17961.0
550 17961.0
551 17961.0
552 17961.0
553 17961.0
554 17961.0
555 17961.0
556 17961.0
557 17961.0
558 17961.0
559 17961.0
560 17961.0
561 17961.0
562 17961.0
563 17984.0
564 17961.0
565 17961.0
566 17961.0
567 17961.0
568 17961.0
569 17961.0
570 17961.0
571 17961.0
572 17961.0
573 17961.0
574 17961.0
575 17961.0
576 17981.0
577 17961.0
578 17964.0
579 17984.0
580 17984.0
581 17984.0
582 17984.0
583 17984.0
584 17984.0
585 17984.0
586 17986.0
587 17986.0
588 17986.0
589 17986.0
590 17986.0
591 17961.0
592 17961.0
593 17961.0
594 17961.0
595 17961.0
596 17961.0
597 17961.0
598 17961.0
599 17961.0
600 17961.0
601 17961.0
602 17961.0
603 17961.0
604 17961.0
605 17961.0
606 17961.0
607 17961.0
608 17961.0
609 17961.0
610 17961.0
611 17961.0
612 17961.0
613 17961.0
614 17961.0
615 17961.0
616 17961.0
617 17961.0
618 17965.0
619 17961.0
620 17965.0
621 17965.0
622 17965.0
623 17965.0
624 17965.0
625 17983.0
626 17983.0
627 17983.0
628 17965.0
629 17983.0
630 17965.0
631 17983.0
632 17983.0
633 17983.0
634 17983.0
635 17983.0
636 17983.0
637 17983.0
638 17983.0
639 17983.0
640 17983.0
641 17983.0
642 17983.0
643 17983.0
644 17983.0
645 17983.0
646 17983.0
647 17983.0
648 17983.0
649 17983.0
650 17983.0
651 17983.0
652 17983.0
653 17983.0
654 17983.0
655 17983.0
656 17983.0
657 17983.0
658 17983.0
659 17983.0
660 17983.0
661 17983.0
662 17983.0
663 18022.0
664 18022.0
665 18035.0
666 17983.0
667 17983.0
668 17983.0
669 18035.0
670 18035.0
671 17983.0
672 17983.0
673 17983.0
674 17983.0
675 17983.0
676 17983.0
677 17983.0
678 17983.0
679 17983.0
680 17983.0
681 17983.0
682 17983.0
683 17983.0
684 17983.0
685 17983.0
686 17983.0
687 17983.0
688 17983.0
689 17983.0
690 17983.0
691 17983.0
692 17983.0
693 17983.0
694 17983.0
695 17983.0
696 17983.0
697 17983.0
698 17983.0
699 17983.0
700 17983.0
701 17983.0
702 17983.0
703 17983.0
704 17983.0
705 17983.0
706 17983.0
707 17983.0
708 17983.0
709 17983.0
710 17983.0
711 17983.0
712 17983.0
713 17983.0
714 17983.0
715 17983.0
716 17983.0
717 17983.0
718 18011.0
719 18022.0
720 17983.0
721 17983.0
722 17983.0
723 17983.0
724 17983.0
725 17983.0
726 17983.0
727 17983.0
728 17983.0
729 17983.0
730 17983.0
731 17983.0
732 17983.0
733 17983.0
734 17983.0
735 17983.0
736 17983.0
737 17983.0
738 17983.0
739 17983.0
740 17983.0
741 17983.0
742 17983.0
743 17983.0
744 17983.0
745 17983.0
746 17983.0
747 17983.0
748 17983.0
749 17983.0
750 17983.0
751 17983.0
752 17983.0
753 17983.0
754 17983.0
755 17983.0
756 17983.0
757 17983.0
758 17983.0
759 17983.0
760 17983.0
761 17983.0
762 17983.0
763 17983.0
764 17983.0
765 17983.0
766 17983.0
767 17983.0
768 17983.0
769 17983.0
770 17983.0
771 17983.0
772 17983.0
773 17983.0
774 17983.0
775 17983.0
776 18035.0
777 18035.0
778 17983.0
779 17983.0
780 17983.0
781 17983.0
782 17983.0
783 18035.0
784 17983.0
785 17951.0
786 17974.0
787 17974.0
788 17974.0
789 17974.0
790 17974.0
791 17974.0
792 17974.0
793 17974.0
794 17975.0
795 17975.0
796 17998.0
797 18027.0
798 18027.0
799 18027.0
800 18027.0
801 17974.0
802 18027.0
803 17974.0
804 18050.0
805 18050.0
806 17974.0
807 17974.0
808 17974.0
809 17974.0
810 17974.0
811 17974.0
812 17974.0
813 17974.0
814 17974.0
815 17996.0
816 17974.0
817 17974.0
818 17974.0
819 17974.0
820 17974.0
821 17974.0
822 17974.0
823 17974.0
824 17974.0
825 17974.0
826 18007.0
827 17987.0
828 18050.0
829 17987.0
830 17987.0
831 18027.0
832 18030.0
833 17987.0
834 17987.0
835 18050.0
836 18050.0
837 18050.0
838 18050.0
839 18050.0
840 18050.0
841 18050.0
842 18050.0
843 18050.0
844 18050.0
845 18050.0
846 18050.0
847 18050.0
848 18050.0
849 18050.0
850 18050.0
851 18050.0
852 18050.0
853 18050.0
854 18050.0
855 18050.0
856 18050.0
857 18050.0
858 18050.0
859 18050.0
860 18050.0
861 18050.0
862 18050.0
863 18050.0
864 18050.0
865 18050.0
866 18050.0
867 18050.0
868 18050.0
869 18050.0
870 18050.0
871 18050.0
872 18050.0
873 18050.0
874 18050.0
875 18050.0
876 18050.0
877 18050.0
878 18050.0
879 18050.0
880 18050.0
881 18050.0
882 18050.0
883 18050.0
884 18050.0
885 18050.0
886 18050.0
887 18050.0
888 18050.0
889 18050.0
890 18050.0
891 18050.0
892 18050.0
893 18050.0
894 18050.0
895 18050.0
896 18050.0
897 18050.0
898 18050.0
899 18050.0
900 18050.0
901 18050.0
902 18050.0
903 18050.0
904 18050.0
905 18050.0
906 18050.0
907 18050.0
908 18050.0
909 18050.0
910 18050.0
911 18050.0
912 18050.0
913 18050.0
914 18050.0
915 18050.0
916 18050.0
917 18050.0
918 18050.0
919 18050.0
920 18050.0
921 18050.0
922 18050.0
923 18050.0
924 18050.0
925 18050.0
926 18050.0
927 18050.0
928 18050.0
929 18050.0
930 18050.0
931 18050.0
932 18050.0
933 18050.0
934 18050.0
935 18050.0
936 18050.0
937 18050.0
938 18050.0
939 18050.0
940 18050.0
941 18050.0
942 18037.0
943 18037.0
944 18037.0
945 18037.0
946 17998.0
947 17998.0
948 17998.0
949 17998.0
950 17998.0
951 17998.0
952 17998.0
953 17998.0
954 17998.0
955 17998.0
956 17998.0
957 17998.0
958 17998.0
959 17998.0
960 17998.0
961 17998.0
962 17998.0
963 17998.0
964 17998.0
965 17998.0
966 17998.0
967 17998.0
968 17998.0
969 17998.0
970 17998.0
971 17998.0
972 17998.0
973 17998.0
974 17998.0
975 17998.0
976 17998.0
977 17998.0
978 17998.0
979 17998.0
980 17998.0
981 17998.0
982 17998.0
983 17998.0
984 17998.0
985 17998.0
986 17998.0
987 17998.0
988 17998.0
989 17998.0
990 17998.0
991 17998.0
992 17998.0
993 17998.0
994 17998.0
995 18050.0
996 17998.0
997 18050.0
998 18050.0
999 18050.0
1000 18050.0
