0 4661.0
1 4694.0
2 5302.0
3 5694.0
4 5849.0
5 6364.0
6 6277.0
7 6377.0
8 6986.0
9 7239.0
10 7469.0
11 7469.0
12 8008.0
13 8472.0
14 8472.0
15 8763.0
16 8763.0
17 8996.0
18 8865.0
19 9050.0
20 9404.0
21 9650.0
22 9650.0
23 9426.0
24 9783.0
25 9616.0
26 9733.0
27 9733.0
28 9733.0
29 9842.0
30 9921.0
31 9921.0
32 10159.0
33 9921.0
34 10282.0
35 10175.0
36 10141.0
37 10163.0
38 10163.0
39 10205.0
40 10332.0
41 10305.0
42 10707.0
43 10707.0
44 10707.0
45 10707.0
46 10808.0
47 10808.0
48 10808.0
49 10944.0
50 10854.0
51 10861.0
52 10986.0
53 10986.0
54 10986.0
55 10986.0
56 11065.0
57 11065.0
58 11065.0
59 11068.0
60 11079.0
61 11079.0
62 11079.0
63 11115.0
64 11115.0
65 11121.0
66 11121.0
67 11121.0
68 11289.0
69 11292.0
70 11398.0
71 11398.0
72 11398.0
73 11398.0
74 11398.0
75 11400.0
76 11400.0
77 11400.0
78 11418.0
79 11412.0
80 11442.0
81 11442.0
82 11418.0
83 11418.0
84 11420.0
85 11420.0
86 11420.0
87 11420.0
88 11420.0
89 11407.0
90 11407.0
91 11407.0
92 11407.0
93 11407.0
94 11407.0
95 11407.0
96 11407.0
97 11407.0
98 11407.0
99 11407.0
100 11407.0
101 11407.0
102 11409.0
103 11409.0
104 11400.0
105 11400.0
106 11400.0
107 11400.0
108 11400.0
109 11400.0
110 11400.0
111 11420.0
112 11420.0
113 11420.0
114 11420.0
115 11420.0
116 11420.0
117 11420.0
118 11420.0
119 11400.0
120 11400.0
121 11400.0
122 11400.0
123 11400.0
124 11400.0
125 11400.0
126 11400.0
127 11400.0
128 11400.0
129 11400.0
130 11400.0
131 11400.0
132 11400.0
133 11400.0
134 11400.0
135 11400.0
136 11400.0
137 11400.0
138 11400.0
139 11400.0
140 11400.0
141 11400.0
142 11400.0
143 11400.0
144 11400.0
145 11400.0
146 11400.0
147 11400.0
148 11400.0
149 11400.0
150 11400.0
151 11400.0
152 11400.0
153 11400.0
154 11400.0
155 11400.0
156 11400.0
157 11400.0
158 11400.0
159 11400.0
160 11400.0
161 11400.0
162 11400.0
163 11400.0
164 11400.0
165 11400.0
166 11434.0
167 11434.0
168 11400.0
169 11400.0
170 11400.0
171 11400.0
172 11400.0
173 11400.0
174 11400.0
175 11400.0
176 11400.0
177 11400.0
178 11400.0
179 11400.0
180 11400.0
181 11400.0
182 11400.0
183 11400.0
184 11400.0
185 11400.0
186 11400.0
187 11400.0
188 11400.0
189 11400.0
190 11420.0
191 11420.0
192 11400.0
193 11400.0
194 11400.0
195 11400.0
196 11400.0
197 11400.0
198 11400.0
199 11400.0
200 11400.0
201 11400.0
202 11400.0
203 11400.0
204 11400.0
205 11400.0
206 11400.0
207 11400.0
208 11400.0
209 11400.0
210 11400.0
211 11400.0
212 11400.0
213 11400.0
214 11400.0
215 11400.0
216 11400.0
217 11418.0
218 11400.0
219 11400.0
220 11400.0
221 11400.0
222 11400.0
223 11400.0
224 11420.0
225 11420.0
226 11420.0
227 11420.0
228 11400.0
229 11400.0
230 11400.0
231 11453.0
232 11453.0
233 11453.0
234 11453.0
235 11400.0
236 11400.0
237 11400.0
238 11400.0
239 11400.0
240 11400.0
241 11400.0
242 11400.0
243 11400.0
244 11400.0
245 11420.0
246 11400.0
247 11400.0
248 11400.0
249 11400.0
250 11400.0
251 11400.0
252 11400.0
253 11400.0
254 11400.0
255 11400.0
256 11400.0
257 11400.0
258 11400.0
259 11400.0
260 11400.0
261 11400.0
262 11400.0
263 11400.0
264 11400.0
265 11400.0
266 11400.0
267 11400.0
268 11400.0
269 11400.0
270 11400.0
271 11434.0
272 11400.0
273 11400.0
274 11420.0
275 11400.0
276 11400.0
277 11400.0
278 11400.0
279 11400.0
280 11400.0
281 11400.0
282 11400.0
283 11400.0
284 11400.0
285 11400.0
286 11420.0
287 11400.0
288 11400.0
289 11400.0
290 11400.0
291 11400.0
292 11400.0
293 11400.0
294 11400.0
295 11400.0
296 11400.0
297 11400.0
298 11400.0
299 11400.0
300 11454.0
301 11454.0
302 11454.0
303 11400.0
304 11400.0
305 11400.0
306 11400.0
307 11400.0
308 11400.0
309 11400.0
310 11400.0
311 11400.0
312 11400.0
313 11400.0
314 11400.0
315 11400.0
316 11400.0
317 11400.0
318 11400.0
319 11400.0
320 11400.0
321 11400.0
322 11400.0
323 11400.0
324 11400.0
325 11400.0
326 11400.0
327 11400.0
328 11400.0
329 11400.0
330 11400.0
331 11400.0
332 11400.0
333 11400.0
334 11400.0
335 11432.0
336 11432.0
337 11432.0
338 11432.0
339 11432.0
340 11432.0
341 11432.0
342 11432.0
343 11400.0
344 11400.0
345 11400.0
346 11400.0
347 11400.0
348 11400.0
349 11400.0
350 11400.0
351 11400.0
352 11400.0
353 11400.0
354 11400.0
355 11400.0
356 11400.0
357 11400.0
358 11400.0
359 11400.0
360 11400.0
361 11400.0
362 11400.0
363 11400.0
364 11400.0
365 11400.0
366 11400.0
367 11420.0
368 11400.0
369 11400.0
370 11400.0
371 11400.0
372 11400.0
373 11400.0
374 11400.0
375 11400.0
376 11400.0
377 11400.0
378 11400.0
379 11400.0
380 11400.0
381 11400.0
382 11400.0
383 11400.0
384 11400.0
385 11400.0
386 11400.0
387 11400.0
388 11400.0
389 11400.0
390 11400.0
391 11400.0
392 11420.0
393 11420.0
394 11400.0
395 11400.0
396 11400.0
397 11400.0
398 11420.0
399 11420.0
400 11400.0
401 11400.0
402 11400.0
403 11400.0
404 11400.0
405 11400.0
406 11400.0
407 11400.0
408 11400.0
409 11400.0
410 11400.0
411 11400.0
412 11400.0
413 11400.0
414 11400.0
415 11400.0
416 11400.0
417 11400.0
418 11400.0
419 11400.0
420 11400.0
421 11400.0
422 11400.0
423 11400.0
424 11400.0
425 11400.0
426 11400.0
427 11400.0
428 11400.0
429 11400.0
430 11400.0
431 11400.0
432 11400.0
433 11400.0
434 11400.0
435 11434.0
436 11434.0
437 11400.0
438 11400.0
439 11400.0
440 11400.0
441 11400.0
442 11400.0
443 11400.0
444 11400.0
445 11400.0
446 11400.0
447 11420.0
448 11420.0
449 11420.0
450 11420.0
451 11420.0
452 11400.0
453 11400.0
454 11400.0
455 11400.0
456 11400.0
457 11400.0
458 11400.0
459 11400.0
460 11400.0
461 11400.0
462 11420.0
463 11420.0
464 11420.0
465 11420.0
466 11420.0
467 11420.0
468 11420.0
469 11420.0
470 11420.0
471 11420.0
472 11420.0
473 11420.0
474 11420.0
475 11420.0
476 11400.0
477 11400.0
478 11400.0
479 11400.0
480 11400.0
481 11400.0
482 11400.0
483 11400.0
484 11400.0
485 11400.0
486 11420.0
487 11420.0
488 11400.0
489 11400.0
490 11400.0
491 11400.0
492 11400.0
493 11400.0
494 11400.0
495 11400.0
496 11400.0
497 11400.0
498 11400.0
499 11400.0
500 11400.0
501 11400.0
502 11400.0
503 11400.0
504 11400.0
505 11400.0
506 11400.0
507 11400.0
508 11400.0
509 11400.0
510 11400.0
511 11400.0
512 11400.0
513 11400.0
514 11400.0
515 11400.0
516 11420.0
517 11420.0
518 11400.0
519 11400.0
520 11400.0
521 11400.0
522 11400.0
523 11400.0
524 11400.0
525 11400.0
526 11400.0
527 11400.0
528 11400.0
529 11400.0
530 11400.0
531 11400.0
532 11400.0
533 11400.0
534 11400.0
535 11400.0
536 11400.0
537 11400.0
538 11400.0
539 11400.0
540 11400.0
541 11400.0
542 11400.0
543 11400.0
544 11400.0
545 11400.0
546 11400.0
547 11400.0
548 11400.0
549 11400.0
550 11400.0
551 11400.0
552 11400.0
553 11400.0
554 11400.0
555 11400.0
556 11420.0
557 11420.0
558 11420.0
559 11420.0
560 11420.0
561 11420.0
562 11400.0
563 11400.0
564 11400.0
565 11400.0
566 11400.0
567 11400.0
568 11400.0
569 11400.0
570 11400.0
571 11400.0
572 11400.0
573 11400.0
574 11400.0
575 11400.0
576 11412.0
577 11412.0
578 11412.0
579 11400.0
580 11400.0
581 11400.0
582 11400.0
583 11400.0
584 11400.0
585 11400.0
586 11400.0
587 11400.0
588 11400.0
589 11400.0
590 11400.0
591 11400.0
592 11400.0
593 11436.0
594 11436.0
595 11436.0
596 11436.0
597 11436.0
598 11436.0
599 11436.0
600 11436.0
601 11436.0
602 11400.0
603 11400.0
604 11400.0
605 11400.0
606 11400.0
607 11400.0
608 11400.0
609 11420.0
610 11400.0
611 11400.0
612 11400.0
613 11400.0
614 11400.0
615 11400.0
616 11400.0
617 11400.0
618 11400.0
619 11400.0
620 11400.0
621 11400.0
622 11400.0
623 11456.0
624 11456.0
625 11456.0
626 11456.0
627 11456.0
628 11400.0
629 11400.0
630 11400.0
631 11400.0
632 11400.0
633 11400.0
634 11400.0
635 11400.0
636 11400.0
637 11400.0
638 11400.0
639 11400.0
640 11400.0
641 11400.0
642 11400.0
643 11400.0
644 11400.0
645 11400.0
646 11400.0
647 11400.0
648 11400.0
649 11400.0
650 11400.0
651 11400.0
652 11400.0
653 11400.0
654 11400.0
655 11400.0
656 11400.0
657 11400.0
658 11400.0
659 11400.0
660 11400.0
661 11400.0
662 11400.0
663 11400.0
664 11400.0
665 11400.0
666 11400.0
667 11496.0
668 11496.0
669 11420.0
670 11400.0
671 11432.0
672 11400.0
673 11400.0
674 11400.0
675 11400.0
676 11400.0
677 11400.0
678 11400.0
679 11400.0
680 11400.0
681 11400.0
682 11400.0
683 11400.0
684 11400.0
685 11400.0
686 11400.0
687 11400.0
688 11400.0
689 11400.0
690 11400.0
691 11400.0
692 11400.0
693 11400.0
694 11400.0
695 11400.0
696 11400.0
697 11400.0
698 11400.0
699 11400.0
700 11400.0
701 11400.0
702 11400.0
703 11400.0
704 11400.0
705 11400.0
706 11400.0
707 11400.0
708 11400.0
709 11400.0
710 11400.0
711 11400.0
712 11420.0
713 11420.0
714 11400.0
715 11400.0
716 11400.0
717 11420.0
718 11420.0
719 11400.0
720 11400.0
721 11400.0
722 11400.0
723 11400.0
724 11400.0
725 11400.0
726 11400.0
727 11400.0
728 11400.0
729 11400.0
730 11400.0
731 11400.0
732 11400.0
733 11400.0
734 11400.0
735 11400.0
736 11400.0
737 11400.0
738 11400.0
739 11400.0
740 11400.0
741 11420.0
742 11400.0
743 11400.0
744 11400.0
745 11400.0
746 11400.0
747 11400.0
748 11400.0
749 11400.0
750 11400.0
751 11400.0
752 11400.0
753 11400.0
754 11400.0
755 11400.0
756 11400.0
757 11400.0
758 11400.0
759 11400.0
760 11400.0
761 11400.0
762 11400.0
763 11400.0
764 11420.0
765 11420.0
766 11420.0
767 11420.0
768 11400.0
769 11400.0
770 11400.0
771 11400.0
772 11400.0
773 11400.0
774 11400.0
775 11400.0
776 11400.0
777 11400.0
778 11400.0
779 11400.0
780 11400.0
781 11400.0
782 11400.0
783 11400.0
784 11400.0
785 11400.0
786 11400.0
787 11400.0
788 11400.0
789 11400.0
790 11400.0
791 11400.0
792 11400.0
793 11400.0
794 11400.0
795 11420.0
796 11420.0
797 11420.0
798 11420.0
799 11400.0
800 11400.0
801 11400.0
802 11400.0
803 11400.0
804 11400.0
805 11400.0
806 11400.0
807 11400.0
808 11400.0
809 11400.0
810 11400.0
811 11400.0
812 11400.0
813 11400.0
814 11400.0
815 11400.0
816 11400.0
817 11400.0
818 11400.0
819 11400.0
820 11400.0
821 11400.0
822 11400.0
823 11400.0
824 11434.0
825 11434.0
826 11400.0
827 11400.0
828 11400.0
829 11400.0
830 11400.0
831 11400.0
832 11400.0
833 11400.0
834 11400.0
835 11400.0
836 11400.0
837 11400.0
838 11400.0
839 11400.0
840 11400.0
841 11400.0
842 11400.0
843 11400.0
844 11400.0
845 11400.0
846 11400.0
847 11400.0
848 11400.0
849 11400.0
850 11400.0
851 11400.0
852 11400.0
853 11400.0
854 11400.0
855 11400.0
856 11400.0
857 11400.0
858 11400.0
859 11400.0
860 11400.0
861 11400.0
862 11400.0
863 11400.0
864 11400.0
865 11400.0
866 11400.0
867 11400.0
868 11412.0
869 11412.0
870 11412.0
871 11412.0
872 11412.0
873 11400.0
874 11400.0
875 11400.0
876 11400.0
877 11400.0
878 11400.0
879 11400.0
880 11400.0
881 11400.0
882 11400.0
883 11400.0
884 11400.0
885 11400.0
886 11400.0
887 11400.0
888 11400.0
889 11400.0
890 11400.0
891 11400.0
892 11400.0
893 11400.0
894 11400.0
895 11400.0
896 11400.0
897 11400.0
898 11400.0
899 11400.0
900 11400.0
901 11400.0
902 11400.0
903 11400.0
904 11400.0
905 11400.0
906 11400.0
907 11400.0
908 11400.0
909 11400.0
910 11400.0
911 11400.0
912 11400.0
913 11400.0
914 11400.0
915 11400.0
916 11400.0
917 11400.0
918 11400.0
919 11400.0
920 11400.0
921 11400.0
922 11400.0
923 11400.0
924 11400.0
925 11400.0
926 11400.0
927 11400.0
928 11400.0
929 11400.0
930 11400.0
931 11400.0
932 11400.0
933 11400.0
934 11400.0
935 11400.0
936 11420.0
937 11420.0
938 11420.0
939 11420.0
940 11400.0
941 11420.0
942 11400.0
943 11400.0
944 11400.0
945 11400.0
946 11400.0
947 11400.0
948 11400.0
949 11400.0
950 11400.0
951 11400.0
952 11400.0
953 11420.0
954 11420.0
955 11400.0
956 11400.0
957 11400.0
958 11400.0
959 11400.0
960 11400.0
961 11400.0
962 11400.0
963 11400.0
964 11400.0
965 11400.0
966 11400.0
967 11400.0
968 11400.0
969 11400.0
970 11400.0
971 11400.0
972 11400.0
973 11400.0
974 11400.0
975 11400.0
976 11400.0
977 11400.0
978 11400.0
979 11400.0
980 11444.0
981 11444.0
982 11444.0
983 11400.0
984 11400.0
985 11400.0
986 11400.0
987 11400.0
988 11400.0
989 11400.0
990 11400.0
991 11400.0
992 11400.0
993 11400.0
994 11400.0
995 11400.0
996 11400.0
997 11400.0
998 11400.0
999 11400.0
1000 11400.0
