0 5618.0
1 5690.0
2 6278.0
3 6747.0
4 7727.0
5 7958.0
6 8103.0
7 8812.0
8 8812.0
9 9341.0
10 9877.0
11 9877.0
12 10393.0
13 10393.0
14 10936.0
15 10936.0
16 10936.0
17 11172.0
18 11392.0
19 12507.0
20 12507.0
21 12076.0
22 12266.0
23 12566.0
24 12629.0
25 12942.0
26 13968.0
27 13968.0
28 13968.0
29 13968.0
30 14001.0
31 14001.0
32 14085.0
33 14085.0
34 14085.0
35 14426.0
36 14426.0
37 14229.0
38 14408.0
39 14476.0
40 14687.0
41 14695.0
42 14798.0
43 15102.0
44 15102.0
45 15612.0
46 15612.0
47 15612.0
48 15612.0
49 15612.0
50 15671.0
51 15871.0
52 16069.0
53 16069.0
54 16069.0
55 16069.0
56 16069.0
57 16069.0
58 16729.0
59 16305.0
60 16305.0
61 16305.0
62 16525.0
63 16525.0
64 16433.0
65 16433.0
66 16399.0
67 16748.0
68 16748.0
69 16748.0
70 16502.0
71 16502.0
72 16502.0
73 16502.0
74 16678.0
75 16760.0
76 16760.0
77 16951.0
78 17133.0
79 17133.0
80 17133.0
81 17133.0
82 17234.0
83 17133.0
84 17320.0
85 17320.0
86 17115.0
87 17115.0
88 16978.0
89 16926.0
90 17639.0
91 17639.0
92 17639.0
93 17639.0
94 17639.0
95 17317.0
96 17398.0
97 17398.0
98 17232.0
99 17178.0
100 17136.0
101 17136.0
102 17212.0
103 17179.0
104 17752.0
105 17752.0
106 17428.0
107 17507.0
108 17335.0
109 17401.0
110 17619.0
111 17619.0
112 17573.0
113 17655.0
114 17655.0
115 17655.0
116 17655.0
117 17655.0
118 17655.0
119 17628.0
120 17694.0
121 17674.0
122 17745.0
123 17785.0
124 17785.0
125 17810.0
126 17810.0
127 17785.0
128 17804.0
129 17819.0
130 17850.0
131 17870.0
132 17884.0
133 17884.0
134 17884.0
135 17884.0
136 17884.0
137 17884.0
138 17884.0
139 17884.0
140 17884.0
141 17850.0
142 17850.0
143 17850.0
144 17850.0
145 17850.0
146 17850.0
147 17850.0
148 17850.0
149 17850.0
150 17850.0
151 17850.0
152 17850.0
153 17850.0
154 17850.0
155 17850.0
156 17850.0
157 17850.0
158 17850.0
159 17850.0
160 17850.0
161 17850.0
162 17850.0
163 17850.0
164 17850.0
165 17850.0
166 17850.0
167 17850.0
168 17850.0
169 17850.0
170 17850.0
171 17850.0
172 17850.0
173 17850.0
174 17850.0
175 17850.0
176 17850.0
177 17850.0
178 17850.0
179 17850.0
180 17850.0
181 17850.0
182 17850.0
183 17850.0
184 17850.0
185 17850.0
186 17850.0
187 17850.0
188 17850.0
189 17850.0
190 17850.0
191 17850.0
192 17850.0
193 17850.0
194 17850.0
195 17850.0
196 17850.0
197 17850.0
198 17850.0
199 17850.0
200 17850.0
201 17850.0
202 17850.0
203 17850.0
204 17850.0
205 17850.0
206 17850.0
207 17850.0
208 17850.0
209 17850.0
210 17850.0
211 17850.0
212 17850.0
213 17850.0
214 17850.0
215 17850.0
216 17850.0
217 17850.0
218 17850.0
219 17850.0
220 17850.0
221 17850.0
222 17850.0
223 17850.0
224 17850.0
225 17850.0
226 17850.0
227 17850.0
228 17850.0
229 17850.0
230 17850.0
231 17850.0
232 17850.0
233 17850.0
234 17850.0
235 17850.0
236 17850.0
237 17850.0
238 17850.0
239 17850.0
240 17850.0
241 17850.0
242 17850.0
243 17850.0
244 17850.0
245 17850.0
246 17850.0
247 17850.0
248 17850.0
249 17850.0
250 17850.0
251 17850.0
252 17850.0
253 17850.0
254 17850.0
255 17850.0
256 17850.0
257 17850.0
258 17850.0
259 17850.0
260 17850.0
261 17850.0
262 17850.0
263 17850.0
264 17850.0
265 17850.0
266 17850.0
267 17850.0
268 17850.0
269 17850.0
270 17850.0
271 17850.0
272 17850.0
273 17850.0
274 17850.0
275 17850.0
276 17850.0
277 17850.0
278 17850.0
279 17850.0
280 17850.0
281 17850.0
282 17850.0
283 17850.0
284 17850.0
285 17850.0
286 17850.0
287 17850.0
288 17850.0
289 17850.0
290 17850.0
291 17850.0
292 17850.0
293 17850.0
294 17850.0
295 17850.0
296 17850.0
297 17850.0
298 17850.0
299 17850.0
300 17850.0
301 17850.0
302 17850.0
303 17850.0
304 17850.0
305 17850.0
306 17850.0
307 17850.0
308 17850.0
309 17850.0
310 17850.0
311 17850.0
312 17850.0
313 17850.0
314 17850.0
315 17850.0
316 17850.0
317 17850.0
318 17850.0
319 17850.0
320 17850.0
321 17850.0
322 17850.0
323 17850.0
324 17850.0
325 17850.0
326 17850.0
327 17850.0
328 17850.0
329 17850.0
330 17850.0
331 17850.0
332 17850.0
333 17850.0
334 17850.0
335 17850.0
336 17850.0
337 17850.0
338 17850.0
339 17850.0
340 17850.0
341 17850.0
342 17850.0
343 17850.0
344 17850.0
345 17850.0
346 17850.0
347 17850.0
348 17850.0
349 17850.0
350 17850.0
351 17850.0
352 17850.0
353 17850.0
354 17850.0
355 17850.0
356 17850.0
357 17850.0
358 17850.0
359 17850.0
360 17850.0
361 17850.0
362 17850.0
363 17850.0
364 17850.0
365 17850.0
366 17850.0
367 17850.0
368 17850.0
369 17850.0
370 17850.0
371 17850.0
372 17850.0
373 17850.0
374 17850.0
375 17850.0
376 17850.0
377 17850.0
378 17850.0
379 17850.0
380 17850.0
381 17850.0
382 17850.0
383 17850.0
384 17850.0
385 17850.0
386 17850.0
387 17850.0
388 17850.0
389 17850.0
390 17850.0
391 17850.0
392 17850.0
393 17850.0
394 17850.0
395 17850.0
396 17850.0
397 17850.0
398 17850.0
399 17850.0
400 17850.0
401 17850.0
402 17850.0
403 17850.0
404 17850.0
405 17850.0
406 17850.0
407 17850.0
408 17850.0
409 17850.0
410 17850.0
411 17850.0
412 17850.0
413 17850.0
414 17850.0
415 17850.0
416 17850.0
417 17850.0
418 17850.0
419 17850.0
420 17850.0
421 17850.0
422 17850.0
423 17850.0
424 17850.0
425 17850.0
426 17850.0
427 17850.0
428 17850.0
429 17850.0
430 17850.0
431 17850.0
432 17850.0
433 17850.0
434 17850.0
435 17850.0
436 17850.0
437 17850.0
438 17850.0
439 17850.0
440 17850.0
441 17850.0
442 17850.0
443 17850.0
444 17850.0
445 17850.0
446 17850.0
447 17850.0
448 17850.0
449 17850.0
450 17850.0
451 17850.0
452 17850.0
453 17850.0
454 17850.0
455 17850.0
456 17850.0
457 17850.0
458 17850.0
459 17850.0
460 17850.0
461 17850.0
462 17850.0
463 17850.0
464 17850.0
465 17850.0
466 17850.0
467 17850.0
468 17850.0
469 17850.0
470 17850.0
471 17850.0
472 17850.0
473 17850.0
474 17850.0
475 17850.0
476 17850.0
477 17850.0
478 17850.0
479 17850.0
480 17850.0
481 17850.0
482 17850.0
483 17850.0
484 17850.0
485 17850.0
486 17850.0
487 17850.0
488 17850.0
489 17850.0
490 17850.0
491 17850.0
492 17850.0
493 17850.0
494 17850.0
495 17850.0
496 17850.0
497 17850.0
498 17850.0
499 17850.0
500 17850.0
