0 5950.0
1 5950.0
2 6343.0
3 6750.0
4 7847.0
5 7564.0
6 7564.0
7 8031.0
8 8430.0
9 8430.0
10 8100.0
11 8979.0
12 8979.0
13 9470.0
14 8909.0
15 9761.0
16 9761.0
17 9316.0
18 9690.0
19 9690.0
20 9852.0
21 10220.0
22 10638.0
23 10457.0
24 10547.0
25 11009.0
26 11285.0
27 11285.0
28 11285.0
29 11349.0
30 11628.0
31 11702.0
32 11799.0
33 11919.0
34 12158.0
35 11919.0
36 12103.0
37 12103.0
38 12287.0
39 12287.0
40 12557.0
41 12417.0
42 12552.0
43 12492.0
44 12809.0
45 12879.0
46 12766.0
47 13077.0
48 13077.0
49 13077.0
50 12832.0
51 13043.0
52 13255.0
53 13714.0
54 13714.0
55 13714.0
56 13714.0
57 14011.0
58 14011.0
59 14086.0
60 14086.0
61 13815.0
62 13914.0
63 13933.0
64 13948.0
65 14172.0
66 14172.0
67 14317.0
68 14172.0
69 14225.0
70 14225.0
71 14225.0
72 14310.0
73 14506.0
74 14506.0
75 14620.0
76 14620.0
77 14805.0
78 14805.0
79 14805.0
80 14703.0
81 14703.0
82 14703.0
83 14703.0
84 14623.0
85 14623.0
86 14792.0
87 14792.0
88 14817.0
89 14675.0
90 14675.0
91 14814.0
92 15097.0
93 15097.0
94 15028.0
95 15159.0
96 15028.0
97 15028.0
98 15028.0
99 15028.0
100 15056.0
