0 6410.0
1 6994.0
2 7171.0
3 8639.0
4 8889.0
5 8889.0
6 8936.0
7 9864.0
8 9864.0
9 9834.0
10 9886.0
11 10394.0
12 11404.0
13 11284.0
14 10753.0
15 11538.0
16 11647.0
17 11875.0
18 12272.0
19 12272.0
20 12203.0
21 12599.0
22 12599.0
23 12599.0
24 12683.0
25 13227.0
26 13227.0
27 13227.0
28 13604.0
29 13501.0
30 13501.0
31 13429.0
32 14286.0
33 13700.0
34 13955.0
35 13955.0
36 13850.0
37 13832.0
38 13750.0
39 14189.0
40 14136.0
41 14298.0
42 14264.0
43 14377.0
44 14215.0
45 14200.0
46 14346.0
47 14200.0
48 14200.0
49 14713.0
50 14713.0
51 15284.0
52 15284.0
53 15284.0
54 15284.0
55 15074.0
56 15507.0
57 15507.0
58 15507.0
59 15723.0
60 15256.0
61 15562.0
62 15519.0
63 15519.0
64 15644.0
65 15755.0
66 15969.0
67 15969.0
68 15969.0
69 15969.0
70 15969.0
71 15969.0
72 15969.0
73 15969.0
74 15765.0
75 15673.0
76 15673.0
77 15848.0
78 15664.0
79 15993.0
80 15993.0
81 15727.0
82 16166.0
83 15923.0
84 15867.0
85 15977.0
86 16061.0
87 16061.0
88 16061.0
89 16393.0
90 16393.0
91 16393.0
92 16393.0
93 16393.0
94 16461.0
95 16268.0
96 16268.0
97 16342.0
98 16449.0
99 16453.0
100 16453.0
