0 4549.0
1 4647.0
2 5192.0
3 5614.0
4 5713.0
5 6482.0
6 6482.0
7 6338.0
8 6929.0
9 6880.0
10 7043.0
11 7386.0
12 7991.0
13 7991.0
14 8344.0
15 8561.0
16 8561.0
17 8612.0
18 8934.0
19 9112.0
20 9171.0
21 9235.0
22 9287.0
23 9247.0
24 9235.0
25 9513.0
26 9513.0
27 9637.0
28 9751.0
29 9751.0
30 9751.0
31 9890.0
32 9812.0
33 9712.0
34 10051.0
35 9946.0
36 10510.0
37 10510.0
38 10733.0
39 10733.0
40 10733.0
41 10733.0
42 10733.0
43 10641.0
44 10574.0
45 10613.0
46 10613.0
47 10739.0
48 10828.0
49 10828.0
50 10902.0
51 10871.0
52 10940.0
53 11109.0
54 10963.0
55 10963.0
56 11044.0
57 11089.0
58 11044.0
59 11044.0
60 11033.0
61 11116.0
62 11116.0
63 11174.0
64 11175.0
65 11195.0
66 11197.0
67 11219.0
68 11218.0
69 11225.0
70 11225.0
71 11228.0
72 11233.0
73 11233.0
74 11233.0
75 11225.0
76 11233.0
77 11233.0
78 11233.0
79 11248.0
80 11248.0
81 11248.0
82 11248.0
83 11248.0
84 11248.0
85 11248.0
86 11251.0
87 11251.0
88 11251.0
89 11248.0
90 11248.0
91 11248.0
92 11248.0
93 11248.0
94 11248.0
95 11248.0
96 11248.0
97 11248.0
98 11248.0
99 11248.0
100 11248.0
