0 7050.0
1 7761.0
2 8188.0
3 8468.0
4 9001.0
5 10266.0
6 10579.0
7 11065.0
8 11850.0
9 12126.0
10 12478.0
11 13597.0
12 13597.0
13 14913.0
14 14673.0
15 15513.0
16 15925.0
17 16047.0
18 16366.0
19 17239.0
20 17863.0
21 18089.0
22 18627.0
23 18625.0
24 19729.0
25 20544.0
26 19964.0
27 20636.0
28 21186.0
29 22124.0
30 21933.0
31 22322.0
32 23678.0
33 23678.0
34 22872.0
35 22872.0
36 23503.0
37 24001.0
38 24483.0
39 24942.0
40 25402.0
41 25402.0
42 26039.0
43 26039.0
44 26758.0
45 27037.0
46 27037.0
47 27037.0
48 27037.0
49 27705.0
50 27815.0
51 27746.0
52 27801.0
53 27801.0
54 28884.0
55 28884.0
56 28884.0
57 28884.0
58 29113.0
59 29709.0
60 29900.0
61 30278.0
62 30278.0
63 30278.0
64 30278.0
65 30278.0
66 30305.0
67 31114.0
68 30496.0
69 30633.0
70 30633.0
71 30633.0
72 31268.0
73 31707.0
74 32793.0
75 32379.0
76 32379.0
77 32379.0
78 32379.0
79 32379.0
80 32342.0
81 32342.0
82 32377.0
83 32342.0
84 32342.0
85 32840.0
86 32840.0
87 32354.0
88 32539.0
89 32832.0
90 32832.0
91 33029.0
92 33218.0
93 34728.0
94 34728.0
95 33505.0
96 33505.0
97 34379.0
98 33490.0
99 33351.0
100 33351.0
101 33996.0
102 33996.0
103 33371.0
104 33978.0
105 34510.0
106 34632.0
107 34632.0
108 33978.0
109 34068.0
110 34682.0
111 34984.0
112 34170.0
113 34289.0
114 34489.0
115 35461.0
116 35461.0
117 35461.0
118 34971.0
119 34866.0
120 35429.0
121 35573.0
122 35573.0
123 35650.0
124 35858.0
125 35858.0
126 35403.0
127 35557.0
128 35707.0
129 36312.0
130 36646.0
131 36646.0
132 37321.0
133 37321.0
134 36360.0
135 36360.0
136 36645.0
137 36645.0
138 36444.0
139 36444.0
140 36444.0
141 37108.0
142 37108.0
143 37108.0
144 37108.0
145 36226.0
146 36779.0
147 37187.0
148 37187.0
149 37311.0
150 37244.0
151 37244.0
152 37279.0
153 37279.0
154 37279.0
155 37398.0
156 37398.0
157 37398.0
158 37563.0
159 37563.0
160 37563.0
161 37472.0
162 38619.0
163 38619.0
164 38119.0
165 38119.0
166 37994.0
167 38291.0
168 37866.0
169 38060.0
170 38060.0
171 38859.0
172 38259.0
173 38259.0
174 37767.0
175 37974.0
176 38325.0
177 37794.0
178 37794.0
179 37767.0
180 38253.0
181 38666.0
182 38666.0
183 38312.0
184 38562.0
185 38562.0
186 38562.0
187 38359.0
188 38359.0
189 38463.0
190 38523.0
191 38523.0
192 38642.0
193 38530.0
194 39161.0
195 39161.0
196 39161.0
197 38866.0
198 39033.0
199 39033.0
200 39033.0
201 39744.0
202 39744.0
203 38658.0
204 38838.0
205 38997.0
206 38997.0
207 39582.0
208 38997.0
209 38997.0
210 39330.0
211 39330.0
212 39330.0
213 39330.0
214 39330.0
215 39024.0
216 39312.0
217 39936.0
218 39254.0
219 39161.0
220 39252.0
221 40030.0
222 39888.0
223 39603.0
224 39603.0
225 39258.0
226 40569.0
227 40569.0
228 40569.0
229 40569.0
230 40569.0
231 39714.0
232 39714.0
233 40349.0
234 40349.0
235 40349.0
236 39953.0
237 39748.0
238 40065.0
239 40575.0
240 40575.0
241 40575.0
242 39941.0
243 39941.0
244 39855.0
245 39976.0
246 39426.0
247 39588.0
248 39849.0
249 39424.0
250 40625.0
251 40625.0
252 41014.0
253 41014.0
254 41014.0
255 41014.0
256 41014.0
257 41014.0
258 41014.0
259 41014.0
260 41014.0
261 41014.0
262 41014.0
263 40268.0
264 40268.0
265 40268.0
266 40268.0
267 40268.0
268 39812.0
269 40423.0
270 40322.0
271 40322.0
272 40322.0
273 40162.0
274 39946.0
275 39766.0
276 40966.0
277 39951.0
278 39951.0
279 41729.0
280 41729.0
281 41729.0
282 40820.0
283 40820.0
284 40820.0
285 40820.0
286 40926.0
287 40926.0
288 40926.0
289 40500.0
290 42513.0
291 42513.0
292 42513.0
293 42513.0
294 40955.0
295 41057.0
296 41844.0
297 41844.0
298 41057.0
299 41057.0
300 41928.0
301 40755.0
302 40886.0
303 41329.0
304 41329.0
305 41329.0
306 40886.0
307 40886.0
308 40847.0
309 41455.0
310 41455.0
311 41704.0
312 41704.0
313 41704.0
314 41704.0
315 41179.0
316 42654.0
317 41468.0
318 41468.0
319 41468.0
320 41468.0
321 41468.0
322 43407.0
323 43407.0
324 43407.0
325 43407.0
326 41395.0
327 41720.0
328 41797.0
329 41521.0
330 41425.0
331 41786.0
332 41786.0
333 41786.0
334 41645.0
335 41645.0
336 41645.0
337 41789.0
338 42681.0
339 42681.0
340 42681.0
341 42681.0
342 42681.0
343 42681.0
344 42607.0
345 42123.0
346 42388.0
347 42388.0
348 42193.0
349 42052.0
350 42052.0
351 42793.0
352 43096.0
353 43096.0
354 43096.0
355 43096.0
356 43096.0
357 43096.0
358 43096.0
359 42891.0
360 42663.0
361 42889.0
362 42889.0
363 42889.0
364 42889.0
365 42706.0
366 42706.0
367 42735.0
368 42735.0
369 42619.0
370 42619.0
371 44316.0
372 43443.0
373 43346.0
374 42985.0
375 42985.0
376 43901.0
377 43901.0
378 43901.0
379 43901.0
380 43901.0
381 43901.0
382 43901.0
383 43901.0
384 43901.0
385 43901.0
386 43592.0
387 43592.0
388 43592.0
389 43592.0
390 43592.0
391 42878.0
392 42878.0
393 42878.0
394 42878.0
395 42747.0
396 43250.0
397 43517.0
398 43517.0
399 42941.0
400 42655.0
401 42806.0
402 43034.0
403 42806.0
404 42825.0
405 42837.0
406 42837.0
407 43100.0
408 42731.0
409 42731.0
410 42660.0
411 43299.0
412 43003.0
413 42897.0
414 42970.0
415 42970.0
416 43292.0
417 43122.0
418 43238.0
419 43238.0
420 43238.0
421 43238.0
422 43472.0
423 43472.0
424 43047.0
425 43119.0
426 43119.0
427 43179.0
428 43469.0
429 43469.0
430 43867.0
431 43867.0
432 43266.0
433 44206.0
434 44206.0
435 44206.0
436 44206.0
437 44206.0
438 44455.0
439 44455.0
440 44587.0
441 44587.0
442 44587.0
443 44587.0
444 43913.0
445 43643.0
446 43707.0
447 43707.0
448 43707.0
449 43936.0
450 44000.0
451 44224.0
452 44224.0
453 44224.0
454 44023.0
455 43707.0
456 43707.0
457 43173.0
458 45013.0
459 43180.0
460 43400.0
461 43400.0
462 43400.0
463 43387.0
464 43387.0
465 43981.0
466 43981.0
467 44076.0
468 44076.0
469 44076.0
470 44076.0
471 43846.0
472 43689.0
473 44138.0
474 44138.0
475 44138.0
476 43643.0
477 44104.0
478 44252.0
479 43378.0
480 43489.0
481 43489.0
482 43489.0
483 43489.0
484 43489.0
485 43489.0
486 43422.0
487 43388.0
488 43697.0
489 43877.0
490 44180.0
491 44180.0
492 44180.0
493 44178.0
494 44314.0
495 44178.0
496 44178.0
497 43803.0
498 44286.0
499 44286.0
500 43742.0
501 43880.0
502 43918.0
503 44785.0
504 43918.0
505 43960.0
506 43960.0
507 44184.0
508 44219.0
509 44288.0
510 44288.0
511 44288.0
512 44327.0
513 44249.0
514 44249.0
515 44655.0
516 44249.0
517 44219.0
518 44636.0
519 44259.0
520 45442.0
521 44376.0
522 44866.0
523 44425.0
524 44446.0
525 44425.0
526 44488.0
527 44425.0
528 44425.0
529 44425.0
530 44487.0
531 44732.0
532 44732.0
533 45048.0
534 45048.0
535 45048.0
536 45048.0
537 45295.0
538 45295.0
539 45200.0
540 45485.0
541 45485.0
542 45485.0
543 45485.0
544 44697.0
545 45213.0
546 45213.0
547 45213.0
548 45213.0
549 45213.0
550 45213.0
551 45213.0
552 45213.0
553 45213.0
554 45213.0
555 46087.0
556 46087.0
557 46087.0
558 46087.0
559 45279.0
560 45279.0
561 45279.0
562 45279.0
563 45279.0
564 45279.0
565 45279.0
566 44950.0
567 44950.0
568 44950.0
569 46040.0
570 46040.0
571 44950.0
572 44950.0
573 44950.0
574 44718.0
575 44718.0
576 45047.0
577 45047.0
578 44492.0
579 44819.0
580 45246.0
581 45067.0
582 45147.0
583 45147.0
584 45147.0
585 45574.0
586 45147.0
587 46099.0
588 45643.0
589 45643.0
590 45340.0
591 45470.0
592 45470.0
593 44873.0
594 45208.0
595 45372.0
596 45372.0
597 45372.0
598 45804.0
599 45131.0
600 45131.0
601 45151.0
602 45131.0
603 45742.0
604 45742.0
605 45195.0
606 45195.0
607 45195.0
608 45195.0
609 45703.0
610 46308.0
611 46308.0
612 45269.0
613 45307.0
614 45170.0
615 45600.0
616 45976.0
617 45976.0
618 45976.0
619 45095.0
620 45095.0
621 45856.0
622 45856.0
623 45817.0
624 45817.0
625 45817.0
626 45817.0
627 45488.0
628 46182.0
629 46182.0
630 45872.0
631 45872.0
632 45782.0
633 45564.0
634 45787.0
635 45787.0
636 45787.0
637 45845.0
638 45651.0
639 45651.0
640 45651.0
641 45651.0
642 45651.0
643 46169.0
644 46075.0
645 46075.0
646 46075.0
647 46075.0
648 45914.0
649 45932.0
650 45932.0
651 45947.0
652 45947.0
653 45876.0
654 46199.0
655 45876.0
656 45653.0
657 46558.0
658 46558.0
659 45886.0
660 45886.0
661 45928.0
662 45928.0
663 45928.0
664 45928.0
665 45928.0
666 46372.0
667 46372.0
668 46372.0
669 46372.0
670 46015.0
671 46015.0
672 45657.0
673 45824.0
674 45597.0
675 45597.0
676 45927.0
677 45927.0
678 45927.0
679 45927.0
680 45927.0
681 45927.0
682 46284.0
683 46284.0
684 45757.0
685 45914.0
686 45914.0
687 46272.0
688 46272.0
689 46156.0
690 46156.0
691 46022.0
692 46022.0
693 46164.0
694 46164.0
695 46164.0
696 46164.0
697 46164.0
698 46511.0
699 46511.0
700 46018.0
701 46871.0
702 46012.0
703 46012.0
704 46127.0
705 47279.0
706 47279.0
707 46678.0
708 46678.0
709 46678.0
710 46212.0
711 46334.0
712 46334.0
713 46187.0
714 46348.0
715 46348.0
716 46348.0
717 46348.0
718 46348.0
719 46587.0
720 46587.0
721 46529.0
722 46529.0
723 46978.0
724 46978.0
725 46978.0
726 46978.0
727 46427.0
728 46427.0
729 46427.0
730 46427.0
731 46427.0
732 46427.0
733 46427.0
734 47422.0
735 47422.0
736 47422.0
737 47422.0
738 46820.0
739 46736.0
740 46736.0
741 46736.0
742 46692.0
743 46692.0
744 46692.0
745 46692.0
746 46711.0
747 46492.0
748 47134.0
749 47134.0
750 46865.0
751 46783.0
752 46925.0
753 46977.0
754 47436.0
755 46925.0
756 47374.0
757 47478.0
758 47478.0
759 47016.0
760 47190.0
761 47392.0
762 47392.0
763 47392.0
764 47190.0
765 47071.0
766 47071.0
767 46965.0
768 47268.0
769 47268.0
770 47268.0
771 47246.0
772 47075.0
773 47124.0
774 47198.0
775 47198.0
776 47198.0
777 47198.0
778 47198.0
779 47198.0
780 47063.0
781 47063.0
782 47063.0
783 47063.0
784 47346.0
785 47346.0
786 47694.0
787 47484.0
788 47346.0
789 47275.0
790 47365.0
791 47380.0
792 47365.0
793 47365.0
794 47804.0
795 47630.0
796 47630.0
797 47630.0
798 47630.0
799 47630.0
800 47570.0
801 47570.0
802 47513.0
803 48325.0
804 48325.0
805 47744.0
806 47744.0
807 48004.0
808 47797.0
809 47513.0
810 47513.0
811 47513.0
812 47162.0
813 47166.0
814 47462.0
815 47462.0
816 47462.0
817 46747.0
818 47478.0
819 47398.0
820 47398.0
821 47398.0
822 47398.0
823 47531.0
824 47531.0
825 47543.0
826 47543.0
827 47543.0
828 47543.0
829 47325.0
830 47325.0
831 47108.0
832 47108.0
833 47108.0
834 47201.0
835 47220.0
836 47220.0
837 47188.0
838 47806.0
839 47806.0
840 47806.0
841 47266.0
842 47266.0
843 47266.0
844 47266.0
845 47266.0
846 47403.0
847 47709.0
848 47709.0
849 47642.0
850 47321.0
851 47761.0
852 47700.0
853 47758.0
854 47440.0
855 48181.0
856 47704.0
857 47704.0
858 47704.0
859 47704.0
860 48330.0
861 48330.0
862 47725.0
863 47704.0
864 48023.0
865 48328.0
866 48328.0
867 48328.0
868 48335.0
869 48335.0
870 48335.0
871 48335.0
872 48335.0
873 48335.0
874 48367.0
875 48367.0
876 48250.0
877 48250.0
878 48023.0
879 48191.0
880 48294.0
881 48294.0
882 48627.0
883 48294.0
884 48294.0
885 48118.0
886 48118.0
887 48118.0
888 48185.0
889 48185.0
890 48741.0
891 48741.0
892 48300.0
893 48584.0
894 48527.0
895 48527.0
896 48527.0
897 48527.0
898 48527.0
899 48429.0
900 48429.0
901 48292.0
902 48513.0
903 48513.0
904 48646.0
905 48646.0
906 48646.0
907 48615.0
908 48615.0
909 48615.0
910 48615.0
911 48615.0
912 48615.0
913 48750.0
914 48726.0
915 48726.0
916 48726.0
917 48571.0
918 48571.0
919 48597.0
920 48597.0
921 48366.0
922 48432.0
923 48616.0
924 48616.0
925 48616.0
926 48616.0
927 48566.0
928 48796.0
929 49033.0
930 49033.0
931 49033.0
932 48972.0
933 48972.0
934 48972.0
935 49095.0
936 48935.0
937 48935.0
938 48935.0
939 48935.0
940 48935.0
941 48699.0
942 48758.0
943 48806.0
944 48806.0
945 48980.0
946 49004.0
947 49214.0
948 49214.0
949 49198.0
950 49200.0
951 49058.0
952 49112.0
953 49159.0
954 49159.0
955 49201.0
956 49201.0
957 49426.0
958 49426.0
959 49426.0
960 49426.0
961 49436.0
962 49496.0
963 49551.0
964 49546.0
965 49600.0
966 49600.0
967 49633.0
968 49867.0
969 49719.0
970 49767.0
971 49767.0
972 49783.0
973 49812.0
974 49859.0
975 49828.0
976 49875.0
977 49919.0
978 49950.0
979 49950.0
980 49950.0
981 49967.0
982 49971.0
983 49971.0
984 49988.0
985 49971.0
986 49971.0
987 49971.0
988 49975.0
989 49971.0
990 49971.0
991 49975.0
992 49975.0
993 49975.0
994 49975.0
995 49975.0
996 49975.0
997 49975.0
998 49975.0
999 49975.0
1000 49975.0
