0 6954.0
1 7063.0
2 7542.0
3 7826.0
4 8117.0
5 9149.0
6 9426.0
7 9597.0
8 10152.0
9 10900.0
10 11387.0
11 11572.0
12 11572.0
13 12156.0
14 12630.0
15 12711.0
16 13141.0
17 13328.0
18 13445.0
19 13995.0
20 14377.0
21 15185.0
22 14848.0
23 15600.0
24 15600.0
25 15878.0
26 15878.0
27 15722.0
28 15808.0
29 15926.0
30 15995.0
31 16388.0
32 16578.0
33 16578.0
34 16578.0
35 16807.0
36 17071.0
37 17744.0
38 17211.0
39 17211.0
40 17211.0
41 17396.0
42 17653.0
43 17653.0
44 17734.0
45 17734.0
46 17838.0
47 17948.0
48 17948.0
49 18043.0
50 18043.0
51 18043.0
52 18457.0
53 18394.0
54 18394.0
55 18394.0
56 18595.0
57 18623.0
58 18623.0
59 18702.0
60 18702.0
61 18640.0
62 19062.0
63 18934.0
64 18934.0
65 18934.0
66 18934.0
67 19172.0
68 19172.0
69 19172.0
70 19172.0
71 19276.0
72 19369.0
73 19260.0
74 19369.0
75 19495.0
76 19490.0
77 19490.0
78 19532.0
79 19679.0
80 19713.0
81 19752.0
82 19713.0
83 19959.0
84 19713.0
85 19851.0
86 19807.0
87 19793.0
88 20140.0
89 19851.0
90 19873.0
91 19873.0
92 20260.0
93 20260.0
94 20066.0
95 20066.0
96 20272.0
97 20272.0
98 20323.0
99 20272.0
100 20272.0
