0 5901.0
1 6179.0
2 6688.0
3 6934.0
4 7051.0
5 7809.0
6 8134.0
7 9244.0
8 8784.0
9 9329.0
10 9617.0
11 9701.0
12 9940.0
13 10055.0
14 10622.0
15 10981.0
16 11025.0
17 11673.0
18 11673.0
19 11969.0
20 12157.0
21 12479.0
22 12763.0
23 12838.0
24 13342.0
25 13014.0
26 13355.0
27 13428.0
28 13413.0
29 13749.0
30 13819.0
31 14145.0
32 14145.0
33 14348.0
34 14348.0
35 14718.0
36 14848.0
37 14848.0
38 14730.0
39 14771.0
40 14806.0
41 15457.0
42 15364.0
43 15223.0
44 15223.0
45 15483.0
46 15483.0
47 15483.0
48 16045.0
49 15856.0
50 15951.0
51 15846.0
52 15607.0
53 15925.0
54 15727.0
55 15894.0
56 15810.0
57 15630.0
58 15892.0
59 15918.0
60 15918.0
61 15918.0
62 15892.0
63 15935.0
64 16245.0
65 16256.0
66 16245.0
67 16245.0
68 16311.0
69 16311.0
70 16311.0
71 16311.0
72 16436.0
73 16311.0
74 16311.0
75 16500.0
76 16500.0
77 16561.0
78 16561.0
79 16561.0
80 16584.0
81 16615.0
82 16561.0
83 16636.0
84 16636.0
85 16636.0
86 16561.0
87 16573.0
88 16749.0
89 16749.0
90 17005.0
91 16749.0
92 16758.0
93 16826.0
94 16826.0
95 16826.0
96 16753.0
97 16858.0
98 17042.0
99 17026.0
100 17026.0
