0 9735.0
1 11296.0
2 11790.0
3 11882.0
4 12257.0
5 12826.0
6 13336.0
7 13853.0
8 14469.0
9 14469.0
10 15263.0
11 15907.0
12 16986.0
13 17809.0
14 17809.0
15 18897.0
16 18532.0
17 18532.0
18 18615.0
19 19789.0
20 19901.0
21 20223.0
22 20223.0
23 20882.0
24 21481.0
25 21866.0
26 21334.0
27 22124.0
28 22458.0
29 22458.0
30 23037.0
31 23395.0
32 23426.0
33 25303.0
34 25303.0
35 25303.0
36 25303.0
37 24660.0
38 24792.0
39 24792.0
40 24792.0
41 25734.0
42 25954.0
43 25954.0
44 27116.0
45 27116.0
46 25714.0
47 26234.0
48 26916.0
49 28267.0
50 28267.0
51 28267.0
52 28267.0
53 28267.0
54 29032.0
55 29032.0
56 28666.0
57 28765.0
58 28997.0
59 28997.0
60 28298.0
61 28316.0
62 28316.0
63 28316.0
64 28016.0
65 28194.0
66 28722.0
67 28233.0
68 29327.0
69 28273.0
70 29428.0
71 29428.0
72 29428.0
73 29428.0
74 29428.0
75 29186.0
76 29811.0
77 29857.0
78 29857.0
79 29648.0
80 29648.0
81 29167.0
82 29553.0
83 29686.0
84 30655.0
85 30128.0
86 30128.0
87 30347.0
88 29356.0
89 30251.0
90 30835.0
91 31056.0
92 31056.0
93 31056.0
94 31056.0
95 31056.0
96 31401.0
97 31401.0
98 31401.0
99 31428.0
100 31564.0
101 31564.0
102 31564.0
103 31550.0
104 32080.0
105 32080.0
106 32080.0
107 32080.0
108 31644.0
109 31644.0
110 31644.0
111 32485.0
112 32262.0
113 32262.0
114 32262.0
115 32589.0
116 33741.0
117 33741.0
118 33741.0
119 34125.0
120 34125.0
121 33543.0
122 33543.0
123 33657.0
124 33750.0
125 33750.0
126 33750.0
127 32960.0
128 32509.0
129 32399.0
130 34277.0
131 34277.0
132 34277.0
133 34277.0
134 34277.0
135 34534.0
136 34534.0
137 34984.0
138 34984.0
139 34445.0
140 33844.0
141 34095.0
142 34021.0
143 35633.0
144 35633.0
145 35633.0
146 35633.0
147 35633.0
148 35633.0
149 34633.0
150 34633.0
151 35440.0
152 34281.0
153 33620.0
154 33620.0
155 33929.0
156 33620.0
157 33620.0
158 33776.0
159 33776.0
160 33776.0
161 33620.0
162 33620.0
163 34184.0
164 34184.0
165 34184.0
166 34184.0
167 34184.0
168 33272.0
169 33272.0
170 34780.0
171 33713.0
172 34331.0
173 33843.0
174 33967.0
175 34804.0
176 36088.0
177 34804.0
178 34804.0
179 34804.0
180 34804.0
181 34804.0
182 34509.0
183 34509.0
184 33790.0
185 33745.0
186 34709.0
187 33661.0
188 34431.0
189 34431.0
190 34431.0
191 34431.0
192 34431.0
193 34431.0
194 34526.0
195 34944.0
196 34044.0
197 33950.0
198 34160.0
199 34160.0
200 34645.0
201 34645.0
202 34632.0
203 37079.0
204 37079.0
205 37079.0
206 37079.0
207 37079.0
208 36113.0
209 36113.0
210 35893.0
211 35529.0
212 36377.0
213 36903.0
214 36903.0
215 36903.0
216 36903.0
217 36903.0
218 36903.0
219 36903.0
220 36903.0
221 36047.0
222 37502.0
223 37502.0
224 37502.0
225 37502.0
226 38078.0
227 38078.0
228 38078.0
229 37154.0
230 37034.0
231 36961.0
232 36865.0
233 36865.0
234 36865.0
235 37079.0
236 37647.0
237 37647.0
238 38451.0
239 38451.0
240 38451.0
241 38533.0
242 38610.0
243 38610.0
244 38451.0
245 39230.0
246 39925.0
247 39230.0
248 39230.0
249 39230.0
250 39230.0
251 39230.0
252 39320.0
253 39320.0
254 38676.0
255 38676.0
256 38703.0
257 38844.0
258 38844.0
259 40038.0
260 40038.0
261 40038.0
262 39826.0
263 39520.0
264 40321.0
265 40321.0
266 40321.0
267 40321.0
268 40321.0
269 40321.0
270 39360.0
271 39213.0
272 39251.0
273 39251.0
274 39943.0
275 40380.0
276 39943.0
277 39996.0
278 39996.0
279 39610.0
280 39315.0
281 39315.0
282 39315.0
283 40049.0
284 40051.0
285 40866.0
286 40866.0
287 40866.0
288 40866.0
289 39695.0
290 39695.0
291 39480.0
292 40441.0
293 39537.0
294 40114.0
295 40369.0
296 40369.0
297 41080.0
298 41093.0
299 41093.0
300 41093.0
301 41093.0
302 41535.0
303 41535.0
304 41269.0
305 41269.0
306 41263.0
307 41619.0
308 41878.0
309 41939.0
310 41878.0
311 41878.0
312 41721.0
313 42215.0
314 42215.0
315 42426.0
316 42426.0
317 42813.0
318 42697.0
319 42697.0
320 42772.0
321 42697.0
322 42697.0
323 42697.0
324 42177.0
325 41925.0
326 41925.0
327 42189.0
328 42189.0
329 41884.0
330 42737.0
331 42737.0
332 43621.0
333 43621.0
334 43621.0
335 43621.0
336 43621.0
337 43706.0
338 42871.0
339 43112.0
340 43112.0
341 42871.0
342 42871.0
343 43524.0
344 43524.0
345 43524.0
346 44653.0
347 43524.0
348 43735.0
349 44008.0
350 44008.0
351 44716.0
352 44043.0
353 44299.0
354 44299.0
355 44012.0
356 44560.0
357 44560.0
358 44126.0
359 44126.0
360 43916.0
361 43916.0
362 43617.0
363 43617.0
364 43617.0
365 43868.0
366 43868.0
367 44258.0
368 44258.0
369 43868.0
370 43868.0
371 43868.0
372 43868.0
373 43868.0
374 43868.0
375 44228.0
376 43830.0
377 44403.0
378 44403.0
379 43693.0
380 43609.0
381 43713.0
382 44483.0
383 44483.0
384 44199.0
385 44199.0
386 43245.0
387 45263.0
388 45263.0
389 45263.0
390 45263.0
391 45263.0
392 45263.0
393 45263.0
394 45263.0
395 45263.0
396 45263.0
397 45016.0
398 45016.0
399 44986.0
400 45317.0
401 44986.0
402 44399.0
403 44565.0
404 45327.0
405 44586.0
406 45931.0
407 45132.0
408 44696.0
409 44828.0
410 45521.0
411 45728.0
412 45002.0
413 45002.0
414 45435.0
415 45435.0
416 46531.0
417 46531.0
418 46531.0
419 45504.0
420 45862.0
421 45862.0
422 45504.0
423 45502.0
424 45830.0
425 45121.0
426 45121.0
427 45441.0
428 45441.0
429 45441.0
430 45957.0
431 45441.0
432 46105.0
433 45441.0
434 45441.0
435 45528.0
436 45903.0
437 45903.0
438 45528.0
439 45528.0
440 45528.0
441 45632.0
442 46365.0
443 46365.0
444 46365.0
445 46245.0
446 46122.0
447 46369.0
448 46369.0
449 46122.0
450 46122.0
451 45815.0
452 45986.0
453 45986.0
454 46263.0
455 46455.0
456 46263.0
457 46263.0
458 46575.0
459 46575.0
460 46575.0
461 46575.0
462 46575.0
463 46575.0
464 46575.0
465 46575.0
466 46621.0
467 46621.0
468 46839.0
469 46839.0
470 46839.0
471 46839.0
472 46839.0
473 46569.0
474 46641.0
475 46641.0
476 47809.0
477 47809.0
478 47809.0
479 47809.0
480 47809.0
481 47944.0
482 47809.0
483 47809.0
484 47809.0
485 47809.0
486 47975.0
487 48095.0
488 48856.0
489 48405.0
490 48405.0
491 48405.0
492 48551.0
493 48926.0
494 48926.0
495 48926.0
496 48926.0
497 48393.0
498 48449.0
499 48449.0
500 48449.0
501 48449.0
502 48449.0
503 48449.0
504 48263.0
505 48263.0
506 48263.0
507 48263.0
508 48725.0
509 48725.0
510 47917.0
511 47917.0
512 47917.0
513 48164.0
514 48164.0
515 47811.0
516 47962.0
517 47938.0
518 47938.0
519 47938.0
520 47938.0
521 48002.0
522 47938.0
523 47938.0
524 47881.0
525 47881.0
526 48191.0
527 48925.0
528 48925.0
529 48925.0
530 48925.0
531 49043.0
532 48337.0
533 48161.0
534 48723.0
535 48723.0
536 48723.0
537 48702.0
538 48787.0
539 48293.0
540 49204.0
541 48293.0
542 48134.0
543 48016.0
544 48647.0
545 48647.0
546 48703.0
547 48470.0
548 48819.0
549 48819.0
550 49234.0
551 49234.0
552 48678.0
553 48704.0
554 48704.0
555 48059.0
556 49065.0
557 48702.0
558 49444.0
559 49444.0
560 49444.0
561 49444.0
562 48067.0
563 48067.0
564 48067.0
565 48067.0
566 48067.0
567 48418.0
568 48418.0
569 49607.0
570 49607.0
571 49607.0
572 48785.0
573 48785.0
574 49369.0
575 50101.0
576 49894.0
577 49369.0
578 49369.0
579 48561.0
580 48561.0
581 48634.0
582 48634.0
583 48449.0
584 48167.0
585 48953.0
586 49631.0
587 49631.0
588 49631.0
589 48258.0
590 48694.0
591 49091.0
592 49233.0
593 49091.0
594 49114.0
595 49114.0
596 49114.0
597 48841.0
598 50658.0
599 50658.0
600 50658.0
601 49144.0
602 49144.0
603 50190.0
604 50202.0
605 49700.0
606 49750.0
607 49750.0
608 49696.0
609 49696.0
610 49696.0
611 49696.0
612 49635.0
613 50079.0
614 49635.0
615 50889.0
616 50889.0
617 50288.0
618 50288.0
619 50288.0
620 50512.0
621 50512.0
622 50512.0
623 50025.0
624 50025.0
625 49869.0
626 49869.0
627 49928.0
628 49928.0
629 50295.0
630 52007.0
631 52007.0
632 52007.0
633 52132.0
634 52166.0
635 52166.0
636 52166.0
637 52132.0
638 52132.0
639 52132.0
640 51868.0
641 51749.0
642 51749.0
643 51669.0
644 51884.0
645 52484.0
646 51669.0
647 50891.0
648 51066.0
649 51066.0
650 51279.0
651 51177.0
652 50916.0
653 50916.0
654 50916.0
655 50642.0
656 51144.0
657 51190.0
658 51190.0
659 51190.0
660 51190.0
661 50961.0
662 51170.0
663 50615.0
664 50562.0
665 50562.0
666 50562.0
667 50562.0
668 50562.0
669 50562.0
670 50562.0
671 50562.0
672 50562.0
673 50562.0
674 50423.0
675 50423.0
676 51585.0
677 51585.0
678 51585.0
679 51585.0
680 51585.0
681 51585.0
682 51585.0
683 51459.0
684 51459.0
685 51459.0
686 52055.0
687 51881.0
688 51881.0
689 51881.0
690 51881.0
691 52123.0
692 52123.0
693 52306.0
694 52306.0
695 52306.0
696 52306.0
697 52306.0
698 52172.0
699 52673.0
700 52237.0
701 53542.0
702 52799.0
703 52799.0
704 52799.0
705 52799.0
706 52708.0
707 52708.0
708 52708.0
709 52979.0
710 52979.0
711 52979.0
712 53044.0
713 53044.0
714 53600.0
715 53600.0
716 53383.0
717 53852.0
718 53891.0
719 54478.0
720 53233.0
721 53667.0
722 53233.0
723 53156.0
724 53169.0
725 53225.0
726 53225.0
727 54633.0
728 54633.0
729 54633.0
730 54633.0
731 53604.0
732 54432.0
733 55534.0
734 55534.0
735 55534.0
736 55534.0
737 55534.0
738 54919.0
739 54148.0
740 54328.0
741 54328.0
742 54760.0
743 54760.0
744 54760.0
745 55060.0
746 55060.0
747 55060.0
748 55060.0
749 54760.0
750 54485.0
751 55942.0
752 55942.0
753 55942.0
754 55942.0
755 55942.0
756 55942.0
757 56446.0
758 56446.0
759 56446.0
760 56322.0
761 56322.0
762 56002.0
763 56002.0
764 55755.0
765 55755.0
766 55755.0
767 55755.0
768 55733.0
769 56949.0
770 56044.0
771 56153.0
772 56518.0
773 56518.0
774 55949.0
775 55818.0
776 55818.0
777 55820.0
778 55572.0
779 56501.0
780 56501.0
781 56501.0
782 56501.0
783 56501.0
784 56840.0
785 56840.0
786 57174.0
787 57174.0
788 57508.0
789 57174.0
790 57174.0
791 57784.0
792 57784.0
793 57834.0
794 57834.0
795 57237.0
796 57237.0
797 57030.0
798 57803.0
799 57803.0
800 57803.0
801 57803.0
802 57803.0
803 57803.0
804 57803.0
805 57803.0
806 57803.0
807 57803.0
808 58913.0
809 57551.0
810 58367.0
811 58367.0
812 57719.0
813 57719.0
814 57342.0
815 57342.0
816 58059.0
817 58321.0
818 56727.0
819 56937.0
820 57405.0
821 57405.0
822 57405.0
823 57366.0
824 58932.0
825 58932.0
826 57514.0
827 58038.0
828 58038.0
829 58038.0
830 57273.0
831 57273.0
832 57666.0
833 57666.0
834 58474.0
835 57589.0
836 57589.0
837 57322.0
838 57322.0
839 58007.0
840 58007.0
841 57448.0
842 57448.0
843 57368.0
844 57507.0
845 58533.0
846 58910.0
847 58910.0
848 57781.0
849 57879.0
850 57879.0
851 58808.0
852 58808.0
853 59492.0
854 58992.0
855 59217.0
856 58899.0
857 61189.0
858 61189.0
859 61189.0
860 58968.0
861 60056.0
862 59720.0
863 59720.0
864 59720.0
865 61605.0
866 61605.0
867 59886.0
868 60406.0
869 60000.0
870 60469.0
871 60469.0
872 60469.0
873 60469.0
874 60469.0
875 60049.0
876 60687.0
877 60687.0
878 60687.0
879 60638.0
880 60638.0
881 60990.0
882 60990.0
883 61091.0
884 60638.0
885 61106.0
886 60721.0
887 60855.0
888 61045.0
889 61206.0
890 61512.0
891 61512.0
892 61512.0
893 61512.0
894 61512.0
895 61512.0
896 61158.0
897 61539.0
898 61539.0
899 61595.0
900 61628.0
901 61998.0
902 61884.0
903 61628.0
904 62667.0
905 62667.0
906 62667.0
907 62667.0
908 61716.0
909 61898.0
910 61898.0
911 62372.0
912 62372.0
913 62702.0
914 62702.0
915 61831.0
916 62262.0
917 62262.0
918 62262.0
919 62262.0
920 62262.0
921 62779.0
922 62779.0
923 62262.0
924 62346.0
925 62097.0
926 62097.0
927 62097.0
928 62097.0
929 63324.0
930 63283.0
931 63283.0
932 63283.0
933 63283.0
934 63283.0
935 63283.0
936 63283.0
937 62733.0
938 62240.0
939 62555.0
940 63406.0
941 63190.0
942 63190.0
943 62555.0
944 62555.0
945 62555.0
946 62905.0
947 62905.0
948 62866.0
949 62866.0
950 62866.0
951 62866.0
952 63111.0
953 63111.0
954 63111.0
955 63111.0
956 63065.0
957 63028.0
958 63028.0
959 63028.0
960 63028.0
961 63028.0
962 63559.0
963 63559.0
964 63978.0
965 63559.0
966 63559.0
967 63559.0
968 63559.0
969 64128.0
970 64128.0
971 64128.0
972 64128.0
973 64128.0
974 64128.0
975 64316.0
976 64128.0
977 64128.0
978 64128.0
979 64128.0
980 64128.0
981 64128.0
982 64128.0
983 64209.0
984 64209.0
985 64676.0
986 64676.0
987 64676.0
988 64676.0
989 64676.0
990 64994.0
991 65117.0
992 65497.0
993 65497.0
994 65497.0
995 65416.0
996 65117.0
997 65117.0
998 65117.0
999 65094.0
1000 65094.0
