0 6477.0
1 6529.0
2 7159.0
3 7719.0
4 8232.0
5 9270.0
6 9566.0
7 9648.0
8 10263.0
9 11419.0
10 11419.0
11 12088.0
12 12555.0
13 12425.0
14 12772.0
15 13987.0
16 13985.0
17 14030.0
18 14820.0
19 14820.0
20 15359.0
21 15362.0
22 16338.0
23 16523.0
24 16970.0
25 18023.0
26 18023.0
27 19279.0
28 18619.0
29 18619.0
30 18798.0
31 18741.0
32 19569.0
33 19506.0
34 19927.0
35 20699.0
36 20429.0
37 20919.0
38 21386.0
39 22318.0
40 22318.0
41 22399.0
42 23317.0
43 23317.0
44 23317.0
45 22744.0
46 22712.0
47 23507.0
48 24264.0
49 24264.0
50 24958.0
51 24264.0
52 24059.0
53 24814.0
54 24847.0
55 24847.0
56 24990.0
57 24665.0
58 25921.0
59 25921.0
60 25921.0
61 26498.0
62 26498.0
63 26498.0
64 25442.0
65 26152.0
66 26240.0
67 26412.0
68 26655.0
69 27184.0
70 27184.0
71 26655.0
72 26728.0
73 26728.0
74 27530.0
75 27603.0
76 27166.0
77 27744.0
78 27744.0
79 27744.0
80 28386.0
81 28386.0
82 27704.0
83 27704.0
84 27704.0
85 28269.0
86 28777.0
87 28777.0
88 28777.0
89 28777.0
90 28777.0
91 28452.0
92 28599.0
93 28681.0
94 28699.0
95 28912.0
96 28912.0
97 28912.0
98 28912.0
99 29141.0
100 29141.0
101 29141.0
102 29558.0
103 29558.0
104 30116.0
105 30116.0
106 30116.0
107 30224.0
108 30224.0
109 30224.0
110 30224.0
111 30250.0
112 30250.0
113 30369.0
114 31059.0
115 30532.0
116 30532.0
117 30532.0
118 30055.0
119 30055.0
120 30204.0
121 30055.0
122 30055.0
123 29904.0
124 30321.0
125 30321.0
126 30387.0
127 30321.0
128 30321.0
129 30418.0
130 30965.0
131 30965.0
132 30965.0
133 30965.0
134 30965.0
135 30965.0
136 30965.0
137 30958.0
138 30958.0
139 31125.0
140 30870.0
141 30870.0
142 30916.0
143 31346.0
144 31346.0
145 31359.0
146 31637.0
147 32360.0
148 31769.0
149 32281.0
150 32281.0
151 32440.0
152 32440.0
153 32440.0
154 32440.0
155 32281.0
156 32018.0
157 32018.0
158 32018.0
159 32018.0
160 32018.0
161 32018.0
162 32018.0
163 32018.0
164 32903.0
165 32903.0
166 32903.0
167 32514.0
168 32360.0
169 32276.0
170 32858.0
171 32858.0
172 32858.0
173 32892.0
174 32892.0
175 32892.0
176 33181.0
177 33181.0
178 33181.0
179 33181.0
180 33181.0
181 33181.0
182 33181.0
183 32436.0
184 32436.0
185 32735.0
186 32995.0
187 32995.0
188 32995.0
189 32735.0
190 33715.0
191 32735.0
192 32626.0
193 32626.0
194 32626.0
195 33671.0
196 33671.0
197 33671.0
198 33671.0
199 33711.0
200 33671.0
201 32974.0
202 33024.0
203 33309.0
204 33384.0
205 33384.0
206 33309.0
207 33309.0
208 33309.0
209 33175.0
210 33175.0
211 34123.0
212 34123.0
213 33426.0
214 33462.0
215 33462.0
216 34193.0
217 34193.0
218 34193.0
219 34193.0
220 33833.0
221 33833.0
222 33833.0
223 33833.0
224 34549.0
225 34549.0
226 34001.0
227 33906.0
228 33906.0
229 33538.0
230 34700.0
231 34700.0
232 34700.0
233 35058.0
234 35058.0
235 35058.0
236 35058.0
237 35058.0
238 35058.0
239 34705.0
240 34705.0
241 34165.0
242 34214.0
243 34214.0
244 34214.0
245 34964.0
246 34494.0
247 34494.0
248 34622.0
249 36439.0
250 36439.0
251 36439.0
252 34626.0
253 34621.0
254 34679.0
255 34679.0
256 34712.0
257 34679.0
258 34679.0
259 34679.0
260 34332.0
261 34604.0
262 34614.0
263 34604.0
264 34643.0
265 34669.0
266 34669.0
267 34669.0
268 34894.0
269 34894.0
270 34750.0
271 34750.0
272 34459.0
273 34562.0
274 35101.0
275 34356.0
276 34708.0
277 34312.0
278 34424.0
279 34424.0
280 34424.0
281 34883.0
282 34883.0
283 34883.0
284 34883.0
285 34883.0
286 34883.0
287 34883.0
288 35343.0
289 35343.0
290 34574.0
291 34851.0
292 34851.0
293 34681.0
294 34365.0
295 34365.0
296 33939.0
297 34195.0
298 34158.0
299 34209.0
300 34209.0
301 34209.0
302 34688.0
303 34455.0
304 34458.0
305 34924.0
306 34924.0
307 34924.0
308 34987.0
309 34987.0
310 34987.0
311 34987.0
312 34839.0
313 34839.0
314 34839.0
315 34801.0
316 34508.0
317 34508.0
318 34923.0
319 34923.0
320 35410.0
321 35410.0
322 35410.0
323 35410.0
324 35410.0
325 35410.0
326 35410.0
327 34870.0
328 34870.0
329 34870.0
330 34870.0
331 34870.0
332 34870.0
333 34870.0
334 34870.0
335 34870.0
336 34771.0
337 34701.0
338 35561.0
339 35561.0
340 34515.0
341 35188.0
342 35188.0
343 35289.0
344 35289.0
345 35289.0
346 35289.0
347 35289.0
348 34582.0
349 34582.0
350 35225.0
351 35225.0
352 35225.0
353 35225.0
354 35225.0
355 35138.0
356 35138.0
357 35138.0
358 35138.0
359 35018.0
360 35233.0
361 35233.0
362 34797.0
363 34757.0
364 35704.0
365 35704.0
366 35704.0
367 34684.0
368 34749.0
369 35418.0
370 35542.0
371 35418.0
372 35253.0
373 35095.0
374 35095.0
375 35095.0
376 35166.0
377 35680.0
378 35680.0
379 35680.0
380 35680.0
381 35659.0
382 35350.0
383 35350.0
384 35579.0
385 35579.0
386 35476.0
387 35476.0
388 35381.0
389 35626.0
390 35626.0
391 35381.0
392 35381.0
393 34980.0
394 34980.0
395 35853.0
396 35200.0
397 35797.0
398 35340.0
399 36043.0
400 36613.0
401 36613.0
402 35786.0
403 35786.0
404 35383.0
405 36031.0
406 35101.0
407 35230.0
408 36057.0
409 35891.0
410 35891.0
411 35891.0
412 35536.0
413 35536.0
414 35536.0
415 35536.0
416 35344.0
417 35782.0
418 35782.0
419 35782.0
420 35782.0
421 35500.0
422 35500.0
423 36268.0
424 34945.0
425 34945.0
426 34945.0
427 34945.0
428 35256.0
429 35158.0
430 35158.0
431 34792.0
432 34622.0
433 34731.0
434 34845.0
435 34875.0
436 35651.0
437 36335.0
438 36335.0
439 36335.0
440 36335.0
441 35741.0
442 36006.0
443 35538.0
444 35538.0
445 35538.0
446 35538.0
447 35341.0
448 35659.0
449 35659.0
450 35659.0
451 34954.0
452 35652.0
453 35446.0
454 35195.0
455 35195.0
456 36015.0
457 35195.0
458 35195.0
459 35147.0
460 35147.0
461 35147.0
462 35147.0
463 35147.0
464 35147.0
465 35184.0
466 35092.0
467 35429.0
468 35429.0
469 35622.0
470 35023.0
471 35223.0
472 35363.0
473 35831.0
474 35831.0
475 35831.0
476 35831.0
477 35809.0
478 35809.0
479 35783.0
480 36058.0
481 36304.0
482 36160.0
483 36160.0
484 35660.0
485 35941.0
486 36319.0
487 36055.0
488 36300.0
489 36300.0
490 36051.0
491 36051.0
492 36051.0
493 36051.0
494 36051.0
495 36100.0
496 36100.0
497 36051.0
498 35775.0
499 36937.0
500 36247.0
501 36405.0
502 36405.0
503 36635.0
504 36967.0
505 36278.0
506 36155.0
507 36590.0
508 36573.0
509 36892.0
510 36892.0
511 37659.0
512 36479.0
513 36975.0
514 36698.0
515 37339.0
516 37339.0
517 37339.0
518 37339.0
519 37339.0
520 37894.0
521 37894.0
522 37894.0
523 37894.0
524 37894.0
525 37894.0
526 37894.0
527 37448.0
528 37448.0
529 36919.0
530 36919.0
531 36919.0
532 36919.0
533 36919.0
534 36911.0
535 36568.0
536 36568.0
537 36776.0
538 36776.0
539 36305.0
540 36624.0
541 36305.0
542 36254.0
543 37038.0
544 37038.0
545 37038.0
546 36256.0
547 36256.0
548 36094.0
549 36038.0
550 36038.0
551 36080.0
552 36646.0
553 36038.0
554 36242.0
555 36242.0
556 36171.0
557 35820.0
558 37445.0
559 37445.0
560 37765.0
561 37765.0
562 36389.0
563 36389.0
564 36389.0
565 36389.0
566 36970.0
567 37599.0
568 36389.0
569 36626.0
570 36780.0
571 36780.0
572 36793.0
573 36793.0
574 36793.0
575 36780.0
576 36780.0
577 36780.0
578 36780.0
579 36459.0
580 37063.0
581 36474.0
582 36379.0
583 36379.0
584 36823.0
585 36823.0
586 36823.0
587 37321.0
588 37321.0
589 37321.0
590 37397.0
591 37321.0
592 37321.0
593 37305.0
594 37305.0
595 36583.0
596 36583.0
597 36832.0
598 36867.0
599 37225.0
600 37225.0
601 37225.0
602 37225.0
603 37225.0
604 37225.0
605 37369.0
606 37369.0
607 37369.0
608 37225.0
609 37225.0
610 37225.0
611 37349.0
612 37349.0
613 37349.0
614 37169.0
615 37788.0
616 37788.0
617 37788.0
618 37788.0
619 37788.0
620 37788.0
621 37788.0
622 36784.0
623 36981.0
624 37502.0
625 36974.0
626 37535.0
627 36795.0
628 37933.0
629 36738.0
630 36730.0
631 36730.0
632 36810.0
633 36423.0
634 37330.0
635 37330.0
636 37178.0
637 37178.0
638 37386.0
639 37386.0
640 37386.0
641 37310.0
642 37310.0
643 37023.0
644 36918.0
645 38330.0
646 38330.0
647 38330.0
648 38330.0
649 38330.0
650 38330.0
651 38330.0
652 38330.0
653 38071.0
654 36978.0
655 37148.0
656 37352.0
657 37352.0
658 37352.0
659 37144.0
660 37144.0
661 37204.0
662 37204.0
663 37204.0
664 36791.0
665 38064.0
666 38064.0
667 38064.0
668 37667.0
669 37119.0
670 37119.0
671 37396.0
672 37396.0
673 37396.0
674 37396.0
675 37291.0
676 37291.0
677 37507.0
678 37801.0
679 37243.0
680 37243.0
681 37207.0
682 37344.0
683 37884.0
684 37884.0
685 37884.0
686 37884.0
687 37165.0
688 37631.0
689 37631.0
690 37631.0
691 37615.0
692 37517.0
693 37274.0
694 37274.0
695 37628.0
696 37274.0
697 37689.0
698 37689.0
699 38195.0
700 38195.0
701 38195.0
702 38195.0
703 37489.0
704 37489.0
705 37326.0
706 37303.0
707 37303.0
708 38054.0
709 37380.0
710 37380.0
711 37380.0
712 37380.0
713 37380.0
714 37635.0
715 37380.0
716 37799.0
717 37799.0
718 37799.0
719 37914.0
720 37948.0
721 37948.0
722 37948.0
723 37441.0
724 37250.0
725 37521.0
726 37521.0
727 37521.0
728 37521.0
729 37521.0
730 37521.0
731 37500.0
732 37509.0
733 37509.0
734 37509.0
735 37509.0
736 37164.0
737 36958.0
738 37278.0
739 37278.0
740 36958.0
741 36958.0
742 36958.0
743 36958.0
744 36958.0
745 37282.0
746 37282.0
747 37873.0
748 37282.0
749 36975.0
750 36975.0
751 36975.0
752 36975.0
753 38276.0
754 37066.0
755 36911.0
756 37116.0
757 37188.0
758 37188.0
759 37293.0
760 37293.0
761 37188.0
762 37034.0
763 37034.0
764 37495.0
765 38304.0
766 37317.0
767 37317.0
768 37855.0
769 37858.0
770 37858.0
771 36836.0
772 36828.0
773 37244.0
774 37195.0
775 37195.0
776 37405.0
777 37195.0
778 36929.0
779 36929.0
780 36929.0
781 36929.0
782 36929.0
783 37834.0
784 36813.0
785 36813.0
786 37274.0
787 37274.0
788 37274.0
789 37255.0
790 36937.0
791 36937.0
792 36907.0
793 37730.0
794 36918.0
795 37470.0
796 38263.0
797 38263.0
798 38263.0
799 37392.0
800 37817.0
801 37817.0
802 37817.0
803 37817.0
804 37725.0
805 37661.0
806 38514.0
807 38514.0
808 38514.0
809 38514.0
810 38514.0
811 38630.0
812 37586.0
813 38129.0
814 38129.0
815 38129.0
816 38129.0
817 38129.0
818 38129.0
819 37488.0
820 38111.0
821 38027.0
822 38027.0
823 38027.0
824 38027.0
825 38027.0
826 38027.0
827 38619.0
828 38619.0
829 38619.0
830 38619.0
831 38231.0
832 38831.0
833 38463.0
834 38463.0
835 38568.0
836 38568.0
837 38447.0
838 38447.0
839 38447.0
840 38363.0
841 38363.0
842 38363.0
843 38103.0
844 37934.0
845 38655.0
846 38655.0
847 38655.0
848 38655.0
849 38655.0
850 37965.0
851 37965.0
852 37965.0
853 38156.0
854 38076.0
855 37944.0
856 38163.0
857 38355.0
858 38355.0
859 38259.0
860 38449.0
861 37881.0
862 38181.0
863 38954.0
864 38954.0
865 38717.0
866 38717.0
867 38717.0
868 38717.0
869 38717.0
870 38717.0
871 38181.0
872 38181.0
873 38181.0
874 38282.0
875 38282.0
876 38439.0
877 38282.0
878 38282.0
879 38032.0
880 37848.0
881 37848.0
882 37848.0
883 37848.0
884 37848.0
885 37820.0
886 37580.0
887 37580.0
888 37537.0
889 38154.0
890 37800.0
891 37687.0
892 37802.0
893 37987.0
894 37694.0
895 38023.0
896 38116.0
897 38187.0
898 38244.0
899 38244.0
900 38244.0
901 38136.0
902 38814.0
903 38814.0
904 38454.0
905 38454.0
906 38409.0
907 38697.0
908 38929.0
909 38697.0
910 39536.0
911 38697.0
912 39264.0
913 39947.0
914 39947.0
915 39947.0
916 39671.0
917 39671.0
918 38959.0
919 38959.0
920 38959.0
921 38959.0
922 39294.0
923 39294.0
924 39294.0
925 39294.0
926 39294.0
927 38959.0
928 39326.0
929 38847.0
930 39394.0
931 39457.0
932 39457.0
933 39457.0
934 39457.0
935 39508.0
936 39457.0
937 39642.0
938 39292.0
939 39195.0
940 38910.0
941 39736.0
942 39672.0
943 39672.0
944 39672.0
945 39522.0
946 39750.0
947 39750.0
948 39750.0
949 40111.0
950 39750.0
951 39665.0
952 39381.0
953 39607.0
954 39607.0
955 39662.0
956 39771.0
957 40084.0
958 40084.0
959 40790.0
960 40084.0
961 40084.0
962 40084.0
963 39814.0
964 40322.0
965 39781.0
966 39825.0
967 39825.0
968 39629.0
969 39806.0
970 40666.0
971 40666.0
972 40666.0
973 40666.0
974 40666.0
975 39645.0
976 39984.0
977 40216.0
978 40226.0
979 40226.0
980 40226.0
981 40226.0
982 40226.0
983 40413.0
984 40413.0
985 40329.0
986 40329.0
987 40329.0
988 40336.0
989 40336.0
990 40336.0
991 40036.0
992 40036.0
993 40409.0
994 40409.0
995 39924.0
996 40915.0
997 40915.0
998 40915.0
999 40915.0
1000 40915.0
