0 6231.0
1 6954.0
2 6917.0
3 7626.0
4 8056.0
5 8289.0
6 8740.0
7 8740.0
8 9720.0
9 9773.0
10 10450.0
11 11166.0
12 11166.0
13 11358.0
14 12208.0
15 12526.0
16 12526.0
17 13405.0
18 13201.0
19 13559.0
20 13559.0
21 13994.0
22 15045.0
23 15275.0
24 15671.0
25 15362.0
26 15362.0
27 15736.0
28 16635.0
29 15736.0
30 16158.0
31 16203.0
32 16713.0
33 16713.0
34 16846.0
35 17593.0
36 17593.0
37 18435.0
38 18435.0
39 18435.0
40 18276.0
41 18918.0
42 18070.0
43 18070.0
44 18348.0
45 18352.0
46 18850.0
47 19177.0
48 19349.0
49 19349.0
50 19859.0
51 19349.0
52 19349.0
53 19605.0
54 19605.0
55 19711.0
56 19832.0
57 20502.0
58 20949.0
59 20949.0
60 20935.0
61 20813.0
62 20816.0
63 21232.0
64 21294.0
65 21706.0
66 21706.0
67 21096.0
68 21318.0
69 21318.0
70 21322.0
71 21318.0
72 21089.0
73 20735.0
74 21662.0
75 22788.0
76 22788.0
77 22788.0
78 22788.0
79 22788.0
80 22031.0
81 22031.0
82 22031.0
83 22491.0
84 22491.0
85 22491.0
86 22460.0
87 22693.0
88 23851.0
89 23851.0
90 22662.0
91 22662.0
92 22662.0
93 22320.0
94 22723.0
95 23041.0
96 22957.0
97 22957.0
98 22956.0
99 23441.0
100 23441.0
