0 12603.0
1 12973.0
2 14790.0
3 15218.0
4 15826.0
5 17794.0
6 18830.0
7 18830.0
8 18830.0
9 20580.0
10 20945.0
11 21417.0
12 21342.0
13 22262.0
14 23346.0
15 25884.0
16 25884.0
17 26346.0
18 26346.0
19 26346.0
20 27801.0
21 27278.0
22 29351.0
23 29351.0
24 29681.0
25 30830.0
26 31919.0
27 31919.0
28 31919.0
29 31919.0
30 30896.0
31 33381.0
32 33381.0
33 33381.0
34 33783.0
35 33783.0
36 33783.0
37 35296.0
38 35296.0
39 35296.0
40 35492.0
41 35492.0
42 35593.0
43 36046.0
44 36959.0
45 36959.0
46 36114.0
47 36533.0
48 37034.0
49 37034.0
50 39043.0
51 36712.0
52 37341.0
53 37905.0
54 38248.0
55 37839.0
56 38291.0
57 40187.0
58 40187.0
59 38725.0
60 39280.0
61 39280.0
62 39758.0
63 39280.0
64 40021.0
65 40021.0
66 40021.0
67 40575.0
68 40849.0
69 40849.0
70 40548.0
71 40548.0
72 42463.0
73 42463.0
74 40494.0
75 40494.0
76 40093.0
77 41578.0
78 42347.0
79 42469.0
80 41342.0
81 42457.0
82 42542.0
83 43671.0
84 43671.0
85 43507.0
86 42741.0
87 43039.0
88 43280.0
89 43276.0
90 43276.0
91 46749.0
92 43276.0
93 44588.0
94 44588.0
95 44847.0
96 45796.0
97 45796.0
98 45796.0
99 45796.0
100 46320.0
101 46320.0
102 45796.0
103 45796.0
104 45796.0
105 45796.0
106 45445.0
107 45926.0
108 46993.0
109 46993.0
110 46822.0
111 46822.0
112 47032.0
113 46165.0
114 47548.0
115 47548.0
116 46540.0
117 46783.0
118 46783.0
119 47494.0
120 48029.0
121 48029.0
122 48300.0
123 48359.0
124 48916.0
125 48916.0
126 49793.0
127 48916.0
128 50049.0
129 50049.0
130 50049.0
131 50049.0
132 50966.0
133 50748.0
134 51097.0
135 51097.0
136 52356.0
137 52356.0
138 50061.0
139 50125.0
140 50049.0
141 50434.0
142 50895.0
143 51941.0
144 50365.0
145 51208.0
146 51208.0
147 51208.0
148 53185.0
149 53185.0
150 52034.0
151 52305.0
152 52305.0
153 54903.0
154 54903.0
155 54903.0
156 54903.0
157 54903.0
158 51817.0
159 53284.0
160 54355.0
161 54355.0
162 54355.0
163 52966.0
164 52966.0
165 54090.0
166 54090.0
167 52966.0
168 52966.0
169 52966.0
170 52620.0
171 53120.0
172 55118.0
173 55118.0
174 55118.0
175 55118.0
176 55118.0
177 55118.0
178 55118.0
179 55118.0
180 55118.0
181 55118.0
182 55118.0
183 53818.0
184 54465.0
185 54294.0
186 54228.0
187 54362.0
188 54267.0
189 55468.0
190 56575.0
191 55468.0
192 53612.0
193 56176.0
194 56176.0
195 56176.0
196 58465.0
197 58465.0
198 58465.0
199 56790.0
200 56439.0
201 56459.0
202 56604.0
203 56743.0
204 56743.0
205 57254.0
206 56459.0
207 56459.0
208 56459.0
209 57193.0
210 56780.0
211 57303.0
212 57303.0
213 57303.0
214 57558.0
215 57558.0
216 57890.0
217 57890.0
218 57574.0
219 57640.0
220 59187.0
221 61415.0
222 59206.0
223 59206.0
224 61262.0
225 61262.0
226 59187.0
227 58147.0
228 59681.0
229 59681.0
230 59681.0
231 59681.0
232 59681.0
233 59681.0
234 58767.0
235 58980.0
236 60633.0
237 60633.0
238 59845.0
239 59845.0
240 59845.0
241 59845.0
242 59545.0
243 59545.0
244 59545.0
245 59112.0
246 60871.0
247 59383.0
248 59383.0
249 58419.0
250 58770.0
251 58259.0
252 58536.0
253 58547.0
254 58547.0
255 58547.0
256 58590.0
257 61797.0
258 58916.0
259 60300.0
260 58956.0
261 60516.0
262 60516.0
263 60516.0
264 60516.0
265 59685.0
266 59685.0
267 59685.0
268 59685.0
269 59685.0
270 59685.0
271 60616.0
272 60616.0
273 61424.0
274 60616.0
275 60203.0
276 61957.0
277 61957.0
278 61957.0
279 61957.0
280 61939.0
281 61939.0
282 61993.0
283 61993.0
284 61993.0
285 61993.0
286 61993.0
287 62662.0
288 62662.0
289 63085.0
290 63085.0
291 63085.0
292 64296.0
293 63184.0
294 63184.0
295 63184.0
296 62900.0
297 63995.0
298 63995.0
299 63995.0
300 63995.0
301 62840.0
302 62706.0
303 62958.0
304 63023.0
305 63023.0
306 63462.0
307 63462.0
308 63759.0
309 63073.0
310 63073.0
311 63084.0
312 63843.0
313 67422.0
314 67422.0
315 67422.0
316 64631.0
317 64631.0
318 64631.0
319 65062.0
320 65062.0
321 65765.0
322 65765.0
323 65326.0
324 66475.0
325 66475.0
326 66475.0
327 66475.0
328 65504.0
329 65504.0
330 65504.0
331 66110.0
332 66016.0
333 67562.0
334 66200.0
335 66200.0
336 66200.0
337 66200.0
338 66200.0
339 65845.0
340 65845.0
341 64499.0
342 64499.0
343 64499.0
344 64437.0
345 65099.0
346 65099.0
347 66255.0
348 66644.0
349 66644.0
350 65916.0
351 65916.0
352 65214.0
353 65214.0
354 64911.0
355 66415.0
356 65708.0
357 65708.0
358 65708.0
359 65708.0
360 65200.0
361 65206.0
362 65161.0
363 65616.0
364 65165.0
365 65165.0
366 65945.0
367 66302.0
368 66862.0
369 69668.0
370 66596.0
371 66939.0
372 66939.0
373 66725.0
374 66508.0
375 68862.0
376 68862.0
377 68862.0
378 68862.0
379 67631.0
380 67631.0
381 67631.0
382 66300.0
383 65857.0
384 65857.0
385 67180.0
386 68864.0
387 66282.0
388 66079.0
389 66079.0
390 67376.0
391 66315.0
392 66924.0
393 66924.0
394 66924.0
395 67575.0
396 67575.0
397 68420.0
398 68420.0
399 68420.0
400 67422.0
401 66569.0
402 66569.0
403 66212.0
404 66212.0
405 67930.0
406 67138.0
407 67736.0
408 68167.0
409 67138.0
410 67914.0
411 68853.0
412 67080.0
413 67080.0
414 67080.0
415 68267.0
416 68468.0
417 68468.0
418 68376.0
419 68376.0
420 68540.0
421 69193.0
422 68540.0
423 68540.0
424 68540.0
425 68540.0
426 68540.0
427 68541.0
428 68541.0
429 68103.0
430 69095.0
431 68103.0
432 67277.0
433 67277.0
434 69653.0
435 69653.0
436 69653.0
437 67669.0
438 68364.0
439 68364.0
440 67043.0
441 66587.0
442 65833.0
443 67765.0
444 67765.0
445 66782.0
446 67767.0
447 67767.0
448 67767.0
449 68341.0
450 68793.0
451 68970.0
452 68479.0
453 68479.0
454 70137.0
455 70137.0
456 70137.0
457 70137.0
458 70137.0
459 70137.0
460 70137.0
461 70429.0
462 70137.0
463 70160.0
464 69307.0
465 69307.0
466 70699.0
467 70699.0
468 70899.0
469 70630.0
470 69683.0
471 69683.0
472 69683.0
473 69954.0
474 69345.0
475 68918.0
476 68918.0
477 68263.0
478 69489.0
479 69489.0
480 69831.0
481 70654.0
482 70654.0
483 70654.0
484 70292.0
485 69542.0
486 71291.0
487 70835.0
488 70835.0
489 70835.0
490 69526.0
491 70026.0
492 70026.0
493 69526.0
494 69526.0
495 68714.0
496 68714.0
497 69494.0
498 68926.0
499 68926.0
500 68855.0
501 68882.0
502 70562.0
503 70562.0
504 71091.0
505 70562.0
506 70562.0
507 70562.0
508 70562.0
509 70184.0
510 70309.0
511 70309.0
512 70220.0
513 70220.0
514 70220.0
515 70220.0
516 70220.0
517 72100.0
518 72100.0
519 70599.0
520 70599.0
521 70599.0
522 70258.0
523 70258.0
524 69333.0
525 69383.0
526 69333.0
527 69100.0
528 68473.0
529 68460.0
530 68460.0
531 68837.0
532 68837.0
533 69444.0
534 70144.0
535 70144.0
536 70198.0
537 72608.0
538 72608.0
539 70953.0
540 70783.0
541 71314.0
542 71523.0
543 71523.0
544 71609.0
545 71609.0
546 71609.0
547 71523.0
548 72376.0
549 72376.0
550 72376.0
551 72148.0
552 72148.0
553 72148.0
554 72073.0
555 72085.0
556 72085.0
557 72085.0
558 72073.0
559 73477.0
560 71651.0
561 71013.0
562 72081.0
563 73501.0
564 73501.0
565 73501.0
566 73501.0
567 73501.0
568 74429.0
569 74429.0
570 71938.0
571 72009.0
572 73736.0
573 73736.0
574 73736.0
575 73736.0
576 73736.0
577 73736.0
578 73736.0
579 72438.0
580 73579.0
581 73579.0
582 74733.0
583 74733.0
584 74733.0
585 74733.0
586 74733.0
587 76929.0
588 76929.0
589 76929.0
590 76929.0
591 76929.0
592 74043.0
593 72924.0
594 72610.0
595 72610.0
596 72444.0
597 72444.0
598 72095.0
599 72095.0
600 72014.0
601 72747.0
602 72747.0
603 73025.0
604 73025.0
605 73319.0
606 72747.0
607 72066.0
608 72129.0
609 72134.0
610 72399.0
611 73017.0
612 73017.0
613 73670.0
614 73670.0
615 73670.0
616 73670.0
617 73670.0
618 73472.0
619 73472.0
620 73736.0
621 73736.0
622 74291.0
623 74291.0
624 74291.0
625 74291.0
626 74291.0
627 74948.0
628 75366.0
629 74948.0
630 74948.0
631 73931.0
632 73931.0
633 74908.0
634 74129.0
635 76597.0
636 76223.0
637 75629.0
638 75629.0
639 75629.0
640 76523.0
641 77733.0
642 77733.0
643 78158.0
644 78158.0
645 78158.0
646 77822.0
647 77056.0
648 76523.0
649 77366.0
650 76481.0
651 76481.0
652 76481.0
653 76481.0
654 76929.0
655 76929.0
656 78105.0
657 76405.0
658 78394.0
659 78394.0
660 76459.0
661 78087.0
662 78087.0
663 78087.0
664 78087.0
665 78087.0
666 78087.0
667 77076.0
668 77076.0
669 76387.0
670 78619.0
671 78619.0
672 76787.0
673 75399.0
674 75868.0
675 77458.0
676 76005.0
677 75647.0
678 76013.0
679 75647.0
680 75647.0
681 75647.0
682 75960.0
683 75960.0
684 75183.0
685 76696.0
686 76696.0
687 76696.0
688 76696.0
689 76696.0
690 75982.0
691 75982.0
692 75982.0
693 75982.0
694 76663.0
695 75982.0
696 75988.0
697 75988.0
698 76332.0
699 76487.0
700 76026.0
701 75988.0
702 76526.0
703 76526.0
704 76526.0
705 76042.0
706 75281.0
707 76138.0
708 76138.0
709 76138.0
710 76138.0
711 77949.0
712 77949.0
713 77119.0
714 77119.0
715 77338.0
716 77602.0
717 77338.0
718 78459.0
719 78144.0
720 77099.0
721 77926.0
722 77926.0
723 77926.0
724 77926.0
725 79196.0
726 79033.0
727 79033.0
728 77622.0
729 77190.0
730 77190.0
731 77657.0
732 77530.0
733 77663.0
734 78316.0
735 78316.0
736 79033.0
737 79033.0
738 79033.0
739 79033.0
740 79033.0
741 79033.0
742 78390.0
743 79678.0
744 78367.0
745 78367.0
746 77610.0
747 77610.0
748 77453.0
749 78770.0
750 78770.0
751 78770.0
752 79491.0
753 80419.0
754 80419.0
755 80419.0
756 80035.0
757 77358.0
758 77818.0
759 77578.0
760 78147.0
761 77602.0
762 79836.0
763 79836.0
764 79836.0
765 77773.0
766 79051.0
767 79051.0
768 77773.0
769 77773.0
770 79255.0
771 81321.0
772 81538.0
773 81538.0
774 81538.0
775 81667.0
776 81667.0
777 80030.0
778 80030.0
779 80354.0
780 80354.0
781 80640.0
782 80640.0
783 80277.0
784 80118.0
785 79532.0
786 79448.0
787 80618.0
788 80618.0
789 80618.0
790 80618.0
791 80618.0
792 79381.0
793 79381.0
794 80537.0
795 80537.0
796 80537.0
797 79099.0
798 80369.0
799 80369.0
800 80369.0
801 80369.0
802 80369.0
803 80466.0
804 80466.0
805 80466.0
806 80466.0
807 82266.0
808 82266.0
809 80693.0
810 81235.0
811 81235.0
812 81238.0
813 82475.0
814 82475.0
815 82475.0
816 84167.0
817 84167.0
818 84167.0
819 82438.0
820 81458.0
821 81605.0
822 83486.0
823 83486.0
824 83486.0
825 82212.0
826 82797.0
827 82797.0
828 82797.0
829 82274.0
830 82274.0
831 81973.0
832 81973.0
833 81973.0
834 83288.0
835 83288.0
836 81973.0
837 82167.0
838 82167.0
839 82167.0
840 82225.0
841 83078.0
842 82225.0
843 83430.0
844 83430.0
845 82004.0
846 82202.0
847 83064.0
848 84188.0
849 83064.0
850 83943.0
851 83943.0
852 83943.0
853 83310.0
854 83310.0
855 83310.0
856 83310.0
857 83310.0
858 83997.0
859 83310.0
860 84016.0
861 84016.0
862 84016.0
863 84345.0
864 84345.0
865 84345.0
866 84768.0
867 85266.0
868 85266.0
869 85266.0
870 85266.0
871 85266.0
872 85367.0
873 85783.0
874 85783.0
875 85783.0
876 85545.0
877 85545.0
878 86804.0
879 86804.0
880 86804.0
881 86804.0
882 85399.0
883 85478.0
884 86265.0
885 85478.0
886 86068.0
887 86068.0
888 85897.0
889 85897.0
890 85663.0
891 85663.0
892 85663.0
893 86932.0
894 86932.0
895 85530.0
896 85530.0
897 85530.0
898 85530.0
899 85530.0
900 85628.0
901 85988.0
902 85988.0
903 85709.0
904 85719.0
905 86090.0
906 86742.0
907 86742.0
908 86742.0
909 86742.0
910 86742.0
911 86742.0
912 86099.0
913 85729.0
914 85729.0
915 86444.0
916 86610.0
917 87792.0
918 87792.0
919 86444.0
920 86343.0
921 86810.0
922 87111.0
923 87111.0
924 87111.0
925 87111.0
926 87111.0
927 87103.0
928 87112.0
929 87112.0
930 87145.0
931 87145.0
932 86893.0
933 87443.0
934 86893.0
935 87207.0
936 87207.0
937 87207.0
938 87207.0
939 87207.0
940 87332.0
941 87332.0
942 87332.0
943 87430.0
944 87430.0
945 89256.0
946 89256.0
947 89256.0
948 89256.0
949 89256.0
950 89256.0
951 87560.0
952 87413.0
953 87903.0
954 87903.0
955 87903.0
956 88887.0
957 88887.0
958 88887.0
959 88887.0
960 90647.0
961 89369.0
962 89369.0
963 90950.0
964 90950.0
965 90950.0
966 88957.0
967 89638.0
968 88957.0
969 88957.0
970 88990.0
971 89224.0
972 89670.0
973 89670.0
974 89670.0
975 89670.0
976 89485.0
977 89485.0
978 89485.0
979 89887.0
980 91290.0
981 89887.0
982 89887.0
983 89887.0
984 89103.0
985 89066.0
986 89611.0
987 89066.0
988 89508.0
989 89508.0
990 88991.0
991 88843.0
992 89198.0
993 89349.0
994 88944.0
995 88944.0
996 88944.0
997 88944.0
998 88944.0
999 88944.0
1000 88944.0
