0 22051.0
1 20435.0
2 22423.0
3 23404.0
4 24145.0
5 24145.0
6 27491.0
7 27491.0
8 28227.0
9 30971.0
10 30290.0
11 30169.0
12 33288.0
13 33003.0
14 34437.0
15 35506.0
16 36402.0
17 36402.0
18 36402.0
19 39298.0
20 39298.0
21 40404.0
22 40880.0
23 40880.0
24 42219.0
25 42219.0
26 44136.0
27 42219.0
28 41990.0
29 41990.0
30 41990.0
31 41339.0
32 44571.0
33 44571.0
34 43387.0
35 43387.0
36 43480.0
37 44511.0
38 44511.0
39 44675.0
40 45951.0
41 48426.0
42 49295.0
43 49295.0
44 46301.0
45 46456.0
46 47153.0
47 47153.0
48 47603.0
49 47792.0
50 48186.0
51 48186.0
52 47914.0
53 47603.0
54 49639.0
55 50769.0
56 50769.0
57 51894.0
58 51894.0
59 51894.0
60 52205.0
61 52205.0
62 52283.0
63 52283.0
64 52254.0
65 52230.0
66 52267.0
67 52773.0
68 53989.0
69 53989.0
70 55377.0
71 55377.0
72 54535.0
73 54535.0
74 54535.0
75 54535.0
76 54456.0
77 55429.0
78 55429.0
79 55429.0
80 56090.0
81 56090.0
82 56090.0
83 56090.0
84 57253.0
85 57253.0
86 57253.0
87 57554.0
88 57554.0
89 57581.0
90 57878.0
91 58986.0
92 58986.0
93 60295.0
94 60295.0
95 60295.0
96 60295.0
97 60295.0
98 60295.0
99 60338.0
100 60340.0
101 59260.0
102 59260.0
103 59061.0
104 59716.0
105 59716.0
106 59716.0
107 60166.0
108 60166.0
109 60166.0
110 60166.0
111 60215.0
112 60215.0
113 61885.0
114 61885.0
115 61885.0
116 61239.0
117 61239.0
118 61239.0
119 62073.0
120 62073.0
121 61218.0
122 61694.0
123 61913.0
124 61694.0
125 61694.0
126 61362.0
127 62859.0
128 62859.0
129 62859.0
130 62564.0
131 62960.0
132 64473.0
133 63210.0
134 63824.0
135 63824.0
136 64013.0
137 64013.0
138 64013.0
139 64013.0
140 64013.0
141 64013.0
142 64013.0
143 63199.0
144 66149.0
145 67209.0
146 63568.0
147 64330.0
148 64380.0
149 66081.0
150 66556.0
151 66081.0
152 67857.0
153 67857.0
154 67857.0
155 67857.0
156 67857.0
157 66943.0
158 65298.0
159 65660.0
160 66561.0
161 68068.0
162 68068.0
163 66612.0
164 66062.0
165 66958.0
166 66958.0
167 66958.0
168 66958.0
169 66958.0
170 66958.0
171 67283.0
172 67283.0
173 67638.0
174 67638.0
175 66530.0
176 65591.0
177 65702.0
178 65702.0
179 66735.0
180 66735.0
181 65232.0
182 67123.0
183 68270.0
184 68270.0
185 67123.0
186 67435.0
187 66961.0
188 66961.0
189 66961.0
190 66282.0
191 66282.0
192 68922.0
193 68922.0
194 68922.0
195 65910.0
196 66967.0
197 67311.0
198 66609.0
199 66786.0
200 66620.0
201 66620.0
202 68467.0
203 66620.0
204 68191.0
205 68191.0
206 68191.0
207 68191.0
208 68191.0
209 67776.0
210 69241.0
211 67327.0
212 67327.0
213 66708.0
214 66708.0
215 66708.0
216 65671.0
217 65671.0
218 65671.0
219 65208.0
220 65208.0
221 66610.0
222 67781.0
223 67781.0
224 67776.0
225 65934.0
226 65934.0
227 70363.0
228 66961.0
229 66961.0
230 66961.0
231 66684.0
232 66684.0
233 67714.0
234 68131.0
235 66953.0
236 68514.0
237 68514.0
238 68709.0
239 68709.0
240 67603.0
241 69426.0
242 69426.0
243 69426.0
244 69426.0
245 69426.0
246 69086.0
247 69086.0
248 69086.0
249 69075.0
250 69075.0
251 69265.0
252 69265.0
253 69265.0
254 69265.0
255 69265.0
256 69265.0
257 69355.0
258 69546.0
259 70069.0
260 70069.0
261 70069.0
262 70197.0
263 70268.0
264 70401.0
265 69114.0
266 68889.0
267 68844.0
268 71679.0
269 72497.0
270 72497.0
271 71679.0
272 71568.0
273 71568.0
274 73471.0
275 71568.0
276 71568.0
277 71568.0
278 71568.0
279 69768.0
280 73119.0
281 73119.0
282 73119.0
283 73119.0
284 73119.0
285 71603.0
286 71603.0
287 71603.0
288 71603.0
289 71005.0
290 73144.0
291 75045.0
292 71005.0
293 71005.0
294 71568.0
295 73527.0
296 73527.0
297 72387.0
298 75439.0
299 73053.0
300 73053.0
301 73053.0
302 73053.0
303 73314.0
304 73314.0
305 73314.0
306 73684.0
307 73314.0
308 73314.0
309 73314.0
310 73314.0
311 73229.0
312 72784.0
313 72796.0
314 72808.0
315 74193.0
316 74193.0
317 73562.0
318 74015.0
319 75217.0
320 73191.0
321 73479.0
322 72664.0
323 76044.0
324 75442.0
325 75442.0
326 75442.0
327 77312.0
328 77312.0
329 77312.0
330 77312.0
331 74554.0
332 74436.0
333 74669.0
334 75143.0
335 75143.0
336 74436.0
337 75008.0
338 75008.0
339 76951.0
340 75526.0
341 75526.0
342 75086.0
343 75915.0
344 76441.0
345 76400.0
346 76400.0
347 76400.0
348 75400.0
349 77139.0
350 77139.0
351 77139.0
352 78692.0
353 78692.0
354 78692.0
355 78810.0
356 78810.0
357 78810.0
358 78810.0
359 78810.0
360 78810.0
361 78810.0
362 78810.0
363 78810.0
364 78810.0
365 77687.0
366 77687.0
367 77687.0
368 78679.0
369 77567.0
370 77600.0
371 77567.0
372 76294.0
373 77470.0
374 78660.0
375 78523.0
376 78523.0
377 78523.0
378 76777.0
379 76414.0
380 78130.0
381 79921.0
382 79921.0
383 79921.0
384 78130.0
385 77965.0
386 76688.0
387 78933.0
388 78933.0
389 80415.0
390 80415.0
391 80415.0
392 79099.0
393 78801.0
394 80001.0
395 82099.0
396 82099.0
397 80832.0
398 80938.0
399 80479.0
400 80479.0
401 80479.0
402 80479.0
403 80479.0
404 80065.0
405 80065.0
406 78104.0
407 77473.0
408 79477.0
409 79477.0
410 79477.0
411 79477.0
412 79192.0
413 78967.0
414 79232.0
415 80988.0
416 80988.0
417 80988.0
418 80988.0
419 80988.0
420 78819.0
421 78819.0
422 78819.0
423 78819.0
424 79620.0
425 79620.0
426 77757.0
427 80130.0
428 78742.0
429 80241.0
430 78742.0
431 78742.0
432 78742.0
433 78742.0
434 78742.0
435 78241.0
436 78582.0
437 78582.0
438 78582.0
439 78582.0
440 79372.0
441 76863.0
442 77130.0
443 77130.0
444 78407.0
445 77172.0
446 77130.0
447 77303.0
448 79020.0
449 79020.0
450 79020.0
451 79194.0
452 79589.0
453 79589.0
454 80090.0
455 82017.0
456 82017.0
457 82791.0
458 82791.0
459 82791.0
460 82832.0
461 81321.0
462 82166.0
463 82166.0
464 81232.0
465 80254.0
466 81131.0
467 84029.0
468 84029.0
469 84029.0
470 84690.0
471 84690.0
472 84690.0
473 82339.0
474 84763.0
475 82823.0
476 83462.0
477 83462.0
478 83462.0
479 83789.0
480 83789.0
481 83789.0
482 84658.0
483 83066.0
484 83066.0
485 82670.0
486 82172.0
487 81449.0
488 81012.0
489 81012.0
490 80402.0
491 81423.0
492 81423.0
493 81423.0
494 82413.0
495 82413.0
496 81641.0
497 81641.0
498 84009.0
499 84009.0
500 84009.0
501 84009.0
502 84009.0
503 84009.0
504 84009.0
505 84009.0
506 81959.0
507 82733.0
508 83854.0
509 81785.0
510 81785.0
511 80488.0
512 83429.0
513 81384.0
514 81384.0
515 81384.0
516 81384.0
517 81384.0
518 81384.0
519 81384.0
520 84089.0
521 84089.0
522 84089.0
523 84089.0
524 85413.0
525 86560.0
526 86560.0
527 86560.0
528 86560.0
529 86560.0
530 86560.0
531 86560.0
532 86560.0
533 84399.0
534 84399.0
535 84399.0
536 85195.0
537 85195.0
538 83682.0
539 83682.0
540 84347.0
541 83682.0
542 83682.0
543 83682.0
544 83682.0
545 85486.0
546 83682.0
547 84124.0
548 84299.0
549 84299.0
550 84299.0
551 84299.0
552 84299.0
553 84299.0
554 84299.0
555 84299.0
556 84001.0
557 84001.0
558 83860.0
559 83860.0
560 83860.0
561 82664.0
562 82664.0
563 82664.0
564 83216.0
565 83216.0
566 83916.0
567 83216.0
568 83216.0
569 83216.0
570 83216.0
571 83216.0
572 83216.0
573 83216.0
574 83216.0
575 83216.0
576 83216.0
577 83216.0
578 82640.0
579 84176.0
580 85300.0
581 85300.0
582 83332.0
583 84580.0
584 82710.0
585 84492.0
586 84492.0
587 84492.0
588 84492.0
589 85167.0
590 81878.0
591 81878.0
592 83273.0
593 83531.0
594 83531.0
595 84415.0
596 84993.0
597 84993.0
598 84993.0
599 85139.0
600 86153.0
601 87028.0
602 87028.0
603 87028.0
604 86960.0
605 86388.0
606 87749.0
607 87749.0
608 86406.0
609 86406.0
610 87195.0
611 87252.0
612 85993.0
613 86392.0
614 87250.0
615 87250.0
616 87250.0
617 87250.0
618 86223.0
619 86223.0
620 84561.0
621 84561.0
622 85662.0
623 85662.0
624 85263.0
625 85263.0
626 85263.0
627 86089.0
628 86089.0
629 86089.0
630 86089.0
631 86089.0
632 86089.0
633 86089.0
634 86089.0
635 86089.0
636 83295.0
637 86729.0
638 82977.0
639 82772.0
640 83148.0
641 83148.0
642 82804.0
643 82804.0
644 82439.0
645 83887.0
646 82630.0
647 82458.0
648 83374.0
649 83374.0
650 83378.0
651 83378.0
652 83378.0
653 83378.0
654 82138.0
655 84653.0
656 84653.0
657 84653.0
658 84653.0
659 83145.0
660 83145.0
661 83654.0
662 83654.0
663 83654.0
664 83597.0
665 83597.0
666 84504.0
667 84504.0
668 84504.0
669 85359.0
670 85359.0
671 84504.0
672 84504.0
673 84561.0
674 84561.0
675 84585.0
676 82880.0
677 82880.0
678 83851.0
679 83851.0
680 82091.0
681 81990.0
682 81990.0
683 82746.0
684 84516.0
685 83587.0
686 81520.0
687 81290.0
688 82002.0
689 82355.0
690 82355.0
691 82355.0
692 83449.0
693 83449.0
694 83449.0
695 83449.0
696 83449.0
697 83329.0
698 83329.0
699 83329.0
700 82802.0
701 82191.0
702 82191.0
703 82191.0
704 82177.0
705 82047.0
706 82359.0
707 82359.0
708 82703.0
709 82703.0
710 83526.0
711 83526.0
712 83526.0
713 83526.0
714 85345.0
715 85345.0
716 85345.0
717 84045.0
718 83889.0
719 83889.0
720 83887.0
721 83887.0
722 88912.0
723 88912.0
724 88912.0
725 88912.0
726 88912.0
727 88912.0
728 88912.0
729 86376.0
730 86376.0
731 86376.0
732 86376.0
733 86376.0
734 86376.0
735 86376.0
736 86376.0
737 86376.0
738 86376.0
739 85638.0
740 85638.0
741 85638.0
742 85359.0
743 85359.0
744 85359.0
745 85359.0
746 84773.0
747 84158.0
748 84158.0
749 87089.0
750 87089.0
751 85682.0
752 85682.0
753 85465.0
754 85252.0
755 85252.0
756 85892.0
757 85892.0
758 85509.0
759 85948.0
760 86866.0
761 86866.0
762 85987.0
763 85987.0
764 85987.0
765 85987.0
766 85987.0
767 85987.0
768 84419.0
769 85206.0
770 85206.0
771 85206.0
772 85273.0
773 86376.0
774 88478.0
775 88478.0
776 88861.0
777 88861.0
778 88861.0
779 88861.0
780 88861.0
781 88861.0
782 88861.0
783 88861.0
784 88861.0
785 86625.0
786 88101.0
787 88101.0
788 88101.0
789 88101.0
790 87293.0
791 87293.0
792 88428.0
793 88428.0
794 88428.0
795 87121.0
796 87190.0
797 87335.0
798 88673.0
799 89381.0
800 89381.0
801 89381.0
802 89381.0
803 89036.0
804 89036.0
805 89036.0
806 88624.0
807 88811.0
808 88624.0
809 88624.0
810 88624.0
811 90314.0
812 90314.0
813 90314.0
814 90314.0
815 90314.0
816 90314.0
817 90314.0
818 91284.0
819 91284.0
820 88831.0
821 90496.0
822 90496.0
823 91931.0
824 90496.0
825 90536.0
826 90536.0
827 90536.0
828 90183.0
829 90183.0
830 91629.0
831 90666.0
832 88197.0
833 88122.0
834 88967.0
835 91573.0
836 88579.0
837 88579.0
838 88122.0
839 88122.0
840 88122.0
841 87616.0
842 87372.0
843 87372.0
844 88765.0
845 87560.0
846 88686.0
847 88686.0
848 88686.0
849 88686.0
850 86676.0
851 88232.0
852 88232.0
853 88942.0
854 88942.0
855 88232.0
856 88232.0
857 88232.0
858 92207.0
859 87883.0
860 88478.0
861 88597.0
862 88478.0
863 87652.0
864 87652.0
865 87652.0
866 87519.0
867 87707.0
868 87707.0
869 87646.0
870 87104.0
871 87104.0
872 87104.0
873 86769.0
874 86769.0
875 88414.0
876 88414.0
877 88414.0
878 87053.0
879 89577.0
880 87511.0
881 87511.0
882 87511.0
883 87511.0
884 87511.0
885 87511.0
886 87511.0
887 89913.0
888 89913.0
889 89913.0
890 89913.0
891 87866.0
892 87952.0
893 88643.0
894 88643.0
895 86717.0
896 87037.0
897 87037.0
898 88172.0
899 86565.0
900 86542.0
901 87151.0
902 86862.0
903 86862.0
904 86862.0
905 86862.0
906 86862.0
907 87014.0
908 86862.0
909 86862.0
910 87581.0
911 88359.0
912 88359.0
913 87219.0
914 88250.0
915 88250.0
916 88250.0
917 86684.0
918 87044.0
919 87044.0
920 89367.0
921 90331.0
922 89367.0
923 89367.0
924 87566.0
925 89132.0
926 89132.0
927 89132.0
928 90263.0
929 86980.0
930 88370.0
931 88231.0
932 89543.0
933 87633.0
934 89528.0
935 88781.0
936 90490.0
937 90490.0
938 90490.0
939 90490.0
940 90265.0
941 90265.0
942 90265.0
943 90265.0
944 89924.0
945 89924.0
946 89010.0
947 90136.0
948 90176.0
949 90176.0
950 90176.0
951 90176.0
952 91319.0
953 92418.0
954 92418.0
955 92418.0
956 92418.0
957 90184.0
958 88834.0
959 88834.0
960 88834.0
961 88640.0
962 88640.0
963 89882.0
964 89882.0
965 89882.0
966 89882.0
967 89882.0
968 89882.0
969 92206.0
970 89882.0
971 89882.0
972 90050.0
973 90050.0
974 90050.0
975 91021.0
976 91021.0
977 92458.0
978 89245.0
979 89245.0
980 89245.0
981 89266.0
982 89266.0
983 89245.0
984 90966.0
985 89797.0
986 89797.0
987 89797.0
988 90034.0
989 89059.0
990 89059.0
991 89740.0
992 89740.0
993 90124.0
994 90124.0
995 90124.0
996 90124.0
997 89092.0
998 89092.0
999 89052.0
1000 89887.0
