0 7006.0
1 7889.0
2 7931.0
3 8662.0
4 8821.0
5 9149.0
6 10040.0
7 10069.0
8 11051.0
9 10652.0
10 11076.0
11 11808.0
12 11939.0
13 12157.0
14 12621.0
15 13490.0
16 13595.0
17 13595.0
18 15143.0
19 15143.0
20 15106.0
21 14880.0
22 14958.0
23 15367.0
24 15425.0
25 16077.0
26 16077.0
27 15998.0
28 16482.0
29 16323.0
30 16735.0
31 17133.0
32 17133.0
33 16921.0
34 17108.0
35 17094.0
36 17127.0
37 18094.0
38 18094.0
39 18094.0
40 17637.0
41 17773.0
42 17962.0
43 17962.0
44 17962.0
45 18102.0
46 18346.0
47 18346.0
48 18346.0
49 18237.0
50 18237.0
51 18445.0
52 18645.0
53 18772.0
54 18645.0
55 18645.0
56 18645.0
57 18645.0
58 18527.0
59 18598.0
60 18994.0
61 19136.0
62 19136.0
63 19136.0
64 19136.0
65 19136.0
66 18970.0
67 19003.0
68 19036.0
69 19165.0
70 19165.0
71 19217.0
72 19217.0
73 19189.0
74 19152.0
75 19293.0
76 19293.0
77 19203.0
78 19374.0
79 19532.0
80 19619.0
81 19619.0
82 19532.0
83 19444.0
84 19454.0
85 19454.0
86 19471.0
87 19722.0
88 19617.0
89 19617.0
90 19673.0
91 19806.0
92 19680.0
93 20108.0
94 20108.0
95 20003.0
96 20061.0
97 20061.0
98 20061.0
99 20061.0
100 20061.0
101 20115.0
102 20116.0
103 20414.0
104 20414.0
105 20309.0
106 20309.0
107 20309.0
108 20329.0
109 20329.0
110 20538.0
111 20309.0
112 20392.0
113 20807.0
114 20318.0
115 20432.0
116 20436.0
117 20566.0
118 20566.0
119 20566.0
120 20566.0
121 20709.0
122 20608.0
123 20742.0
124 20742.0
125 20627.0
126 20596.0
127 20737.0
128 20776.0
129 20737.0
130 20730.0
131 20762.0
132 20783.0
133 20875.0
134 20884.0
135 20884.0
136 20920.0
137 20899.0
138 20925.0
139 21010.0
140 21010.0
141 21008.0
142 21055.0
143 21055.0
144 21070.0
145 21070.0
146 21084.0
147 21116.0
148 21116.0
149 21117.0
150 21183.0
151 21199.0
152 21199.0
153 21195.0
154 21183.0
155 21189.0
156 21222.0
157 21196.0
158 21226.0
159 21200.0
160 21225.0
161 21205.0
162 21210.0
163 21210.0
164 21235.0
165 21235.0
166 21235.0
167 21235.0
168 21235.0
169 21235.0
170 21235.0
171 21235.0
172 21235.0
173 21235.0
174 21235.0
175 21235.0
176 21235.0
177 21235.0
178 21235.0
179 21235.0
180 21235.0
181 21235.0
182 21235.0
183 21235.0
184 21235.0
185 21235.0
186 21235.0
187 21235.0
188 21235.0
189 21235.0
190 21235.0
191 21235.0
192 21235.0
193 21235.0
194 21235.0
195 21235.0
196 21235.0
197 21235.0
198 21235.0
199 21235.0
200 21235.0
201 21235.0
202 21235.0
203 21235.0
204 21235.0
205 21235.0
206 21235.0
207 21235.0
208 21235.0
209 21235.0
210 21235.0
211 21235.0
212 21235.0
213 21235.0
214 21235.0
215 21235.0
216 21235.0
217 21235.0
218 21235.0
219 21235.0
220 21235.0
221 21235.0
222 21235.0
223 21235.0
224 21235.0
225 21235.0
226 21235.0
227 21235.0
228 21235.0
229 21235.0
230 21235.0
231 21235.0
232 21235.0
233 21235.0
234 21235.0
235 21235.0
236 21235.0
237 21235.0
238 21235.0
239 21235.0
240 21235.0
241 21235.0
242 21235.0
243 21235.0
244 21235.0
245 21235.0
246 21235.0
247 21235.0
248 21235.0
249 21235.0
250 21235.0
251 21235.0
252 21235.0
253 21235.0
254 21235.0
255 21235.0
256 21235.0
257 21235.0
258 21235.0
259 21235.0
260 21235.0
261 21235.0
262 21235.0
263 21235.0
264 21235.0
265 21235.0
266 21235.0
267 21235.0
268 21235.0
269 21235.0
270 21235.0
271 21235.0
272 21235.0
273 21235.0
274 21235.0
275 21235.0
276 21235.0
277 21235.0
278 21235.0
279 21235.0
280 21235.0
281 21235.0
282 21235.0
283 21235.0
284 21235.0
285 21235.0
286 21235.0
287 21235.0
288 21235.0
289 21235.0
290 21235.0
291 21235.0
292 21235.0
293 21235.0
294 21235.0
295 21235.0
296 21235.0
297 21235.0
298 21235.0
299 21235.0
300 21235.0
301 21235.0
302 21235.0
303 21235.0
304 21235.0
305 21235.0
306 21235.0
307 21235.0
308 21235.0
309 21235.0
310 21235.0
311 21235.0
312 21235.0
313 21235.0
314 21235.0
315 21235.0
316 21235.0
317 21235.0
318 21235.0
319 21235.0
320 21235.0
321 21235.0
322 21235.0
323 21235.0
324 21235.0
325 21235.0
326 21235.0
327 21235.0
328 21235.0
329 21235.0
330 21235.0
331 21235.0
332 21235.0
333 21235.0
334 21235.0
335 21235.0
336 21235.0
337 21235.0
338 21235.0
339 21235.0
340 21235.0
341 21235.0
342 21235.0
343 21235.0
344 21235.0
345 21235.0
346 21235.0
347 21235.0
348 21235.0
349 21235.0
350 21235.0
351 21235.0
352 21235.0
353 21235.0
354 21235.0
355 21235.0
356 21235.0
357 21235.0
358 21235.0
359 21235.0
360 21235.0
361 21235.0
362 21235.0
363 21235.0
364 21235.0
365 21235.0
366 21235.0
367 21235.0
368 21235.0
369 21235.0
370 21235.0
371 21235.0
372 21235.0
373 21235.0
374 21235.0
375 21235.0
376 21235.0
377 21235.0
378 21235.0
379 21235.0
380 21235.0
381 21235.0
382 21235.0
383 21235.0
384 21235.0
385 21235.0
386 21235.0
387 21235.0
388 21235.0
389 21235.0
390 21235.0
391 21235.0
392 21235.0
393 21235.0
394 21235.0
395 21235.0
396 21235.0
397 21235.0
398 21235.0
399 21235.0
400 21235.0
401 21235.0
402 21235.0
403 21235.0
404 21235.0
405 21235.0
406 21235.0
407 21235.0
408 21235.0
409 21235.0
410 21235.0
411 21235.0
412 21235.0
413 21235.0
414 21235.0
415 21235.0
416 21235.0
417 21235.0
418 21235.0
419 21235.0
420 21235.0
421 21235.0
422 21235.0
423 21235.0
424 21235.0
425 21235.0
426 21235.0
427 21235.0
428 21235.0
429 21235.0
430 21235.0
431 21235.0
432 21235.0
433 21235.0
434 21235.0
435 21235.0
436 21235.0
437 21235.0
438 21235.0
439 21235.0
440 21235.0
441 21235.0
442 21235.0
443 21235.0
444 21235.0
445 21235.0
446 21235.0
447 21235.0
448 21235.0
449 21235.0
450 21235.0
451 21235.0
452 21235.0
453 21235.0
454 21235.0
455 21235.0
456 21235.0
457 21235.0
458 21235.0
459 21235.0
460 21235.0
461 21235.0
462 21235.0
463 21235.0
464 21235.0
465 21235.0
466 21235.0
467 21235.0
468 21235.0
469 21235.0
470 21235.0
471 21235.0
472 21235.0
473 21235.0
474 21235.0
475 21235.0
476 21235.0
477 21235.0
478 21235.0
479 21235.0
480 21235.0
481 21235.0
482 21235.0
483 21235.0
484 21235.0
485 21235.0
486 21235.0
487 21235.0
488 21235.0
489 21235.0
490 21235.0
491 21235.0
492 21235.0
493 21235.0
494 21235.0
495 21235.0
496 21235.0
497 21235.0
498 21235.0
499 21235.0
500 21235.0
