0 7008.0
1 7629.0
2 7195.0
3 8358.0
4 8358.0
5 9242.0
6 9925.0
7 9331.0
8 9562.0
9 10376.0
10 11204.0
11 10801.0
12 10676.0
13 11117.0
14 11609.0
15 12187.0
16 11814.0
17 12233.0
18 12720.0
19 12720.0
20 12720.0
21 12720.0
22 12802.0
23 13082.0
24 13365.0
25 13372.0
26 13527.0
27 13527.0
28 13950.0
29 14059.0
30 14630.0
31 14861.0
32 14861.0
33 14861.0
34 15489.0
35 14794.0
36 15539.0
37 15539.0
38 15537.0
39 15537.0
40 15523.0
41 15825.0
42 15698.0
43 16049.0
44 16344.0
45 16344.0
46 16344.0
47 16401.0
48 16228.0
49 16694.0
50 16694.0
51 16407.0
52 16583.0
53 16490.0
54 16774.0
55 17342.0
56 17102.0
57 17439.0
58 17439.0
59 17439.0
60 17212.0
61 17308.0
62 17187.0
63 17117.0
64 17117.0
65 17094.0
66 17110.0
67 17729.0
68 17729.0
69 17722.0
70 17722.0
71 17902.0
72 18333.0
73 18333.0
74 17758.0
75 18253.0
76 18626.0
77 18626.0
78 18626.0
79 18273.0
80 18302.0
81 18394.0
82 18394.0
83 18698.0
84 18776.0
85 18912.0
86 18912.0
87 19165.0
88 19165.0
89 18912.0
90 19274.0
91 19276.0
92 19276.0
93 19276.0
94 19276.0
95 19340.0
96 19340.0
97 19340.0
98 19341.0
99 19494.0
100 19524.0
101 19577.0
102 19596.0
103 19582.0
104 19673.0
105 19673.0
106 19783.0
107 19741.0
108 19741.0
109 19720.0
110 19840.0
111 19885.0
112 19885.0
113 19885.0
114 19845.0
115 19885.0
116 19914.0
117 19885.0
118 19885.0
119 19885.0
120 19914.0
121 19914.0
122 19885.0
123 19885.0
124 19885.0
125 19914.0
126 19914.0
127 19914.0
128 19914.0
129 19914.0
130 19914.0
131 19914.0
132 19914.0
133 19914.0
134 19914.0
135 19914.0
136 19926.0
137 19926.0
138 19926.0
139 19926.0
140 19926.0
141 19926.0
142 19926.0
143 19926.0
144 19926.0
145 19926.0
146 19926.0
147 19914.0
148 19914.0
149 19914.0
150 19914.0
151 19914.0
152 19914.0
153 19914.0
154 19914.0
155 19914.0
156 19914.0
157 19914.0
158 19914.0
159 19914.0
160 19914.0
161 19914.0
162 19914.0
163 19914.0
164 19914.0
165 19914.0
166 19914.0
167 19914.0
168 19914.0
169 19914.0
170 19914.0
171 19914.0
172 19914.0
173 19914.0
174 19914.0
175 19914.0
176 19914.0
177 19914.0
178 19914.0
179 19914.0
180 19914.0
181 19914.0
182 19914.0
183 19914.0
184 19914.0
185 19914.0
186 19914.0
187 19914.0
188 19914.0
189 19914.0
190 19914.0
191 19914.0
192 19914.0
193 19914.0
194 19914.0
195 19914.0
196 19914.0
197 19914.0
198 19914.0
199 19914.0
200 19914.0
201 19914.0
202 19914.0
203 19914.0
204 19914.0
205 19914.0
206 19914.0
207 19914.0
208 19914.0
209 19914.0
210 19914.0
211 19914.0
212 19914.0
213 19914.0
214 19914.0
215 19914.0
216 19914.0
217 19914.0
218 19914.0
219 19914.0
220 19914.0
221 19914.0
222 19914.0
223 19914.0
224 19914.0
225 19914.0
226 19914.0
227 19914.0
228 19914.0
229 19914.0
230 19914.0
231 19914.0
232 19914.0
233 19914.0
234 19914.0
235 19914.0
236 19914.0
237 19914.0
238 19914.0
239 19914.0
240 19914.0
241 19914.0
242 19914.0
243 19914.0
244 19914.0
245 19914.0
246 19914.0
247 19914.0
248 19914.0
249 19914.0
250 19914.0
251 19914.0
252 19914.0
253 19914.0
254 19914.0
255 19914.0
256 19914.0
257 19914.0
258 19914.0
259 19914.0
260 19914.0
261 19914.0
262 19914.0
263 19914.0
264 19914.0
265 19914.0
266 19914.0
267 19914.0
268 19914.0
269 19914.0
270 19914.0
271 19914.0
272 19914.0
273 19914.0
274 19914.0
275 19914.0
276 19914.0
277 19914.0
278 19914.0
279 19914.0
280 19914.0
281 19914.0
282 19914.0
283 19914.0
284 19914.0
285 19914.0
286 19914.0
287 19914.0
288 19914.0
289 19914.0
290 19914.0
291 19914.0
292 19914.0
293 19914.0
294 19914.0
295 19914.0
296 19914.0
297 19914.0
298 19914.0
299 19914.0
300 19914.0
301 19914.0
302 19914.0
303 19914.0
304 19914.0
305 19914.0
306 19914.0
307 19914.0
308 19914.0
309 19914.0
310 19914.0
311 19914.0
312 19914.0
313 19914.0
314 19914.0
315 19914.0
316 19914.0
317 19914.0
318 19914.0
319 19914.0
320 19914.0
321 19914.0
322 19914.0
323 19914.0
324 19914.0
325 19914.0
326 19914.0
327 19914.0
328 19914.0
329 19914.0
330 19914.0
331 19914.0
332 19914.0
333 19914.0
334 19914.0
335 19914.0
336 19914.0
337 19914.0
338 19914.0
339 19914.0
340 19914.0
341 19914.0
342 19914.0
343 19914.0
344 19914.0
345 19914.0
346 19914.0
347 19914.0
348 19914.0
349 19914.0
350 19914.0
351 19914.0
352 19914.0
353 19914.0
354 19914.0
355 19914.0
356 19914.0
357 19914.0
358 19914.0
359 19914.0
360 19914.0
361 19914.0
362 19914.0
363 19914.0
364 19914.0
365 19914.0
366 19914.0
367 19914.0
368 19914.0
369 19914.0
370 19914.0
371 19914.0
372 19914.0
373 19914.0
374 19914.0
375 19914.0
376 19914.0
377 19914.0
378 19914.0
379 19914.0
380 19914.0
381 19914.0
382 19914.0
383 19914.0
384 19914.0
385 19914.0
386 19914.0
387 19914.0
388 19914.0
389 19914.0
390 19914.0
391 19914.0
392 19914.0
393 19914.0
394 19914.0
395 19914.0
396 19914.0
397 19914.0
398 19914.0
399 19914.0
400 19914.0
401 19914.0
402 19914.0
403 19914.0
404 19914.0
405 19914.0
406 19914.0
407 19914.0
408 19914.0
409 19914.0
410 19914.0
411 19914.0
412 19914.0
413 19914.0
414 19914.0
415 19914.0
416 19914.0
417 19914.0
418 19914.0
419 19914.0
420 19914.0
421 19914.0
422 19914.0
423 19914.0
424 19914.0
425 19914.0
426 19914.0
427 19914.0
428 19914.0
429 19914.0
430 19914.0
431 19914.0
432 19914.0
433 19914.0
434 19914.0
435 19914.0
436 19914.0
437 19914.0
438 19914.0
439 19914.0
440 19914.0
441 19914.0
442 19914.0
443 19914.0
444 19914.0
445 19914.0
446 19914.0
447 19914.0
448 19914.0
449 19914.0
450 19914.0
451 19914.0
452 19914.0
453 19914.0
454 19914.0
455 19914.0
456 19914.0
457 19914.0
458 19914.0
459 19914.0
460 19914.0
461 19914.0
462 19914.0
463 19914.0
464 19914.0
465 19914.0
466 19914.0
467 19914.0
468 19914.0
469 19914.0
470 19914.0
471 19914.0
472 19914.0
473 19914.0
474 19914.0
475 19914.0
476 19914.0
477 19914.0
478 19914.0
479 19914.0
480 19914.0
481 19914.0
482 19914.0
483 19914.0
484 19914.0
485 19914.0
486 19914.0
487 19914.0
488 19914.0
489 19914.0
490 19914.0
491 19914.0
492 19914.0
493 19914.0
494 19914.0
495 19914.0
496 19914.0
497 19914.0
498 19914.0
499 19914.0
500 19914.0
501 19914.0
502 19914.0
503 19914.0
504 19914.0
505 19914.0
506 19914.0
507 19914.0
508 19914.0
509 19914.0
510 19914.0
511 19914.0
512 19914.0
513 19914.0
514 19914.0
515 19914.0
516 19914.0
517 19914.0
518 19914.0
519 19914.0
520 19914.0
521 19914.0
522 19914.0
523 19914.0
524 19914.0
525 19914.0
526 19914.0
527 19914.0
528 19914.0
529 19914.0
530 19914.0
531 19914.0
532 19914.0
533 19914.0
534 19914.0
535 19914.0
536 19914.0
537 19914.0
538 19914.0
539 19914.0
540 19914.0
541 19914.0
542 19914.0
543 19914.0
544 19914.0
545 19914.0
546 19914.0
547 19914.0
548 19914.0
549 19914.0
550 19914.0
551 19914.0
552 19914.0
553 19914.0
554 19914.0
555 19914.0
556 19914.0
557 19914.0
558 19914.0
559 19914.0
560 19914.0
561 19914.0
562 19914.0
563 19914.0
564 19914.0
565 19914.0
566 19914.0
567 19914.0
568 19914.0
569 19914.0
570 19914.0
571 19914.0
572 19914.0
573 19914.0
574 19914.0
575 19914.0
576 20076.0
577 20076.0
578 20076.0
579 20006.0
580 20006.0
581 20006.0
582 20006.0
583 20006.0
584 20006.0
585 20006.0
586 20006.0
587 20006.0
588 20006.0
589 20006.0
590 20006.0
591 20006.0
592 20006.0
593 20006.0
594 20006.0
595 20006.0
596 20006.0
597 20006.0
598 20006.0
599 20006.0
600 20006.0
601 20006.0
602 20006.0
603 20006.0
604 20006.0
605 20006.0
606 20006.0
607 20006.0
608 20006.0
609 20006.0
610 20006.0
611 20006.0
612 20006.0
613 20006.0
614 20006.0
615 20006.0
616 20006.0
617 20006.0
618 20006.0
619 20006.0
620 20006.0
621 20006.0
622 20006.0
623 20006.0
624 20006.0
625 20006.0
626 20006.0
627 20006.0
628 20006.0
629 20006.0
630 20006.0
631 20006.0
632 20006.0
633 20006.0
634 20006.0
635 20006.0
636 20006.0
637 20006.0
638 20006.0
639 20006.0
640 20006.0
641 20006.0
642 20006.0
643 20006.0
644 20006.0
645 20006.0
646 20006.0
647 20006.0
648 20006.0
649 20006.0
650 20006.0
651 20006.0
652 20006.0
653 20006.0
654 20006.0
655 20006.0
656 20006.0
657 20006.0
658 20006.0
659 20006.0
660 20006.0
661 20006.0
662 20006.0
663 20006.0
664 20006.0
665 20006.0
666 20006.0
667 20006.0
668 20006.0
669 20006.0
670 20006.0
671 20006.0
672 20006.0
673 20006.0
674 20006.0
675 20006.0
676 20006.0
677 20006.0
678 20006.0
679 20006.0
680 20006.0
681 20006.0
682 20006.0
683 20006.0
684 20006.0
685 20006.0
686 20006.0
687 20006.0
688 20006.0
689 20006.0
690 20006.0
691 20006.0
692 20006.0
693 20006.0
694 20006.0
695 20006.0
696 20006.0
697 20006.0
698 20006.0
699 20006.0
700 20006.0
701 20006.0
702 20006.0
703 20006.0
704 20006.0
705 20006.0
706 20006.0
707 20006.0
708 20006.0
709 20006.0
710 20006.0
711 20006.0
712 20006.0
713 20006.0
714 20006.0
715 20006.0
716 20006.0
717 20006.0
718 20006.0
719 20006.0
720 20006.0
721 20006.0
722 20006.0
723 20006.0
724 20006.0
725 20006.0
726 20006.0
727 20006.0
728 20006.0
729 20006.0
730 20006.0
731 20006.0
732 20006.0
733 20006.0
734 20006.0
735 20006.0
736 20006.0
737 20006.0
738 20006.0
739 20006.0
740 20006.0
741 20006.0
742 20006.0
743 20006.0
744 20006.0
745 20006.0
746 20006.0
747 20006.0
748 20006.0
749 20006.0
750 20006.0
751 20006.0
752 20006.0
753 20006.0
754 20006.0
755 20006.0
756 20006.0
757 20006.0
758 20006.0
759 20006.0
760 20006.0
761 20006.0
762 20006.0
763 20006.0
764 20006.0
765 20006.0
766 20043.0
767 20043.0
768 20006.0
769 20006.0
770 20006.0
771 20006.0
772 20006.0
773 20006.0
774 20006.0
775 20006.0
776 20006.0
777 20006.0
778 20006.0
779 20006.0
780 20006.0
781 20006.0
782 20006.0
783 20006.0
784 20006.0
785 20006.0
786 20006.0
787 20006.0
788 20006.0
789 20006.0
790 20006.0
791 20006.0
792 20006.0
793 20006.0
794 20006.0
795 20006.0
796 20006.0
797 20006.0
798 20006.0
799 20006.0
800 20006.0
801 20006.0
802 20006.0
803 20006.0
804 20006.0
805 20006.0
806 20006.0
807 20006.0
808 20006.0
809 20006.0
810 20006.0
811 20006.0
812 20006.0
813 20006.0
814 20006.0
815 20006.0
816 20006.0
817 20006.0
818 20006.0
819 20006.0
820 20006.0
821 20006.0
822 20006.0
823 20006.0
824 20006.0
825 20006.0
826 20006.0
827 20007.0
828 20006.0
829 20006.0
830 20006.0
831 20006.0
832 20006.0
833 20006.0
834 20006.0
835 20006.0
836 20006.0
837 20006.0
838 20006.0
839 20006.0
840 20006.0
841 20006.0
842 20006.0
843 20006.0
844 20006.0
845 20006.0
846 20006.0
847 20006.0
848 20006.0
849 20006.0
850 20006.0
851 20006.0
852 20006.0
853 20006.0
854 20006.0
855 20006.0
856 20006.0
857 20006.0
858 20006.0
859 20006.0
860 20006.0
861 20006.0
862 20006.0
863 20006.0
864 20006.0
865 20006.0
866 20006.0
867 20006.0
868 20006.0
869 20006.0
870 20006.0
871 20006.0
872 20006.0
873 20006.0
874 20006.0
875 20006.0
876 20006.0
877 20006.0
878 20006.0
879 20006.0
880 20006.0
881 20006.0
882 20006.0
883 20006.0
884 20006.0
885 20006.0
886 20006.0
887 20006.0
888 20006.0
889 20006.0
890 20006.0
891 20006.0
892 20006.0
893 20006.0
894 20006.0
895 20006.0
896 20006.0
897 20006.0
898 20006.0
899 20006.0
900 20006.0
901 20006.0
902 20006.0
903 20006.0
904 20006.0
905 20006.0
906 20006.0
907 20006.0
908 20006.0
909 20006.0
910 20006.0
911 20006.0
912 20006.0
913 20006.0
914 20031.0
915 20031.0
916 20092.0
917 20134.0
918 20134.0
919 20134.0
920 20134.0
921 20134.0
922 20134.0
923 20134.0
924 20134.0
925 20134.0
926 20134.0
927 20134.0
928 20134.0
929 20134.0
930 20134.0
931 20134.0
932 20134.0
933 20134.0
934 20134.0
935 20134.0
936 20134.0
937 20134.0
938 20134.0
939 20134.0
940 20134.0
941 20134.0
942 20134.0
943 20134.0
944 20134.0
945 20134.0
946 20134.0
947 20134.0
948 20134.0
949 20134.0
950 20134.0
951 20134.0
952 20134.0
953 20134.0
954 20134.0
955 20134.0
956 20134.0
957 20134.0
958 20134.0
959 20134.0
960 20134.0
961 20134.0
962 20134.0
963 20134.0
964 20134.0
965 20134.0
966 20134.0
967 20134.0
968 20134.0
969 20134.0
970 20134.0
971 20134.0
972 20134.0
973 20134.0
974 20134.0
975 20134.0
976 20134.0
977 20134.0
978 20134.0
979 20134.0
980 20134.0
981 20134.0
982 20134.0
983 20134.0
984 20134.0
985 20134.0
986 20134.0
987 20134.0
988 20134.0
989 20134.0
990 20134.0
991 20134.0
992 20134.0
993 20134.0
994 20134.0
995 20134.0
996 20134.0
997 20134.0
998 20134.0
999 20134.0
1000 20134.0
