0 6805.0
1 7408.0
2 7317.0
3 7709.0
4 8120.0
5 9128.0
6 9711.0
7 9761.0
8 9985.0
9 10339.0
10 10339.0
11 11463.0
12 11537.0
13 11241.0
14 12065.0
15 11636.0
16 11636.0
17 12248.0
18 12641.0
19 12641.0
20 12641.0
21 12859.0
22 13892.0
23 13892.0
24 13941.0
25 13941.0
26 13892.0
27 14095.0
28 14451.0
29 14253.0
30 14151.0
31 14151.0
32 14543.0
33 14469.0
34 14649.0
35 14738.0
36 14761.0
37 15154.0
38 15153.0
39 15224.0
40 15224.0
41 15224.0
42 15224.0
43 15728.0
44 15728.0
45 16281.0
46 16037.0
47 15759.0
48 15759.0
49 15976.0
50 15976.0
51 16258.0
52 16328.0
53 16456.0
54 16973.0
55 16676.0
56 16324.0
57 16324.0
58 16376.0
59 16595.0
60 16676.0
61 16739.0
62 16739.0
63 16909.0
64 16909.0
65 16962.0
66 16962.0
67 16962.0
68 16962.0
69 17084.0
70 16962.0
71 17177.0
72 17177.0
73 17177.0
74 17177.0
75 17177.0
76 17465.0
77 17465.0
78 17465.0
79 17338.0
80 17390.0
81 17525.0
82 17381.0
83 17691.0
84 17798.0
85 17934.0
86 18260.0
87 18290.0
88 18290.0
89 18290.0
90 18290.0
91 18526.0
92 18616.0
93 18526.0
94 18493.0
95 18406.0
96 18406.0
97 18420.0
98 18420.0
99 18439.0
100 18506.0
101 18734.0
102 18648.0
103 18580.0
104 18531.0
105 18825.0
106 18825.0
107 18873.0
108 18873.0
109 18825.0
110 18788.0
111 18788.0
112 18822.0
113 18822.0
114 18807.0
115 18871.0
116 18914.0
117 18914.0
118 18964.0
119 19135.0
120 19135.0
121 19135.0
122 19135.0
123 19175.0
124 19175.0
125 19175.0
126 19175.0
127 19232.0
128 19202.0
129 19222.0
130 19254.0
131 19266.0
132 19266.0
133 19269.0
134 19412.0
135 19412.0
136 19412.0
137 19429.0
138 19412.0
139 19412.0
140 19412.0
141 19412.0
142 19412.0
143 19468.0
144 19468.0
145 19468.0
146 19468.0
147 19496.0
148 19496.0
149 19496.0
150 19496.0
151 19504.0
152 19504.0
153 19504.0
154 19504.0
155 19490.0
156 19490.0
157 19490.0
158 19490.0
159 19490.0
160 19490.0
161 19490.0
162 19490.0
163 19490.0
164 19504.0
165 19504.0
166 19504.0
167 19504.0
168 19504.0
169 19504.0
170 19504.0
171 19504.0
172 19504.0
173 19504.0
174 19504.0
175 19504.0
176 19504.0
177 19504.0
178 19504.0
179 19504.0
180 19504.0
181 19504.0
182 19504.0
183 19504.0
184 19504.0
185 19504.0
186 19504.0
187 19504.0
188 19504.0
189 19504.0
190 19504.0
191 19504.0
192 19504.0
193 19504.0
194 19504.0
195 19504.0
196 19504.0
197 19504.0
198 19504.0
199 19504.0
200 19504.0
201 19504.0
202 19504.0
203 19504.0
204 19845.0
205 19845.0
206 19504.0
207 19504.0
208 19504.0
209 19504.0
210 19504.0
211 19504.0
212 19504.0
213 19504.0
214 19504.0
215 19504.0
216 19504.0
217 19811.0
218 19504.0
219 19504.0
220 19504.0
221 19504.0
222 19504.0
223 19504.0
224 19504.0
225 19504.0
226 19504.0
227 19504.0
228 19504.0
229 19504.0
230 19504.0
231 19504.0
232 19504.0
233 19504.0
234 19504.0
235 19504.0
236 19504.0
237 19504.0
238 19504.0
239 19504.0
240 19504.0
241 19504.0
242 19504.0
243 19504.0
244 19504.0
245 19504.0
246 19504.0
247 19504.0
248 19504.0
249 19504.0
250 19510.0
251 19525.0
252 19525.0
253 19523.0
254 19518.0
255 19520.0
256 19520.0
257 19520.0
258 19520.0
259 19520.0
260 19520.0
261 19520.0
262 19520.0
263 19520.0
264 19520.0
265 19520.0
266 19520.0
267 19520.0
268 19520.0
269 19520.0
270 19520.0
271 19520.0
272 19520.0
273 19520.0
274 19520.0
275 19520.0
276 19520.0
277 19520.0
278 19520.0
279 19520.0
280 19520.0
281 19520.0
282 19520.0
283 19520.0
284 19520.0
285 19520.0
286 19520.0
287 19520.0
288 19520.0
289 19520.0
290 19520.0
291 19520.0
292 19520.0
293 19520.0
294 19520.0
295 19520.0
296 19520.0
297 19520.0
298 19520.0
299 19520.0
300 19520.0
301 19520.0
302 19520.0
303 19520.0
304 19520.0
305 19520.0
306 19520.0
307 19520.0
308 19520.0
309 19520.0
310 19520.0
311 19520.0
312 19520.0
313 19520.0
314 19520.0
315 19520.0
316 19520.0
317 19520.0
318 19520.0
319 19520.0
320 19520.0
321 19520.0
322 19520.0
323 19520.0
324 19520.0
325 19520.0
326 19520.0
327 19520.0
328 19520.0
329 19520.0
330 19520.0
331 19520.0
332 19520.0
333 19520.0
334 19520.0
335 19520.0
336 19520.0
337 19520.0
338 19520.0
339 19520.0
340 19520.0
341 19520.0
342 19520.0
343 19520.0
344 19520.0
345 19520.0
346 19520.0
347 19520.0
348 19520.0
349 19520.0
350 19520.0
351 19520.0
352 19520.0
353 19520.0
354 19520.0
355 19520.0
356 19520.0
357 19520.0
358 19520.0
359 19520.0
360 19520.0
361 19520.0
362 19520.0
363 19520.0
364 19520.0
365 19520.0
366 19520.0
367 19520.0
368 19520.0
369 19520.0
370 19520.0
371 19520.0
372 19520.0
373 19520.0
374 19520.0
375 19520.0
376 19520.0
377 19520.0
378 19520.0
379 19520.0
380 19520.0
381 19520.0
382 19520.0
383 19520.0
384 19520.0
385 19520.0
386 19520.0
387 19520.0
388 19520.0
389 19520.0
390 19520.0
391 19520.0
392 19520.0
393 19520.0
394 19520.0
395 19520.0
396 19520.0
397 19520.0
398 19520.0
399 19520.0
400 19520.0
401 19520.0
402 19520.0
403 19520.0
404 19520.0
405 19520.0
406 19520.0
407 19520.0
408 19520.0
409 19520.0
410 19520.0
411 19520.0
412 19558.0
413 19558.0
414 19558.0
415 19520.0
416 19520.0
417 19520.0
418 19520.0
419 19520.0
420 19520.0
421 19520.0
422 19520.0
423 19520.0
424 19520.0
425 19520.0
426 19520.0
427 19520.0
428 19520.0
429 19520.0
430 19520.0
431 19520.0
432 19520.0
433 19520.0
434 19520.0
435 19520.0
436 19520.0
437 19520.0
438 19520.0
439 19520.0
440 19520.0
441 19520.0
442 19520.0
443 19520.0
444 19520.0
445 19520.0
446 19520.0
447 19520.0
448 19520.0
449 19520.0
450 19520.0
451 19520.0
452 19520.0
453 19520.0
454 19520.0
455 19520.0
456 19520.0
457 19520.0
458 19520.0
459 19520.0
460 19520.0
461 19520.0
462 19520.0
463 19520.0
464 19520.0
465 19520.0
466 19520.0
467 19520.0
468 19533.0
469 19533.0
470 19701.0
471 19533.0
472 19533.0
473 19533.0
474 19701.0
475 19980.0
476 19980.0
477 19980.0
478 19980.0
479 19980.0
480 19980.0
481 19980.0
482 19980.0
483 19980.0
484 19980.0
485 19980.0
486 19980.0
487 19980.0
488 19980.0
489 19980.0
490 19980.0
491 19980.0
492 19980.0
493 19980.0
494 19980.0
495 19980.0
496 19980.0
497 19980.0
498 19980.0
499 19980.0
500 19980.0
