0 13084.0
1 13084.0
2 14003.0
3 14759.0
4 16968.0
5 16822.0
6 19197.0
7 19197.0
8 19640.0
9 19640.0
10 21227.0
11 22510.0
12 22132.0
13 23214.0
14 23904.0
15 23904.0
16 23904.0
17 24537.0
18 24872.0
19 26974.0
20 27700.0
21 27638.0
22 30400.0
23 29522.0
24 29986.0
25 31324.0
26 31324.0
27 31605.0
28 31605.0
29 31463.0
30 32669.0
31 32669.0
32 32669.0
33 34967.0
34 36841.0
35 36841.0
36 36841.0
37 36841.0
38 36841.0
39 36841.0
40 36841.0
41 37676.0
42 37676.0
43 37806.0
44 38385.0
45 38385.0
46 37267.0
47 38084.0
48 38531.0
49 38887.0
50 38887.0
51 38531.0
52 39412.0
53 39196.0
54 39196.0
55 39196.0
56 40000.0
57 39849.0
58 40923.0
59 41115.0
60 41251.0
61 41528.0
62 43314.0
63 43759.0
64 43759.0
65 43759.0
66 43759.0
67 44344.0
68 44344.0
69 45029.0
70 44248.0
71 44248.0
72 42709.0
73 42709.0
74 43706.0
75 43352.0
76 43705.0
77 44706.0
78 44706.0
79 46614.0
80 46488.0
81 44430.0
82 44560.0
83 44781.0
84 44781.0
85 44758.0
86 46361.0
87 45421.0
88 49813.0
89 49813.0
90 45521.0
91 45628.0
92 45830.0
93 46119.0
94 46435.0
95 46435.0
96 46435.0
97 48173.0
98 45915.0
99 45560.0
100 45560.0
