0 5756.0
1 5558.0
2 6092.0
3 6308.0
4 7062.0
5 6880.0
6 7221.0
7 7667.0
8 8263.0
9 8263.0
10 8268.0
11 8719.0
12 8822.0
13 9121.0
14 9588.0
15 9764.0
16 10331.0
17 10403.0
18 10549.0
19 10865.0
20 10865.0
21 10865.0
22 10865.0
23 10854.0
24 10854.0
25 11226.0
26 11226.0
27 11368.0
28 11444.0
29 11444.0
30 11226.0
31 10947.0
32 11624.0
33 11624.0
34 11553.0
35 11553.0
36 11611.0
37 12048.0
38 12051.0
39 12251.0
40 12340.0
41 12340.0
42 12340.0
43 12340.0
44 12411.0
45 12466.0
46 12466.0
47 12624.0
48 12624.0
49 12626.0
50 12883.0
51 12899.0
52 12883.0
53 12883.0
54 12898.0
55 12898.0
56 12906.0
57 12986.0
58 12986.0
59 12902.0
60 13047.0
61 13177.0
62 13051.0
63 13051.0
64 13051.0
65 13042.0
66 13042.0
67 13053.0
68 13053.0
69 13087.0
70 13076.0
71 13053.0
72 13053.0
73 13053.0
74 13037.0
75 13045.0
76 13045.0
77 13045.0
78 13081.0
79 13081.0
80 13188.0
81 13188.0
82 13081.0
83 13081.0
84 13081.0
85 13081.0
86 13112.0
87 13115.0
88 13119.0
89 13157.0
90 13119.0
91 13157.0
92 13157.0
93 13157.0
94 13157.0
95 13157.0
96 13157.0
97 13157.0
98 13157.0
99 13157.0
100 13179.0
101 13217.0
102 13217.0
103 13217.0
104 13217.0
105 13217.0
106 13217.0
107 13217.0
108 13217.0
109 13217.0
110 13217.0
111 13217.0
112 13217.0
113 13217.0
114 13217.0
115 13217.0
116 13217.0
117 13217.0
118 13217.0
119 13217.0
120 13217.0
121 13217.0
122 13217.0
123 13217.0
124 13217.0
125 13217.0
126 13217.0
127 13217.0
128 13217.0
129 13217.0
130 13217.0
131 13217.0
132 13217.0
133 13217.0
134 13217.0
135 13217.0
136 13217.0
137 13217.0
138 13217.0
139 13217.0
140 13217.0
141 13217.0
142 13217.0
143 13217.0
144 13217.0
145 13217.0
146 13217.0
147 13217.0
148 13217.0
149 13217.0
150 13217.0
151 13217.0
152 13217.0
153 13217.0
154 13217.0
155 13217.0
156 13217.0
157 13217.0
158 13217.0
159 13217.0
160 13217.0
161 13217.0
162 13217.0
163 13217.0
164 13217.0
165 13217.0
166 13217.0
167 13217.0
168 13217.0
169 13217.0
170 13217.0
171 13217.0
172 13217.0
173 13217.0
174 13217.0
175 13217.0
176 13217.0
177 13217.0
178 13217.0
179 13217.0
180 13217.0
181 13217.0
182 13217.0
183 13217.0
184 13217.0
185 13217.0
186 13217.0
187 13217.0
188 13217.0
189 13217.0
190 13217.0
191 13217.0
192 13217.0
193 13217.0
194 13217.0
195 13217.0
196 13217.0
197 13217.0
198 13217.0
199 13217.0
200 13217.0
201 13217.0
202 13217.0
203 13217.0
204 13217.0
205 13217.0
206 13217.0
207 13217.0
208 13232.0
209 13250.0
210 13237.0
211 13237.0
212 13237.0
213 13237.0
214 13237.0
215 13237.0
216 13237.0
217 13237.0
218 13237.0
219 13237.0
220 13237.0
221 13237.0
222 13237.0
223 13237.0
224 13237.0
225 13237.0
226 13237.0
227 13237.0
228 13237.0
229 13232.0
230 13232.0
231 13232.0
232 13232.0
233 13232.0
234 13232.0
235 13232.0
236 13232.0
237 13232.0
238 13232.0
239 13232.0
240 13232.0
241 13232.0
242 13232.0
243 13232.0
244 13232.0
245 13232.0
246 13232.0
247 13232.0
248 13232.0
249 13232.0
250 13232.0
251 13232.0
252 13232.0
253 13232.0
254 13232.0
255 13232.0
256 13232.0
257 13232.0
258 13232.0
259 13232.0
260 13232.0
261 13232.0
262 13232.0
263 13232.0
264 13232.0
265 13232.0
266 13232.0
267 13232.0
268 13232.0
269 13232.0
270 13232.0
271 13232.0
272 13232.0
273 13232.0
274 13232.0
275 13232.0
276 13232.0
277 13232.0
278 13232.0
279 13232.0
280 13232.0
281 13232.0
282 13232.0
283 13232.0
284 13232.0
285 13232.0
286 13232.0
287 13232.0
288 13232.0
289 13232.0
290 13232.0
291 13232.0
292 13232.0
293 13232.0
294 13232.0
295 13232.0
296 13232.0
297 13232.0
298 13232.0
299 13232.0
300 13232.0
301 13232.0
302 13232.0
303 13232.0
304 13232.0
305 13232.0
306 13232.0
307 13232.0
308 13232.0
309 13232.0
310 13232.0
311 13232.0
312 13232.0
313 13232.0
314 13232.0
315 13232.0
316 13232.0
317 13232.0
318 13232.0
319 13232.0
320 13232.0
321 13232.0
322 13232.0
323 13232.0
324 13232.0
325 13232.0
326 13232.0
327 13232.0
328 13232.0
329 13232.0
330 13232.0
331 13232.0
332 13232.0
333 13232.0
334 13232.0
335 13232.0
336 13232.0
337 13265.0
338 13265.0
339 13265.0
340 13265.0
341 13265.0
342 13265.0
343 13265.0
344 13265.0
345 13265.0
346 13265.0
347 13265.0
348 13265.0
349 13265.0
350 13265.0
351 13265.0
352 13265.0
353 13265.0
354 13265.0
355 13265.0
356 13265.0
357 13265.0
358 13265.0
359 13265.0
360 13265.0
361 13265.0
362 13265.0
363 13265.0
364 13265.0
365 13265.0
366 13265.0
367 13265.0
368 13265.0
369 13265.0
370 13265.0
371 13265.0
372 13265.0
373 13265.0
374 13265.0
375 13265.0
376 13265.0
377 13265.0
378 13265.0
379 13265.0
380 13265.0
381 13265.0
382 13265.0
383 13265.0
384 13265.0
385 13265.0
386 13265.0
387 13265.0
388 13265.0
389 13265.0
390 13265.0
391 13265.0
392 13265.0
393 13265.0
394 13265.0
395 13265.0
396 13265.0
397 13265.0
398 13265.0
399 13265.0
400 13265.0
401 13265.0
402 13265.0
403 13265.0
404 13265.0
405 13265.0
406 13265.0
407 13265.0
408 13265.0
409 13265.0
410 13265.0
411 13265.0
412 13265.0
413 13265.0
414 13265.0
415 13265.0
416 13265.0
417 13265.0
418 13265.0
419 13265.0
420 13265.0
421 13265.0
422 13265.0
423 13265.0
424 13265.0
425 13265.0
426 13265.0
427 13265.0
428 13265.0
429 13265.0
430 13265.0
431 13265.0
432 13265.0
433 13265.0
434 13265.0
435 13265.0
436 13265.0
437 13265.0
438 13265.0
439 13265.0
440 13265.0
441 13265.0
442 13265.0
443 13265.0
444 13265.0
445 13265.0
446 13265.0
447 13265.0
448 13265.0
449 13270.0
450 13270.0
451 13270.0
452 13270.0
453 13270.0
454 13270.0
455 13270.0
456 13270.0
457 13265.0
458 13265.0
459 13265.0
460 13265.0
461 13265.0
462 13265.0
463 13265.0
464 13265.0
465 13265.0
466 13265.0
467 13265.0
468 13265.0
469 13265.0
470 13265.0
471 13265.0
472 13265.0
473 13265.0
474 13265.0
475 13265.0
476 13265.0
477 13265.0
478 13265.0
479 13265.0
480 13265.0
481 13265.0
482 13265.0
483 13265.0
484 13265.0
485 13265.0
486 13265.0
487 13281.0
488 13281.0
489 13281.0
490 13281.0
491 13281.0
492 13281.0
493 13281.0
494 13281.0
495 13281.0
496 13281.0
497 13281.0
498 13281.0
499 13281.0
500 13281.0
501 13281.0
502 13281.0
503 13281.0
504 13281.0
505 13281.0
506 13281.0
507 13281.0
508 13281.0
509 13281.0
510 13281.0
511 13281.0
512 13281.0
513 13281.0
514 13281.0
515 13337.0
516 13337.0
517 13337.0
518 13337.0
519 13337.0
520 13337.0
521 13337.0
522 13337.0
523 13337.0
524 13337.0
525 13337.0
526 13337.0
527 13337.0
528 13337.0
529 13337.0
530 13337.0
531 13337.0
532 13337.0
533 13337.0
534 13337.0
535 13337.0
536 13337.0
537 13337.0
538 13337.0
539 13337.0
540 13337.0
541 13337.0
542 13337.0
543 13337.0
544 13337.0
545 13337.0
546 13337.0
547 13337.0
548 13337.0
549 13337.0
550 13337.0
551 13337.0
552 13337.0
553 13337.0
554 13337.0
555 13337.0
556 13337.0
557 13337.0
558 13337.0
559 13337.0
560 13337.0
561 13337.0
562 13337.0
563 13337.0
564 13337.0
565 13337.0
566 13337.0
567 13337.0
568 13337.0
569 13337.0
570 13337.0
571 13337.0
572 13337.0
573 13337.0
574 13337.0
575 13337.0
576 13337.0
577 13337.0
578 13337.0
579 13337.0
580 13337.0
581 13337.0
582 13337.0
583 13337.0
584 13337.0
585 13337.0
586 13337.0
587 13337.0
588 13337.0
589 13337.0
590 13337.0
591 13337.0
592 13337.0
593 13337.0
594 13337.0
595 13337.0
596 13337.0
597 13337.0
598 13337.0
599 13337.0
600 13337.0
601 13337.0
602 13337.0
603 13337.0
604 13337.0
605 13337.0
606 13337.0
607 13337.0
608 13337.0
609 13337.0
610 13337.0
611 13337.0
612 13337.0
613 13337.0
614 13337.0
615 13337.0
616 13337.0
617 13337.0
618 13337.0
619 13337.0
620 13337.0
621 13337.0
622 13337.0
623 13337.0
624 13337.0
625 13337.0
626 13337.0
627 13337.0
628 13337.0
629 13337.0
630 13337.0
631 13337.0
632 13337.0
633 13337.0
634 13337.0
635 13337.0
636 13337.0
637 13337.0
638 13337.0
639 13337.0
640 13337.0
641 13337.0
642 13337.0
643 13337.0
644 13337.0
645 13337.0
646 13337.0
647 13337.0
648 13337.0
649 13337.0
650 13337.0
651 13337.0
652 13337.0
653 13337.0
654 13337.0
655 13337.0
656 13337.0
657 13337.0
658 13337.0
659 13337.0
660 13337.0
661 13337.0
662 13337.0
663 13337.0
664 13337.0
665 13337.0
666 13337.0
667 13337.0
668 13337.0
669 13337.0
670 13337.0
671 13337.0
672 13337.0
673 13337.0
674 13337.0
675 13337.0
676 13337.0
677 13337.0
678 13337.0
679 13337.0
680 13337.0
681 13337.0
682 13337.0
683 13337.0
684 13337.0
685 13337.0
686 13337.0
687 13337.0
688 13337.0
689 13337.0
690 13337.0
691 13337.0
692 13337.0
693 13337.0
694 13337.0
695 13337.0
696 13337.0
697 13337.0
698 13337.0
699 13337.0
700 13337.0
701 13337.0
702 13337.0
703 13337.0
704 13337.0
705 13337.0
706 13337.0
707 13337.0
708 13337.0
709 13337.0
710 13337.0
711 13337.0
712 13337.0
713 13337.0
714 13337.0
715 13337.0
716 13337.0
717 13337.0
718 13337.0
719 13337.0
720 13337.0
721 13337.0
722 13337.0
723 13337.0
724 13337.0
725 13337.0
726 13337.0
727 13337.0
728 13337.0
729 13337.0
730 13337.0
731 13337.0
732 13337.0
733 13337.0
734 13337.0
735 13337.0
736 13337.0
737 13337.0
738 13337.0
739 13337.0
740 13337.0
741 13337.0
742 13337.0
743 13337.0
744 13337.0
745 13337.0
746 13337.0
747 13337.0
748 13337.0
749 13337.0
750 13337.0
751 13337.0
752 13337.0
753 13337.0
754 13337.0
755 13337.0
756 13337.0
757 13337.0
758 13337.0
759 13337.0
760 13337.0
761 13337.0
762 13337.0
763 13337.0
764 13337.0
765 13337.0
766 13337.0
767 13337.0
768 13337.0
769 13337.0
770 13337.0
771 13337.0
772 13337.0
773 13337.0
774 13337.0
775 13337.0
776 13337.0
777 13337.0
778 13337.0
779 13337.0
780 13337.0
781 13337.0
782 13337.0
783 13337.0
784 13337.0
785 13337.0
786 13337.0
787 13337.0
788 13337.0
789 13337.0
790 13337.0
791 13337.0
792 13337.0
793 13337.0
794 13337.0
795 13337.0
796 13337.0
797 13337.0
798 13337.0
799 13337.0
800 13337.0
801 13337.0
802 13337.0
803 13337.0
804 13337.0
805 13337.0
806 13337.0
807 13337.0
808 13337.0
809 13337.0
810 13337.0
811 13337.0
812 13337.0
813 13337.0
814 13337.0
815 13337.0
816 13337.0
817 13337.0
818 13337.0
819 13337.0
820 13337.0
821 13337.0
822 13337.0
823 13337.0
824 13337.0
825 13337.0
826 13337.0
827 13337.0
828 13337.0
829 13337.0
830 13337.0
831 13337.0
832 13337.0
833 13337.0
834 13337.0
835 13337.0
836 13337.0
837 13337.0
838 13337.0
839 13337.0
840 13337.0
841 13337.0
842 13337.0
843 13337.0
844 13337.0
845 13337.0
846 13337.0
847 13337.0
848 13337.0
849 13337.0
850 13337.0
851 13337.0
852 13337.0
853 13337.0
854 13337.0
855 13337.0
856 13337.0
857 13337.0
858 13337.0
859 13337.0
860 13337.0
861 13337.0
862 13337.0
863 13337.0
864 13337.0
865 13337.0
866 13337.0
867 13337.0
868 13337.0
869 13337.0
870 13337.0
871 13337.0
872 13337.0
873 13337.0
874 13337.0
875 13337.0
876 13337.0
877 13337.0
878 13337.0
879 13337.0
880 13337.0
881 13337.0
882 13337.0
883 13337.0
884 13337.0
885 13337.0
886 13337.0
887 13337.0
888 13337.0
889 13337.0
890 13337.0
891 13337.0
892 13337.0
893 13337.0
894 13337.0
895 13337.0
896 13337.0
897 13337.0
898 13337.0
899 13337.0
900 13337.0
901 13337.0
902 13337.0
903 13337.0
904 13337.0
905 13337.0
906 13337.0
907 13337.0
908 13337.0
909 13337.0
910 13337.0
911 13337.0
912 13337.0
913 13337.0
914 13337.0
915 13337.0
916 13337.0
917 13337.0
918 13337.0
919 13337.0
920 13337.0
921 13337.0
922 13337.0
923 13337.0
924 13337.0
925 13337.0
926 13337.0
927 13337.0
928 13337.0
929 13337.0
930 13337.0
931 13337.0
932 13337.0
933 13337.0
934 13337.0
935 13337.0
936 13337.0
937 13337.0
938 13337.0
939 13337.0
940 13337.0
941 13337.0
942 13337.0
943 13337.0
944 13337.0
945 13337.0
946 13337.0
947 13337.0
948 13337.0
949 13337.0
950 13337.0
951 13337.0
952 13337.0
953 13337.0
954 13337.0
955 13337.0
956 13337.0
957 13337.0
958 13337.0
959 13337.0
960 13337.0
961 13337.0
962 13337.0
963 13337.0
964 13337.0
965 13337.0
966 13337.0
967 13337.0
968 13337.0
969 13337.0
970 13337.0
971 13337.0
972 13337.0
973 13337.0
974 13337.0
975 13337.0
976 13337.0
977 13337.0
978 13337.0
979 13337.0
980 13337.0
981 13337.0
982 13337.0
983 13337.0
984 13337.0
985 13337.0
986 13337.0
987 13337.0
988 13337.0
989 13337.0
990 13337.0
991 13410.0
992 13337.0
993 13337.0
994 13337.0
995 13337.0
996 13337.0
997 13337.0
998 13337.0
999 13337.0
1000 13337.0
