0 5712.0
1 6573.0
2 7926.0
3 7926.0
4 8562.0
5 8841.0
6 9044.0
7 11052.0
8 11052.0
9 11052.0
10 11474.0
11 12973.0
12 12973.0
13 14618.0
14 13764.0
15 14680.0
16 14680.0
17 15601.0
18 16032.0
19 16586.0
20 16586.0
21 17304.0
22 18090.0
23 17804.0
24 18379.0
25 19493.0
26 19313.0
27 19258.0
28 19752.0
29 19752.0
30 20721.0
31 21466.0
32 21466.0
33 21466.0
34 22592.0
35 22481.0
36 22791.0
37 22791.0
38 23135.0
39 22961.0
40 24511.0
41 23331.0
42 23618.0
43 23553.0
44 23918.0
45 24647.0
46 25029.0
47 24647.0
48 24647.0
49 25658.0
50 25658.0
51 25382.0
52 25758.0
53 27659.0
54 27659.0
55 25917.0
56 26750.0
57 27635.0
58 26447.0
59 26831.0
60 26591.0
61 26591.0
62 26561.0
63 26975.0
64 26975.0
65 27920.0
66 28145.0
67 28145.0
68 28145.0
69 28145.0
70 28263.0
71 28416.0
72 28416.0
73 28416.0
74 29403.0
75 28626.0
76 28626.0
77 28626.0
78 29203.0
79 28381.0
80 28593.0
81 28593.0
82 30410.0
83 30410.0
84 30410.0
85 30410.0
86 29712.0
87 29712.0
88 29712.0
89 29712.0
90 29712.0
91 29712.0
92 29712.0
93 29712.0
94 30066.0
95 29712.0
96 29785.0
97 29785.0
98 30465.0
99 30465.0
100 30135.0
101 30590.0
102 30118.0
103 30118.0
104 29923.0
105 30380.0
106 30709.0
107 30178.0
108 30429.0
109 30429.0
110 30429.0
111 30349.0
112 30349.0
113 30188.0
114 31055.0
115 31055.0
116 31055.0
117 31055.0
118 31055.0
119 31093.0
120 31531.0
121 31093.0
122 30817.0
123 30961.0
124 30961.0
125 30771.0
126 30461.0
127 31036.0
128 31036.0
129 31036.0
130 30808.0
131 30897.0
132 31189.0
133 31189.0
134 31189.0
135 31189.0
136 31189.0
137 31189.0
138 31189.0
139 31189.0
140 31189.0
141 30874.0
142 30874.0
143 32050.0
144 31195.0
145 31219.0
146 31219.0
147 31035.0
148 30901.0
149 30793.0
150 30753.0
151 30753.0
152 31208.0
153 30910.0
154 30877.0
155 31023.0
156 30938.0
157 30968.0
158 31735.0
159 30821.0
160 31052.0
161 31052.0
162 31052.0
163 31042.0
164 31175.0
165 31789.0
166 31209.0
167 31375.0
168 31375.0
169 31375.0
170 31375.0
171 31262.0
172 31259.0
173 31736.0
174 31350.0
175 31350.0
176 31350.0
177 31350.0
178 31350.0
179 31865.0
180 31948.0
181 31585.0
182 31585.0
183 31298.0
184 31298.0
185 31298.0
186 31210.0
187 31017.0
188 31143.0
189 31343.0
190 31490.0
191 31715.0
192 31715.0
193 31715.0
194 31889.0
195 31889.0
196 31889.0
197 31889.0
198 32023.0
199 31889.0
200 31889.0
201 31725.0
202 31725.0
203 32149.0
204 31875.0
205 31713.0
206 32299.0
207 32395.0
208 32599.0
209 32395.0
210 32395.0
211 31951.0
212 32039.0
213 32035.0
214 32046.0
215 32035.0
216 32601.0
217 32601.0
218 32601.0
219 32554.0
220 32554.0
221 32554.0
222 32554.0
223 32554.0
224 32638.0
225 32638.0
226 32247.0
227 32810.0
228 32810.0
229 32511.0
230 33011.0
231 33011.0
232 33011.0
233 32648.0
234 33166.0
235 33166.0
236 32648.0
237 32649.0
238 32649.0
239 32961.0
240 32961.0
241 32961.0
242 32961.0
243 33098.0
244 32961.0
245 32961.0
246 33010.0
247 32801.0
248 32829.0
249 32829.0
250 32829.0
251 32880.0
252 32880.0
253 32880.0
254 33385.0
255 33385.0
256 33385.0
257 33385.0
258 33494.0
259 33385.0
260 33169.0
261 33169.0
262 33073.0
263 33073.0
264 32725.0
265 32725.0
266 33119.0
267 33119.0
268 33138.0
269 33138.0
270 33838.0
271 33838.0
272 33239.0
273 33239.0
274 32986.0
275 32986.0
276 33433.0
277 33433.0
278 33433.0
279 33075.0
280 32928.0
281 32993.0
282 32993.0
283 32993.0
284 33240.0
285 33233.0
286 33233.0
287 33361.0
288 33764.0
289 34379.0
290 34379.0
291 34379.0
292 34379.0
293 34379.0
294 33063.0
295 33608.0
296 33608.0
297 33608.0
298 33119.0
299 33119.0
300 33119.0
301 33202.0
302 33297.0
303 33297.0
304 33428.0
305 33677.0
306 33677.0
307 33677.0
308 33677.0
309 34010.0
310 34010.0
311 34010.0
312 34010.0
313 34010.0
314 34010.0
315 33721.0
316 33721.0
317 33721.0
318 33344.0
319 33344.0
320 33344.0
321 33344.0
322 33516.0
323 33639.0
324 33639.0
325 33639.0
326 33817.0
327 33817.0
328 33817.0
329 33817.0
330 34161.0
331 33921.0
332 33921.0
333 33545.0
334 33545.0
335 33335.0
336 34385.0
337 33971.0
338 33335.0
339 33223.0
340 33371.0
341 33371.0
342 33589.0
343 33634.0
344 33804.0
345 34355.0
346 34355.0
347 34772.0
348 34772.0
349 34772.0
350 34772.0
351 34772.0
352 34238.0
353 34155.0
354 34155.0
355 34155.0
356 34155.0
357 34157.0
358 34157.0
359 33899.0
360 33945.0
361 34159.0
362 33991.0
363 33991.0
364 33970.0
365 33989.0
366 34516.0
367 34516.0
368 34582.0
369 34516.0
370 34350.0
371 34350.0
372 34350.0
373 34084.0
374 34307.0
375 34307.0
376 34307.0
377 34307.0
378 33984.0
379 33984.0
380 34005.0
381 34005.0
382 34005.0
383 33961.0
384 34526.0
385 33961.0
386 34172.0
387 34185.0
388 34185.0
389 34185.0
390 34185.0
391 34185.0
392 34244.0
393 34095.0
394 34095.0
395 34236.0
396 34095.0
397 34095.0
398 34233.0
399 34370.0
400 34233.0
401 34489.0
402 34239.0
403 34392.0
404 34099.0
405 34185.0
406 34850.0
407 34850.0
408 34819.0
409 34819.0
410 34819.0
411 34338.0
412 34528.0
413 34528.0
414 34528.0
415 34565.0
416 34473.0
417 34473.0
418 34856.0
419 34856.0
420 34951.0
421 34856.0
422 34578.0
423 34766.0
424 34766.0
425 34766.0
426 34766.0
427 34766.0
428 34620.0
429 34703.0
430 34703.0
431 34854.0
432 34854.0
433 34854.0
434 34854.0
435 34854.0
436 34756.0
437 34756.0
438 34756.0
439 35216.0
440 35216.0
441 34891.0
442 34891.0
443 34856.0
444 34856.0
445 34645.0
446 34550.0
447 34550.0
448 35002.0
449 35002.0
450 34833.0
451 34812.0
452 35051.0
453 35121.0
454 35121.0
455 35121.0
456 34971.0
457 34952.0
458 35038.0
459 35038.0
460 35038.0
461 35038.0
462 35038.0
463 35096.0
464 35009.0
465 35009.0
466 35127.0
467 35127.0
468 35127.0
469 35009.0
470 35270.0
471 35132.0
472 35132.0
473 35115.0
474 35115.0
475 35115.0
476 35115.0
477 35115.0
478 35063.0
479 35063.0
480 35033.0
481 35396.0
482 35396.0
483 35396.0
484 35396.0
485 35396.0
486 35429.0
487 35429.0
488 35396.0
489 35396.0
490 35666.0
491 35666.0
492 35666.0
493 35666.0
494 35520.0
495 35520.0
496 35785.0
497 35520.0
498 35520.0
499 35581.0
500 35725.0
501 35759.0
502 35759.0
503 35725.0
504 35725.0
505 35725.0
506 35801.0
507 35955.0
508 35683.0
509 35683.0
510 35677.0
511 35675.0
512 35807.0
513 35807.0
514 36380.0
515 35675.0
516 35675.0
517 35906.0
518 35906.0
519 35779.0
520 35684.0
521 35732.0
522 35774.0
523 35884.0
524 36040.0
525 36040.0
526 36040.0
527 36010.0
528 36010.0
529 36010.0
530 36305.0
531 36305.0
532 36305.0
533 36305.0
534 36305.0
535 36305.0
536 36250.0
537 35932.0
538 36057.0
539 36057.0
540 36208.0
541 36085.0
542 36117.0
543 36339.0
544 36339.0
545 36339.0
546 36339.0
547 36146.0
548 36187.0
549 36146.0
550 36194.0
551 36291.0
552 36181.0
553 36177.0
554 36230.0
555 36295.0
556 36295.0
557 36295.0
558 36313.0
559 36251.0
560 36262.0
561 36362.0
562 36376.0
563 36376.0
564 36398.0
565 36308.0
566 36348.0
567 36348.0
568 36402.0
569 36402.0
570 36392.0
571 36455.0
572 36455.0
573 36455.0
574 36536.0
575 36496.0
576 36496.0
577 36496.0
578 36472.0
579 36472.0
580 36521.0
581 36521.0
582 36521.0
583 36562.0
584 36542.0
585 36509.0
586 36553.0
587 36532.0
588 36561.0
589 36561.0
590 36666.0
591 36666.0
592 36666.0
593 36666.0
594 36748.0
595 36666.0
596 36678.0
597 36695.0
598 36706.0
599 36716.0
600 36728.0
601 36767.0
602 36760.0
603 36797.0
604 36816.0
605 36816.0
606 36816.0
607 36816.0
608 36816.0
609 36885.0
610 36885.0
611 36888.0
612 36914.0
613 36888.0
614 36888.0
615 36868.0
616 36868.0
617 36943.0
618 36943.0
619 36878.0
620 36888.0
621 36888.0
622 36878.0
623 36878.0
624 36878.0
625 36878.0
626 36878.0
627 36878.0
628 36878.0
629 36878.0
630 36878.0
631 36878.0
632 36878.0
633 36878.0
634 36878.0
635 36878.0
636 36878.0
637 36878.0
638 36878.0
639 36878.0
640 36878.0
641 36878.0
642 36878.0
643 36878.0
644 36878.0
645 36878.0
646 36878.0
647 36878.0
648 36878.0
649 36878.0
650 36878.0
651 36878.0
652 36878.0
653 36878.0
654 36878.0
655 36878.0
656 36878.0
657 36878.0
658 36878.0
659 36878.0
660 36878.0
661 36878.0
662 36878.0
663 36878.0
664 36878.0
665 36878.0
666 36878.0
667 36878.0
668 36878.0
669 36878.0
670 36878.0
671 36878.0
672 36878.0
673 36878.0
674 36878.0
675 36878.0
676 36878.0
677 36878.0
678 36878.0
679 36878.0
680 36878.0
681 36878.0
682 36878.0
683 36878.0
684 36878.0
685 36878.0
686 36878.0
687 36878.0
688 36878.0
689 36878.0
690 36878.0
691 36878.0
692 36878.0
693 36878.0
694 36878.0
695 36878.0
696 36878.0
697 36878.0
698 36878.0
699 36878.0
700 36878.0
701 36878.0
702 36878.0
703 36878.0
704 36878.0
705 36878.0
706 36878.0
707 36878.0
708 36878.0
709 36878.0
710 36878.0
711 36878.0
712 36878.0
713 36878.0
714 36878.0
715 36878.0
716 36878.0
717 36878.0
718 36878.0
719 36878.0
720 36878.0
721 36878.0
722 36878.0
723 36878.0
724 36878.0
725 36878.0
726 36878.0
727 36878.0
728 36878.0
729 36878.0
730 36878.0
731 36878.0
732 36878.0
733 36878.0
734 36878.0
735 36878.0
736 36878.0
737 36878.0
738 36878.0
739 36878.0
740 36878.0
741 36878.0
742 36878.0
743 36878.0
744 36878.0
745 36878.0
746 36878.0
747 36878.0
748 36878.0
749 36878.0
750 36878.0
751 36878.0
752 36878.0
753 36878.0
754 36878.0
755 36878.0
756 36878.0
757 36878.0
758 36878.0
759 36878.0
760 36878.0
761 36878.0
762 36878.0
763 36878.0
764 36878.0
765 36878.0
766 36878.0
767 36878.0
768 36878.0
769 36878.0
770 36878.0
771 36878.0
772 36878.0
773 36878.0
774 36878.0
775 36878.0
776 36878.0
777 36878.0
778 36878.0
779 36878.0
780 36878.0
781 36878.0
782 36878.0
783 36878.0
784 36878.0
785 36878.0
786 36878.0
787 36878.0
788 36878.0
789 36878.0
790 36878.0
791 36878.0
792 36878.0
793 36878.0
794 36878.0
795 36878.0
796 36878.0
797 36878.0
798 36878.0
799 36878.0
800 36878.0
801 36878.0
802 36878.0
803 36878.0
804 36878.0
805 36878.0
806 36878.0
807 36878.0
808 36878.0
809 36878.0
810 36878.0
811 36878.0
812 36878.0
813 36878.0
814 36878.0
815 36878.0
816 36878.0
817 36878.0
818 36878.0
819 36878.0
820 36878.0
821 36878.0
822 36878.0
823 36878.0
824 36878.0
825 36878.0
826 36878.0
827 36878.0
828 36878.0
829 36878.0
830 36878.0
831 36878.0
832 36878.0
833 36878.0
834 36878.0
835 36878.0
836 36878.0
837 36878.0
838 36878.0
839 36878.0
840 36878.0
841 36878.0
842 36878.0
843 36878.0
844 36878.0
845 36878.0
846 36878.0
847 36878.0
848 36878.0
849 36878.0
850 36878.0
851 36878.0
852 36878.0
853 36878.0
854 36878.0
855 36878.0
856 36878.0
857 36878.0
858 36878.0
859 36878.0
860 36878.0
861 36878.0
862 36878.0
863 36878.0
864 36878.0
865 36878.0
866 36878.0
867 36878.0
868 36878.0
869 36878.0
870 36878.0
871 36878.0
872 36878.0
873 36878.0
874 36878.0
875 36878.0
876 36878.0
877 36878.0
878 36878.0
879 36878.0
880 36878.0
881 36878.0
882 36878.0
883 36878.0
884 36878.0
885 36878.0
886 36878.0
887 36878.0
888 36878.0
889 36878.0
890 36878.0
891 36878.0
892 36878.0
893 36878.0
894 36878.0
895 36878.0
896 36878.0
897 36878.0
898 36878.0
899 36878.0
900 36878.0
901 36878.0
902 36878.0
903 36878.0
904 36878.0
905 36878.0
906 36878.0
907 36878.0
908 36878.0
909 36878.0
910 36878.0
911 36878.0
912 36878.0
913 36878.0
914 36878.0
915 36878.0
916 36878.0
917 36878.0
918 36878.0
919 36878.0
920 36878.0
921 36878.0
922 36878.0
923 36878.0
924 36878.0
925 36878.0
926 36878.0
927 36878.0
928 36878.0
929 36878.0
930 36878.0
931 36878.0
932 36878.0
933 36878.0
934 36878.0
935 36878.0
936 36878.0
937 36878.0
938 36878.0
939 36878.0
940 36878.0
941 36878.0
942 36878.0
943 36878.0
944 36878.0
945 36878.0
946 36878.0
947 36878.0
948 36878.0
949 36878.0
950 36878.0
951 36878.0
952 36878.0
953 36878.0
954 36878.0
955 36878.0
956 36878.0
957 36878.0
958 36878.0
959 36878.0
960 36878.0
961 36878.0
962 36878.0
963 36878.0
964 36878.0
965 36878.0
966 36878.0
967 36878.0
968 36878.0
969 36878.0
970 36878.0
971 36878.0
972 36878.0
973 36878.0
974 36878.0
975 36878.0
976 36878.0
977 36878.0
978 36878.0
979 36878.0
980 36878.0
981 36878.0
982 36878.0
983 36878.0
984 36878.0
985 36878.0
986 36878.0
987 36878.0
988 36878.0
989 36878.0
990 36878.0
991 36878.0
992 36878.0
993 36878.0
994 36878.0
995 36878.0
996 36878.0
997 36878.0
998 36878.0
999 36878.0
1000 36878.0
