0 7206.0
1 7695.0
2 8370.0
3 8660.0
4 9246.0
5 9307.0
6 9731.0
7 10484.0
8 10427.0
9 10713.0
10 11304.0
11 11882.0
12 11994.0
13 12407.0
14 12723.0
15 13030.0
16 13470.0
17 13986.0
18 14133.0
19 14268.0
20 14935.0
21 15385.0
22 15385.0
23 15183.0
24 15346.0
25 15405.0
26 16129.0
27 16188.0
28 16764.0
29 17209.0
30 16764.0
31 16829.0
32 17167.0
33 17167.0
34 17175.0
35 17175.0
36 17141.0
37 17041.0
38 17352.0
39 17844.0
40 17844.0
41 17857.0
42 17851.0
43 17851.0
44 17852.0
45 18012.0
46 18012.0
47 18353.0
48 18149.0
49 18435.0
50 18578.0
51 18435.0
52 18443.0
53 18866.0
54 18866.0
55 18834.0
56 18834.0
57 18834.0
58 18832.0
59 18842.0
60 18832.0
61 19034.0
62 19285.0
63 19285.0
64 19285.0
65 19285.0
66 19486.0
67 19486.0
68 19487.0
69 19659.0
70 19659.0
71 19659.0
72 19659.0
73 19659.0
74 19506.0
75 19486.0
76 19637.0
77 19580.0
78 19580.0
79 19850.0
80 19938.0
81 19938.0
82 20047.0
83 20332.0
84 19932.0
85 20119.0
86 20119.0
87 20119.0
88 20119.0
89 20119.0
90 20276.0
91 20256.0
92 20204.0
93 20204.0
94 20236.0
95 20264.0
96 20391.0
97 20388.0
98 20400.0
99 20506.0
100 20506.0
101 20734.0
102 20734.0
103 20734.0
104 20566.0
105 20566.0
106 20607.0
107 20669.0
108 20669.0
109 20840.0
110 20669.0
111 20669.0
112 20746.0
113 20746.0
114 20700.0
115 20700.0
116 20739.0
117 20752.0
118 20905.0
119 20905.0
120 20905.0
121 20905.0
122 20905.0
123 20927.0
124 21025.0
125 20967.0
126 20992.0
127 21003.0
128 21004.0
129 21004.0
130 21004.0
131 21021.0
132 21021.0
133 21021.0
134 21026.0
135 21089.0
136 21040.0
137 21095.0
138 21105.0
139 21105.0
140 21095.0
141 21095.0
142 21095.0
143 21088.0
144 21088.0
145 21088.0
146 21074.0
147 21074.0
148 21094.0
149 21094.0
150 21095.0
151 21109.0
152 21109.0
153 21131.0
154 21139.0
155 21139.0
156 21145.0
157 21145.0
158 21116.0
159 21131.0
160 21152.0
161 21164.0
162 21167.0
163 21167.0
164 21167.0
165 21167.0
166 21167.0
167 21171.0
168 21169.0
169 21169.0
170 21169.0
171 21169.0
172 21169.0
173 21169.0
174 21169.0
175 21169.0
176 21169.0
177 21169.0
178 21169.0
179 21169.0
180 21169.0
181 21169.0
182 21173.0
183 21173.0
184 21173.0
185 21173.0
186 21152.0
187 21152.0
188 21152.0
189 21152.0
190 21152.0
191 21152.0
192 21152.0
193 21152.0
194 21152.0
195 21152.0
196 21152.0
197 21152.0
198 21152.0
199 21152.0
200 21152.0
201 21152.0
202 21152.0
203 21152.0
204 21152.0
205 21152.0
206 21152.0
207 21152.0
208 21152.0
209 21152.0
210 21152.0
211 21152.0
212 21152.0
213 21152.0
214 21152.0
215 21152.0
216 21152.0
217 21152.0
218 21152.0
219 21152.0
220 21152.0
221 21152.0
222 21152.0
223 21152.0
224 21152.0
225 21152.0
226 21152.0
227 21152.0
228 21152.0
229 21152.0
230 21152.0
231 21152.0
232 21152.0
233 21152.0
234 21152.0
235 21152.0
236 21152.0
237 21152.0
238 21152.0
239 21152.0
240 21152.0
241 21152.0
242 21152.0
243 21152.0
244 21152.0
245 21152.0
246 21152.0
247 21152.0
248 21152.0
249 21152.0
250 21152.0
251 21152.0
252 21152.0
253 21152.0
254 21152.0
255 21152.0
256 21152.0
257 21152.0
258 21152.0
259 21152.0
260 21152.0
261 21152.0
262 21152.0
263 21152.0
264 21152.0
265 21152.0
266 21152.0
267 21152.0
268 21152.0
269 21152.0
270 21152.0
271 21152.0
272 21152.0
273 21152.0
274 21152.0
275 21152.0
276 21152.0
277 21152.0
278 21152.0
279 21152.0
280 21152.0
281 21152.0
282 21152.0
283 21152.0
284 21152.0
285 21152.0
286 21152.0
287 21152.0
288 21152.0
289 21152.0
290 21152.0
291 21152.0
292 21152.0
293 21152.0
294 21152.0
295 21152.0
296 21152.0
297 21152.0
298 21152.0
299 21152.0
300 21152.0
301 21152.0
302 21152.0
303 21152.0
304 21152.0
305 21152.0
306 21152.0
307 21152.0
308 21152.0
309 21152.0
310 21152.0
311 21152.0
312 21152.0
313 21152.0
314 21152.0
315 21152.0
316 21152.0
317 21152.0
318 21152.0
319 21152.0
320 21152.0
321 21152.0
322 21152.0
323 21152.0
324 21152.0
325 21152.0
326 21152.0
327 21152.0
328 21152.0
329 21152.0
330 21152.0
331 21152.0
332 21152.0
333 21152.0
334 21152.0
335 21152.0
336 21152.0
337 21152.0
338 21152.0
339 21152.0
340 21152.0
341 21152.0
342 21152.0
343 21152.0
344 21152.0
345 21152.0
346 21152.0
347 21152.0
348 21152.0
349 21152.0
350 21152.0
351 21152.0
352 21152.0
353 21152.0
354 21152.0
355 21152.0
356 21152.0
357 21152.0
358 21152.0
359 21152.0
360 21152.0
361 21152.0
362 21152.0
363 21152.0
364 21152.0
365 21152.0
366 21152.0
367 21152.0
368 21152.0
369 21152.0
370 21152.0
371 21152.0
372 21152.0
373 21152.0
374 21152.0
375 21152.0
376 21152.0
377 21152.0
378 21152.0
379 21152.0
380 21152.0
381 21152.0
382 21152.0
383 21152.0
384 21152.0
385 21152.0
386 21152.0
387 21152.0
388 21152.0
389 21152.0
390 21152.0
391 21152.0
392 21152.0
393 21152.0
394 21152.0
395 21152.0
396 21152.0
397 21152.0
398 21152.0
399 21152.0
400 21152.0
401 21152.0
402 21152.0
403 21152.0
404 21152.0
405 21152.0
406 21152.0
407 21152.0
408 21152.0
409 21152.0
410 21152.0
411 21152.0
412 21152.0
413 21152.0
414 21152.0
415 21152.0
416 21152.0
417 21152.0
418 21152.0
419 21152.0
420 21152.0
421 21152.0
422 21152.0
423 21152.0
424 21152.0
425 21152.0
426 21152.0
427 21152.0
428 21152.0
429 21152.0
430 21152.0
431 21152.0
432 21152.0
433 21152.0
434 21152.0
435 21152.0
436 21152.0
437 21152.0
438 21152.0
439 21152.0
440 21152.0
441 21152.0
442 21152.0
443 21152.0
444 21152.0
445 21152.0
446 21152.0
447 21152.0
448 21152.0
449 21152.0
450 21152.0
451 21152.0
452 21152.0
453 21152.0
454 21152.0
455 21152.0
456 21152.0
457 21152.0
458 21152.0
459 21152.0
460 21152.0
461 21152.0
462 21152.0
463 21152.0
464 21152.0
465 21152.0
466 21152.0
467 21152.0
468 21152.0
469 21152.0
470 21152.0
471 21152.0
472 21152.0
473 21152.0
474 21152.0
475 21152.0
476 21152.0
477 21152.0
478 21152.0
479 21152.0
480 21152.0
481 21152.0
482 21152.0
483 21152.0
484 21152.0
485 21152.0
486 21152.0
487 21152.0
488 21152.0
489 21152.0
490 21152.0
491 21152.0
492 21152.0
493 21152.0
494 21152.0
495 21152.0
496 21152.0
497 21152.0
498 21152.0
499 21152.0
500 21152.0
501 21152.0
502 21152.0
503 21152.0
504 21152.0
505 21152.0
506 21152.0
507 21152.0
508 21152.0
509 21152.0
510 21152.0
511 21152.0
512 21152.0
513 21152.0
514 21152.0
515 21152.0
516 21152.0
517 21152.0
518 21152.0
519 21152.0
520 21152.0
521 21152.0
522 21152.0
523 21152.0
524 21152.0
525 21152.0
526 21152.0
527 21152.0
528 21152.0
529 21152.0
530 21152.0
531 21152.0
532 21152.0
533 21152.0
534 21152.0
535 21152.0
536 21152.0
537 21152.0
538 21152.0
539 21152.0
540 21152.0
541 21152.0
542 21152.0
543 21152.0
544 21152.0
545 21152.0
546 21152.0
547 21152.0
548 21152.0
549 21152.0
550 21152.0
551 21152.0
552 21152.0
553 21152.0
554 21152.0
555 21152.0
556 21152.0
557 21152.0
558 21152.0
559 21152.0
560 21152.0
561 21152.0
562 21152.0
563 21152.0
564 21152.0
565 21152.0
566 21152.0
567 21152.0
568 21152.0
569 21152.0
570 21152.0
571 21152.0
572 21152.0
573 21152.0
574 21152.0
575 21152.0
576 21152.0
577 21152.0
578 21152.0
579 21152.0
580 21152.0
581 21152.0
582 21152.0
583 21152.0
584 21152.0
585 21152.0
586 21152.0
587 21152.0
588 21152.0
589 21152.0
590 21152.0
591 21152.0
592 21152.0
593 21152.0
594 21152.0
595 21152.0
596 21152.0
597 21152.0
598 21152.0
599 21152.0
600 21152.0
601 21152.0
602 21152.0
603 21152.0
604 21152.0
605 21152.0
606 21152.0
607 21152.0
608 21152.0
609 21152.0
610 21152.0
611 21152.0
612 21152.0
613 21152.0
614 21152.0
615 21152.0
616 21152.0
617 21152.0
618 21152.0
619 21152.0
620 21152.0
621 21152.0
622 21152.0
623 21152.0
624 21152.0
625 21152.0
626 21152.0
627 21152.0
628 21152.0
629 21152.0
630 21152.0
631 21152.0
632 21152.0
633 21152.0
634 21152.0
635 21152.0
636 21152.0
637 21152.0
638 21152.0
639 21152.0
640 21152.0
641 21152.0
642 21152.0
643 21152.0
644 21152.0
645 21152.0
646 21152.0
647 21152.0
648 21152.0
649 21152.0
650 21152.0
651 21152.0
652 21152.0
653 21152.0
654 21152.0
655 21152.0
656 21152.0
657 21152.0
658 21152.0
659 21152.0
660 21152.0
661 21152.0
662 21152.0
663 21152.0
664 21152.0
665 21152.0
666 21173.0
667 21173.0
668 21174.0
669 21174.0
670 21174.0
671 21174.0
672 21174.0
673 21174.0
674 21174.0
675 21174.0
676 21174.0
677 21174.0
678 21174.0
679 21174.0
680 21174.0
681 21174.0
682 21174.0
683 21174.0
684 21174.0
685 21174.0
686 21174.0
687 21174.0
688 21174.0
689 21174.0
690 21174.0
691 21174.0
692 21174.0
693 21174.0
694 21174.0
695 21174.0
696 21174.0
697 21174.0
698 21174.0
699 21174.0
700 21174.0
701 21174.0
702 21174.0
703 21174.0
704 21190.0
705 21174.0
706 21174.0
707 21174.0
708 21174.0
709 21174.0
710 21174.0
711 21174.0
712 21174.0
713 21174.0
714 21174.0
715 21174.0
716 21174.0
717 21174.0
718 21174.0
719 21174.0
720 21174.0
721 21174.0
722 21174.0
723 21174.0
724 21174.0
725 21174.0
726 21174.0
727 21174.0
728 21174.0
729 21174.0
730 21174.0
731 21174.0
732 21174.0
733 21174.0
734 21174.0
735 21174.0
736 21174.0
737 21174.0
738 21174.0
739 21174.0
740 21174.0
741 21174.0
742 21174.0
743 21174.0
744 21174.0
745 21174.0
746 21174.0
747 21174.0
748 21174.0
749 21174.0
750 21174.0
751 21174.0
752 21174.0
753 21174.0
754 21174.0
755 21174.0
756 21174.0
757 21174.0
758 21174.0
759 21174.0
760 21174.0
761 21174.0
762 21174.0
763 21174.0
764 21174.0
765 21174.0
766 21174.0
767 21174.0
768 21174.0
769 21174.0
770 21174.0
771 21174.0
772 21174.0
773 21174.0
774 21174.0
775 21174.0
776 21174.0
777 21174.0
778 21174.0
779 21174.0
780 21174.0
781 21174.0
782 21174.0
783 21174.0
784 21174.0
785 21174.0
786 21174.0
787 21174.0
788 21174.0
789 21174.0
790 21174.0
791 21174.0
792 21174.0
793 21174.0
794 21174.0
795 21174.0
796 21174.0
797 21174.0
798 21174.0
799 21174.0
800 21174.0
801 21174.0
802 21174.0
803 21174.0
804 21174.0
805 21174.0
806 21174.0
807 21174.0
808 21174.0
809 21174.0
810 21174.0
811 21174.0
812 21174.0
813 21174.0
814 21174.0
815 21174.0
816 21174.0
817 21174.0
818 21174.0
819 21174.0
820 21174.0
821 21174.0
822 21174.0
823 21174.0
824 21174.0
825 21174.0
826 21174.0
827 21174.0
828 21174.0
829 21174.0
830 21174.0
831 21174.0
832 21174.0
833 21174.0
834 21174.0
835 21174.0
836 21174.0
837 21174.0
838 21174.0
839 21174.0
840 21174.0
841 21174.0
842 21174.0
843 21174.0
844 21174.0
845 21174.0
846 21174.0
847 21174.0
848 21174.0
849 21174.0
850 21174.0
851 21174.0
852 21174.0
853 21174.0
854 21174.0
855 21174.0
856 21174.0
857 21174.0
858 21174.0
859 21174.0
860 21174.0
861 21174.0
862 21174.0
863 21174.0
864 21174.0
865 21174.0
866 21174.0
867 21174.0
868 21174.0
869 21174.0
870 21174.0
871 21174.0
872 21174.0
873 21174.0
874 21174.0
875 21174.0
876 21174.0
877 21174.0
878 21174.0
879 21174.0
880 21174.0
881 21174.0
882 21174.0
883 21174.0
884 21174.0
885 21174.0
886 21174.0
887 21174.0
888 21174.0
889 21174.0
890 21174.0
891 21174.0
892 21174.0
893 21174.0
894 21174.0
895 21174.0
896 21174.0
897 21174.0
898 21174.0
899 21174.0
900 21174.0
901 21174.0
902 21174.0
903 21174.0
904 21174.0
905 21174.0
906 21174.0
907 21174.0
908 21174.0
909 21174.0
910 21174.0
911 21174.0
912 21174.0
913 21174.0
914 21174.0
915 21174.0
916 21174.0
917 21174.0
918 21174.0
919 21174.0
920 21174.0
921 21174.0
922 21174.0
923 21174.0
924 21174.0
925 21174.0
926 21174.0
927 21174.0
928 21174.0
929 21174.0
930 21174.0
931 21174.0
932 21174.0
933 21174.0
934 21174.0
935 21174.0
936 21174.0
937 21174.0
938 21174.0
939 21179.0
940 21174.0
941 21174.0
942 21174.0
943 21174.0
944 21174.0
945 21174.0
946 21174.0
947 21174.0
948 21174.0
949 21174.0
950 21174.0
951 21174.0
952 21174.0
953 21174.0
954 21174.0
955 21174.0
956 21174.0
957 21174.0
958 21174.0
959 21174.0
960 21174.0
961 21174.0
962 21174.0
963 21174.0
964 21174.0
965 21174.0
966 21174.0
967 21174.0
968 21174.0
969 21174.0
970 21174.0
971 21174.0
972 21174.0
973 21174.0
974 21174.0
975 21174.0
976 21174.0
977 21174.0
978 21174.0
979 21174.0
980 21174.0
981 21174.0
982 21174.0
983 21174.0
984 21174.0
985 21174.0
986 21174.0
987 21174.0
988 21174.0
989 21174.0
990 21174.0
991 21174.0
992 21174.0
993 21174.0
994 21174.0
995 21174.0
996 21174.0
997 21174.0
998 21174.0
999 21174.0
1000 21174.0
