0 6186.0
1 6520.0
2 7083.0
3 7563.0
4 8693.0
5 8731.0
6 9468.0
7 10097.0
8 10836.0
9 11632.0
10 12136.0
11 12504.0
12 13883.0
13 13408.0
14 13735.0
15 15042.0
16 15042.0
17 15359.0
18 15827.0
19 17041.0
20 17041.0
21 17837.0
22 17969.0
23 18173.0
24 18914.0
25 19383.0
26 19383.0
27 19409.0
28 19847.0
29 20354.0
30 20704.0
31 22123.0
32 22123.0
33 22609.0
34 22609.0
35 23580.0
36 23580.0
37 22609.0
38 23047.0
39 23047.0
40 24046.0
41 24046.0
42 24804.0
43 24804.0
44 24804.0
45 25099.0
46 25023.0
47 25023.0
48 25371.0
49 25500.0
50 25943.0
51 26745.0
52 26745.0
53 26745.0
54 26745.0
55 26745.0
56 26694.0
57 27170.0
58 26534.0
59 27014.0
60 27275.0
61 27529.0
62 27371.0
63 27277.0
64 27277.0
65 27454.0
66 28418.0
67 28418.0
68 28000.0
69 28000.0
70 28766.0
71 28766.0
72 28766.0
73 28766.0
74 28766.0
75 29528.0
76 29528.0
77 28855.0
78 29163.0
79 28855.0
80 28855.0
81 29083.0
82 29083.0
83 28953.0
84 29017.0
85 29133.0
86 29612.0
87 28959.0
88 29455.0
89 29455.0
90 29352.0
91 30011.0
92 30011.0
93 29362.0
94 30066.0
95 30066.0
96 29669.0
97 30289.0
98 30301.0
99 30301.0
100 30301.0
101 30289.0
102 30509.0
103 30509.0
104 30663.0
105 30663.0
106 30663.0
107 30663.0
108 30509.0
109 30426.0
110 30142.0
111 30428.0
112 30428.0
113 30673.0
114 30781.0
115 30673.0
116 30906.0
117 30906.0
118 30906.0
119 30906.0
120 30558.0
121 31389.0
122 31389.0
123 30273.0
124 30312.0
125 30588.0
126 30599.0
127 30587.0
128 30864.0
129 30864.0
130 30975.0
131 30990.0
132 30975.0
133 30861.0
134 31316.0
135 31316.0
136 30897.0
137 30897.0
138 31423.0
139 31001.0
140 30635.0
141 31277.0
142 31277.0
143 31239.0
144 31239.0
145 31422.0
146 31422.0
147 31422.0
148 31335.0
149 31335.0
150 31335.0
151 31357.0
152 30949.0
153 31093.0
154 31226.0
155 31167.0
156 31349.0
157 31390.0
158 31349.0
159 31320.0
160 31493.0
161 31493.0
162 31672.0
163 31672.0
164 31280.0
165 31457.0
166 31576.0
167 31576.0
168 32894.0
169 32894.0
170 31722.0
171 31722.0
172 32044.0
173 31970.0
174 31970.0
175 32064.0
176 32064.0
177 32340.0
178 32405.0
179 32405.0
180 32405.0
181 32405.0
182 31701.0
183 32536.0
184 32115.0
185 32453.0
186 32043.0
187 32535.0
188 32535.0
189 32629.0
190 31924.0
191 32477.0
192 32113.0
193 32408.0
194 32408.0
195 32408.0
196 32408.0
197 32722.0
198 32722.0
199 32722.0
200 32722.0
201 32575.0
202 32575.0
203 32575.0
204 31983.0
205 32298.0
206 32942.0
207 32942.0
208 32942.0
209 33455.0
210 32942.0
211 32512.0
212 32512.0
213 32995.0
214 32482.0
215 32482.0
216 32482.0
217 32173.0
218 32328.0
219 33227.0
220 33227.0
221 33261.0
222 33227.0
223 33227.0
224 32482.0
225 32482.0
226 33163.0
227 32252.0
228 32690.0
229 32506.0
230 32506.0
231 32489.0
232 32489.0
233 32400.0
234 32646.0
235 32983.0
236 32983.0
237 32646.0
238 33078.0
239 33119.0
240 33119.0
241 33568.0
242 33444.0
243 33444.0
244 33444.0
245 33444.0
246 33105.0
247 33141.0
248 33950.0
249 33153.0
250 33141.0
251 33141.0
252 33141.0
253 33141.0
254 33141.0
255 33141.0
256 33141.0
257 33141.0
258 33141.0
259 33021.0
260 33140.0
261 33140.0
262 33156.0
263 33156.0
264 33230.0
265 33230.0
266 34020.0
267 33645.0
268 33645.0
269 33645.0
270 33645.0
271 33422.0
272 33191.0
273 33034.0
274 33348.0
275 33348.0
276 33348.0
277 33348.0
278 33348.0
279 33960.0
280 33129.0
281 33129.0
282 33283.0
283 33283.0
284 33425.0
285 33425.0
286 33283.0
287 32913.0
288 32965.0
289 32853.0
290 33764.0
291 33204.0
292 33205.0
293 33418.0
294 33418.0
295 33303.0
296 33303.0
297 33303.0
298 33303.0
299 33003.0
300 33003.0
301 33036.0
302 34348.0
303 34348.0
304 34348.0
305 34117.0
306 34117.0
307 34117.0
308 33323.0
309 33113.0
310 32794.0
311 33286.0
312 33588.0
313 33286.0
314 33286.0
315 33299.0
316 33767.0
317 33767.0
318 33767.0
319 33767.0
320 33767.0
321 33767.0
322 33767.0
323 33767.0
324 33767.0
325 33644.0
326 33684.0
327 33802.0
328 33644.0
329 33644.0
330 33477.0
331 33408.0
332 33408.0
333 33408.0
334 33457.0
335 33457.0
336 33039.0
337 33039.0
338 32885.0
339 32885.0
340 32889.0
341 33426.0
342 33426.0
343 33426.0
344 33136.0
345 33136.0
346 33136.0
347 33136.0
348 33244.0
349 33382.0
350 33382.0
351 33333.0
352 33333.0
353 33333.0
354 33704.0
355 33704.0
356 33704.0
357 33704.0
358 33704.0
359 33704.0
360 33704.0
361 33299.0
362 33163.0
363 33090.0
364 33148.0
365 33415.0
366 33415.0
367 32924.0
368 33592.0
369 33592.0
370 33592.0
371 33592.0
372 33235.0
373 33490.0
374 33221.0
375 33197.0
376 33185.0
377 33185.0
378 33595.0
379 33721.0
380 33721.0
381 33721.0
382 33780.0
383 33780.0
384 33797.0
385 33797.0
386 33578.0
387 33578.0
388 33578.0
389 33578.0
390 33854.0
391 33906.0
392 33854.0
393 33854.0
394 33854.0
395 33854.0
396 33854.0
397 33611.0
398 33994.0
399 33994.0
400 33994.0
401 33964.0
402 33964.0
403 33964.0
404 33964.0
405 34127.0
406 33866.0
407 33507.0
408 33531.0
409 33531.0
410 33531.0
411 33531.0
412 33531.0
413 33304.0
414 33494.0
415 33608.0
416 33608.0
417 33491.0
418 33474.0
419 33554.0
420 33554.0
421 33488.0
422 33488.0
423 34200.0
424 33753.0
425 33753.0
426 33753.0
427 33769.0
428 33990.0
429 33990.0
430 34123.0
431 34123.0
432 33990.0
433 33990.0
434 33881.0
435 33783.0
436 34016.0
437 34016.0
438 33814.0
439 34009.0
440 33730.0
441 33651.0
442 34199.0
443 34305.0
444 34305.0
445 34305.0
446 34156.0
447 34236.0
448 34236.0
449 34303.0
450 34303.0
451 34303.0
452 34303.0
453 34303.0
454 34303.0
455 34303.0
456 34189.0
457 34704.0
458 34157.0
459 34526.0
460 34246.0
461 34246.0
462 34246.0
463 34339.0
464 34363.0
465 34554.0
466 34363.0
467 34864.0
468 34864.0
469 34864.0
470 34864.0
471 34864.0
472 34864.0
473 34419.0
474 34436.0
475 34959.0
476 34959.0
477 35197.0
478 35197.0
479 35197.0
480 35197.0
481 35197.0
482 35197.0
483 34575.0
484 34742.0
485 34742.0
486 34944.0
487 34944.0
488 34659.0
489 34813.0
490 34770.0
491 34722.0
492 34671.0
493 34961.0
494 34961.0
495 35116.0
496 35116.0
497 35172.0
498 35172.0
499 35172.0
500 35171.0
