0 5386.0
1 5598.0
2 6382.0
3 6860.0
4 6896.0
5 7006.0
6 7691.0
7 8327.0
8 8867.0
9 8736.0
10 9448.0
11 9280.0
12 9694.0
13 9694.0
14 10316.0
15 10316.0
16 10346.0
17 11290.0
18 11290.0
19 11290.0
20 11372.0
21 11574.0
22 11574.0
23 11574.0
24 11726.0
25 11638.0
26 11897.0
27 12031.0
28 12031.0
29 12186.0
30 12186.0
31 12158.0
32 12386.0
33 12464.0
34 12651.0
35 13118.0
36 13118.0
37 12811.0
38 13032.0
39 13210.0
40 13256.0
41 13432.0
42 13432.0
43 13519.0
44 13537.0
45 13537.0
46 14160.0
47 13789.0
48 14186.0
49 14580.0
50 14580.0
51 14580.0
52 14580.0
53 14307.0
54 15279.0
55 15279.0
56 15279.0
57 14685.0
58 14685.0
59 14685.0
60 14685.0
61 14787.0
62 14899.0
63 14899.0
64 14899.0
65 14899.0
66 14901.0
67 14993.0
68 15271.0
69 15257.0
70 15257.0
71 15277.0
72 15277.0
73 15448.0
74 15363.0
75 15670.0
76 15921.0
77 15921.0
78 15921.0
79 15921.0
80 16146.0
81 15921.0
82 15858.0
83 15933.0
84 15933.0
85 15933.0
86 15933.0
87 16035.0
88 16035.0
89 16035.0
90 16035.0
91 16129.0
92 16163.0
93 16322.0
94 16381.0
95 16547.0
96 16547.0
97 16547.0
98 16516.0
99 16352.0
100 16547.0
101 16547.0
102 16547.0
103 16547.0
104 16547.0
105 16547.0
106 16547.0
107 16547.0
108 16547.0
109 16547.0
110 16547.0
111 16547.0
112 16547.0
113 16547.0
114 16572.0
115 16572.0
116 16572.0
117 16572.0
118 16581.0
119 16581.0
120 16581.0
121 16581.0
122 16581.0
123 16581.0
124 16547.0
125 16547.0
126 16547.0
127 16547.0
128 16547.0
129 16547.0
130 16547.0
131 16547.0
132 16547.0
133 16547.0
134 16547.0
135 16547.0
136 16547.0
137 16547.0
138 16547.0
139 16547.0
140 16547.0
141 16547.0
142 16547.0
143 16547.0
144 16547.0
145 16547.0
146 16547.0
147 16547.0
148 16547.0
149 16547.0
150 16547.0
151 16547.0
152 16547.0
153 16547.0
154 16547.0
155 16547.0
156 16547.0
157 16547.0
158 16547.0
159 16547.0
160 16547.0
161 16547.0
162 16547.0
163 16547.0
164 16547.0
165 16547.0
166 16547.0
167 16547.0
168 16547.0
169 16547.0
170 16547.0
171 16547.0
172 16547.0
173 16547.0
174 16547.0
175 16547.0
176 16580.0
177 16642.0
178 16642.0
179 16642.0
180 16642.0
181 16642.0
182 16642.0
183 16642.0
184 16642.0
185 16642.0
186 16642.0
187 16642.0
188 16642.0
189 16642.0
190 16642.0
191 16642.0
192 16642.0
193 16642.0
194 16642.0
195 16642.0
196 16642.0
197 16642.0
198 16642.0
199 16642.0
200 16642.0
201 16642.0
202 16642.0
203 16642.0
204 16642.0
205 16642.0
206 16642.0
207 16642.0
208 16642.0
209 16642.0
210 16642.0
211 16642.0
212 16642.0
213 16642.0
214 16642.0
215 16642.0
216 16642.0
217 16642.0
218 16642.0
219 16642.0
220 16642.0
221 16642.0
222 16642.0
223 16642.0
224 16642.0
225 16642.0
226 16642.0
227 16642.0
228 16642.0
229 16642.0
230 16642.0
231 16642.0
232 16642.0
233 16642.0
234 16642.0
235 16642.0
236 16642.0
237 16642.0
238 16642.0
239 16642.0
240 16642.0
241 16642.0
242 16642.0
243 16642.0
244 16642.0
245 16642.0
246 16642.0
247 16642.0
248 16642.0
249 16642.0
250 16642.0
251 16642.0
252 16642.0
253 16642.0
254 16642.0
255 16642.0
256 16642.0
257 16642.0
258 16642.0
259 16642.0
260 16642.0
261 16642.0
262 16642.0
263 16642.0
264 16642.0
265 16642.0
266 16642.0
267 16642.0
268 16642.0
269 16642.0
270 16642.0
271 16642.0
272 16642.0
273 16642.0
274 16642.0
275 16642.0
276 16642.0
277 16642.0
278 16642.0
279 16642.0
280 16642.0
281 16642.0
282 16642.0
283 16642.0
284 16642.0
285 16642.0
286 16642.0
287 16642.0
288 16642.0
289 16642.0
290 16642.0
291 16642.0
292 16642.0
293 16644.0
294 16644.0
295 16673.0
296 16673.0
297 16673.0
298 16686.0
299 16686.0
300 16686.0
301 16686.0
302 16686.0
303 16686.0
304 16686.0
305 16686.0
306 16686.0
307 16686.0
308 16686.0
309 16686.0
310 16686.0
311 16686.0
312 16686.0
313 16686.0
314 16686.0
315 16686.0
316 16686.0
317 16686.0
318 16686.0
319 16686.0
320 16686.0
321 16686.0
322 16686.0
323 16686.0
324 16686.0
325 16686.0
326 16686.0
327 16686.0
328 16686.0
329 16686.0
330 16686.0
331 16686.0
332 16686.0
333 16686.0
334 16686.0
335 16686.0
336 16686.0
337 16686.0
338 16686.0
339 16686.0
340 16686.0
341 16686.0
342 16708.0
343 16708.0
344 16708.0
345 16708.0
346 16708.0
347 16708.0
348 16708.0
349 16708.0
350 16708.0
351 16708.0
352 16708.0
353 16708.0
354 16708.0
355 16708.0
356 16708.0
357 16708.0
358 16708.0
359 16708.0
360 16708.0
361 16708.0
362 16708.0
363 16708.0
364 16708.0
365 16708.0
366 16708.0
367 16708.0
368 16708.0
369 16708.0
370 16708.0
371 16708.0
372 16708.0
373 16708.0
374 16708.0
375 16708.0
376 16708.0
377 16708.0
378 16708.0
379 16708.0
380 16708.0
381 16708.0
382 16708.0
383 16708.0
384 16708.0
385 16708.0
386 16708.0
387 16708.0
388 16708.0
389 16708.0
390 16708.0
391 16708.0
392 16708.0
393 16708.0
394 16708.0
395 16708.0
396 16708.0
397 16708.0
398 16708.0
399 16708.0
400 16708.0
401 16708.0
402 16708.0
403 16708.0
404 16708.0
405 16708.0
406 16708.0
407 16708.0
408 16708.0
409 16708.0
410 16708.0
411 16708.0
412 16708.0
413 16708.0
414 16708.0
415 16708.0
416 16708.0
417 16708.0
418 16708.0
419 16708.0
420 16708.0
421 16708.0
422 16708.0
423 16708.0
424 16708.0
425 16708.0
426 16708.0
427 16708.0
428 16708.0
429 16708.0
430 16708.0
431 16708.0
432 16708.0
433 16708.0
434 16708.0
435 16708.0
436 16708.0
437 16708.0
438 16708.0
439 16708.0
440 16708.0
441 16708.0
442 16708.0
443 16708.0
444 16708.0
445 16708.0
446 16708.0
447 16708.0
448 16708.0
449 16708.0
450 16708.0
451 16708.0
452 16708.0
453 16708.0
454 16708.0
455 16708.0
456 16708.0
457 16708.0
458 16708.0
459 16708.0
460 16708.0
461 16708.0
462 16708.0
463 16708.0
464 16708.0
465 16708.0
466 16708.0
467 16708.0
468 16708.0
469 16708.0
470 16708.0
471 16708.0
472 16708.0
473 16708.0
474 16708.0
475 16708.0
476 16708.0
477 16708.0
478 16708.0
479 16708.0
480 16708.0
481 16708.0
482 16708.0
483 16708.0
484 16708.0
485 16708.0
486 16708.0
487 16708.0
488 16708.0
489 16708.0
490 16708.0
491 16708.0
492 16708.0
493 16708.0
494 16708.0
495 16708.0
496 16708.0
497 16708.0
498 16708.0
499 16708.0
500 16708.0
