0 4451.0
1 4774.0
2 4883.0
3 5346.0
4 5724.0
5 6001.0
6 6475.0
7 6605.0
8 6630.0
9 7019.0
10 7551.0
11 7640.0
12 7872.0
13 8158.0
14 8158.0
15 8376.0
16 8549.0
17 8736.0
18 8736.0
19 9063.0
20 9063.0
21 9144.0
22 9507.0
23 9507.0
24 9461.0
25 9709.0
26 10038.0
27 9729.0
28 10501.0
29 9818.0
30 10015.0
31 10047.0
32 10126.0
33 10074.0
34 10202.0
35 10165.0
36 10316.0
37 10316.0
38 10320.0
39 10366.0
40 10452.0
41 10706.0
42 10706.0
43 10706.0
44 10731.0
45 10879.0
46 10995.0
47 10995.0
48 10995.0
49 10995.0
50 10937.0
51 11046.0
52 10972.0
53 10972.0
54 11008.0
55 11095.0
56 11144.0
57 11144.0
58 11150.0
59 11230.0
60 11230.0
61 11230.0
62 11241.0
63 11241.0
64 11250.0
65 11276.0
66 11282.0
67 11276.0
68 11302.0
69 11302.0
70 11302.0
71 11302.0
72 11300.0
73 11300.0
74 11304.0
75 11300.0
76 11306.0
77 11306.0
78 11320.0
79 11320.0
80 11320.0
81 11306.0
82 11306.0
83 11306.0
84 11314.0
85 11314.0
86 11314.0
87 11314.0
88 11334.0
89 11318.0
90 11318.0
91 11318.0
92 11306.0
93 11306.0
94 11306.0
95 11314.0
96 11318.0
97 11320.0
98 11320.0
99 11320.0
100 11320.0
101 11286.0
102 11286.0
103 11286.0
104 11286.0
105 11286.0
106 11286.0
107 11286.0
108 11286.0
109 11286.0
110 11286.0
111 11286.0
112 11286.0
113 11286.0
114 11286.0
115 11286.0
116 11286.0
117 11286.0
118 11286.0
119 11286.0
120 11286.0
121 11286.0
122 11286.0
123 11286.0
124 11286.0
125 11286.0
126 11286.0
127 11286.0
128 11286.0
129 11286.0
130 11286.0
131 11286.0
132 11286.0
133 11286.0
134 11320.0
135 11286.0
136 11286.0
137 11286.0
138 11286.0
139 11286.0
140 11286.0
141 11286.0
142 11286.0
143 11286.0
144 11286.0
145 11286.0
146 11286.0
147 11286.0
148 11286.0
149 11286.0
150 11286.0
151 11286.0
152 11286.0
153 11286.0
154 11286.0
155 11286.0
156 11286.0
157 11286.0
158 11286.0
159 11286.0
160 11286.0
161 11286.0
162 11286.0
163 11286.0
164 11286.0
165 11286.0
166 11286.0
167 11286.0
168 11286.0
169 11286.0
170 11286.0
171 11286.0
172 11286.0
173 11286.0
174 11286.0
175 11286.0
176 11286.0
177 11286.0
178 11286.0
179 11286.0
180 11286.0
181 11286.0
182 11286.0
183 11286.0
184 11286.0
185 11286.0
186 11286.0
187 11286.0
188 11286.0
189 11286.0
190 11286.0
191 11286.0
192 11286.0
193 11286.0
194 11286.0
195 11286.0
196 11286.0
197 11286.0
198 11286.0
199 11286.0
200 11286.0
201 11286.0
202 11286.0
203 11286.0
204 11286.0
205 11286.0
206 11286.0
207 11286.0
208 11320.0
209 11320.0
210 11320.0
211 11286.0
212 11286.0
213 11286.0
214 11286.0
215 11286.0
216 11286.0
217 11286.0
218 11286.0
219 11286.0
220 11286.0
221 11286.0
222 11286.0
223 11286.0
224 11286.0
225 11286.0
226 11286.0
227 11286.0
228 11286.0
229 11286.0
230 11286.0
231 11286.0
232 11286.0
233 11286.0
234 11286.0
235 11286.0
236 11286.0
237 11286.0
238 11286.0
239 11286.0
240 11286.0
241 11286.0
242 11286.0
243 11286.0
244 11286.0
245 11286.0
246 11286.0
247 11286.0
248 11286.0
249 11286.0
250 11286.0
251 11286.0
252 11286.0
253 11286.0
254 11286.0
255 11286.0
256 11286.0
257 11286.0
258 11286.0
259 11286.0
260 11286.0
261 11286.0
262 11286.0
263 11286.0
264 11286.0
265 11286.0
266 11286.0
267 11286.0
268 11286.0
269 11286.0
270 11286.0
271 11286.0
272 11286.0
273 11286.0
274 11286.0
275 11286.0
276 11286.0
277 11286.0
278 11286.0
279 11286.0
280 11286.0
281 11286.0
282 11286.0
283 11286.0
284 11286.0
285 11286.0
286 11286.0
287 11286.0
288 11286.0
289 11286.0
290 11286.0
291 11286.0
292 11286.0
293 11286.0
294 11286.0
295 11286.0
296 11286.0
297 11286.0
298 11286.0
299 11286.0
300 11286.0
301 11286.0
302 11286.0
303 11286.0
304 11286.0
305 11286.0
306 11286.0
307 11286.0
308 11286.0
309 11286.0
310 11286.0
311 11286.0
312 11286.0
313 11286.0
314 11286.0
315 11286.0
316 11286.0
317 11286.0
318 11286.0
319 11286.0
320 11286.0
321 11286.0
322 11286.0
323 11286.0
324 11286.0
325 11286.0
326 11286.0
327 11286.0
328 11286.0
329 11286.0
330 11286.0
331 11286.0
332 11286.0
333 11286.0
334 11286.0
335 11286.0
336 11286.0
337 11286.0
338 11286.0
339 11286.0
340 11286.0
341 11286.0
342 11286.0
343 11286.0
344 11286.0
345 11286.0
346 11286.0
347 11286.0
348 11286.0
349 11286.0
350 11286.0
351 11286.0
352 11286.0
353 11286.0
354 11286.0
355 11286.0
356 11286.0
357 11286.0
358 11286.0
359 11286.0
360 11286.0
361 11286.0
362 11286.0
363 11286.0
364 11286.0
365 11286.0
366 11286.0
367 11286.0
368 11286.0
369 11286.0
370 11286.0
371 11286.0
372 11286.0
373 11286.0
374 11286.0
375 11286.0
376 11286.0
377 11286.0
378 11286.0
379 11286.0
380 11286.0
381 11286.0
382 11286.0
383 11286.0
384 11286.0
385 11286.0
386 11286.0
387 11286.0
388 11286.0
389 11286.0
390 11286.0
391 11286.0
392 11286.0
393 11286.0
394 11286.0
395 11286.0
396 11286.0
397 11286.0
398 11286.0
399 11286.0
400 11286.0
401 11286.0
402 11286.0
403 11286.0
404 11286.0
405 11286.0
406 11286.0
407 11286.0
408 11286.0
409 11286.0
410 11286.0
411 11286.0
412 11286.0
413 11286.0
414 11286.0
415 11286.0
416 11286.0
417 11286.0
418 11286.0
419 11286.0
420 11286.0
421 11286.0
422 11286.0
423 11286.0
424 11286.0
425 11286.0
426 11286.0
427 11286.0
428 11286.0
429 11286.0
430 11286.0
431 11286.0
432 11286.0
433 11286.0
434 11286.0
435 11306.0
436 11306.0
437 11306.0
438 11306.0
439 11306.0
440 11286.0
441 11320.0
442 11320.0
443 11320.0
444 11320.0
445 11286.0
446 11286.0
447 11320.0
448 11286.0
449 11286.0
450 11286.0
451 11286.0
452 11286.0
453 11286.0
454 11286.0
455 11286.0
456 11286.0
457 11286.0
458 11286.0
459 11286.0
460 11286.0
461 11286.0
462 11286.0
463 11286.0
464 11286.0
465 11286.0
466 11286.0
467 11286.0
468 11286.0
469 11286.0
470 11286.0
471 11286.0
472 11286.0
473 11286.0
474 11286.0
475 11286.0
476 11286.0
477 11286.0
478 11286.0
479 11286.0
480 11286.0
481 11286.0
482 11286.0
483 11286.0
484 11286.0
485 11286.0
486 11286.0
487 11286.0
488 11286.0
489 11286.0
490 11286.0
491 11286.0
492 11286.0
493 11286.0
494 11286.0
495 11286.0
496 11286.0
497 11286.0
498 11286.0
499 11286.0
500 11286.0
