0 7127.0
1 7287.0
2 8074.0
3 8074.0
4 8758.0
5 9678.0
6 9678.0
7 9995.0
8 11359.0
9 11359.0
10 12006.0
11 12303.0
12 12682.0
13 13232.0
14 14742.0
15 14742.0
16 14742.0
17 15329.0
18 15329.0
19 15691.0
20 15694.0
21 15694.0
22 15682.0
23 15832.0
24 16632.0
25 16999.0
26 16999.0
27 17435.0
28 17435.0
29 17472.0
30 18142.0
31 19583.0
32 19583.0
33 19583.0
34 18726.0
35 18905.0
36 19080.0
37 19080.0
38 19036.0
39 19036.0
40 19556.0
41 20336.0
42 20336.0
43 20336.0
44 20654.0
45 20336.0
46 20336.0
47 20044.0
48 21153.0
49 21153.0
50 21153.0
51 20795.0
52 20795.0
53 20795.0
54 21181.0
55 21181.0
56 21685.0
57 21999.0
58 21685.0
59 21685.0
60 22127.0
61 22127.0
62 22179.0
63 22385.0
64 22127.0
65 22162.0
66 23088.0
67 22517.0
68 22517.0
69 23026.0
70 22867.0
71 23658.0
72 23658.0
73 23075.0
74 23504.0
75 23504.0
76 24105.0
77 24105.0
78 24455.0
79 24455.0
80 24455.0
81 24455.0
82 24867.0
83 24867.0
84 24867.0
85 24867.0
86 24867.0
87 24867.0
88 25105.0
89 24749.0
90 25017.0
91 25017.0
92 25017.0
93 25017.0
94 25017.0
95 25596.0
96 25596.0
97 25596.0
98 25288.0
99 25696.0
100 26465.0
101 26465.0
102 26921.0
103 25537.0
104 25537.0
105 25537.0
106 26271.0
107 25347.0
108 25347.0
109 26104.0
110 26104.0
111 26104.0
112 26104.0
113 26563.0
114 26563.0
115 26563.0
116 26563.0
117 26563.0
118 26563.0
119 26641.0
120 26519.0
121 27018.0
122 26438.0
123 26438.0
124 26791.0
125 26791.0
126 26879.0
127 26879.0
128 26879.0
129 26879.0
130 26879.0
131 26879.0
132 26879.0
133 26879.0
134 26879.0
135 28136.0
136 27115.0
137 27152.0
138 27152.0
139 27152.0
140 27077.0
141 27147.0
142 27147.0
143 27118.0
144 26763.0
145 26763.0
146 27036.0
147 27282.0
148 27631.0
149 27036.0
150 27036.0
151 27036.0
152 26131.0
153 27614.0
154 27728.0
155 27728.0
156 27204.0
157 27446.0
158 27446.0
159 26772.0
160 26772.0
161 26562.0
162 26384.0
163 26834.0
164 26834.0
165 27164.0
166 27473.0
167 27207.0
168 27207.0
169 27202.0
170 27124.0
171 27124.0
172 27034.0
173 27034.0
174 27310.0
175 27310.0
176 27385.0
177 27385.0
178 27810.0
179 27386.0
180 27386.0
181 27108.0
182 27314.0
183 27314.0
184 27275.0
185 27746.0
186 28406.0
187 27746.0
188 28719.0
189 28719.0
190 28719.0
191 28719.0
192 28719.0
193 28719.0
194 28719.0
195 28791.0
196 28606.0
197 28606.0
198 28606.0
199 28026.0
200 28251.0
201 28323.0
202 28323.0
203 28323.0
204 28307.0
205 28307.0
206 28307.0
207 28307.0
208 28439.0
209 28439.0
210 28831.0
211 28831.0
212 28831.0
213 28831.0
214 28831.0
215 29032.0
216 29032.0
217 29032.0
218 28300.0
219 28623.0
220 28300.0
221 28300.0
222 29084.0
223 29360.0
224 29658.0
225 29658.0
226 29872.0
227 29872.0
228 29872.0
229 29872.0
230 30139.0
231 30139.0
232 29803.0
233 29803.0
234 29803.0
235 30468.0
236 30468.0
237 30468.0
238 30468.0
239 30207.0
240 29915.0
241 29915.0
242 29915.0
243 29802.0
244 29598.0
245 29435.0
246 29298.0
247 29538.0
248 29824.0
249 29824.0
250 29824.0
251 29718.0
252 29782.0
253 29718.0
254 29718.0
255 29849.0
256 29849.0
257 30201.0
258 30201.0
259 30255.0
260 30312.0
261 30312.0
262 30312.0
263 30312.0
264 30393.0
265 30393.0
266 30266.0
267 30015.0
268 30613.0
269 30613.0
270 31038.0
271 30114.0
272 30114.0
273 30579.0
274 31043.0
275 31209.0
276 31043.0
277 31248.0
278 31270.0
279 31377.0
280 31599.0
281 31599.0
282 31686.0
283 31686.0
284 31686.0
285 31733.0
286 31848.0
287 31848.0
288 32550.0
289 32308.0
290 32878.0
291 32878.0
292 32463.0
293 32254.0
294 32695.0
295 32695.0
296 32254.0
297 32566.0
298 32566.0
299 32566.0
300 33216.0
301 32625.0
302 32796.0
303 32796.0
304 32806.0
305 33208.0
306 33379.0
307 33379.0
308 33580.0
309 33580.0
310 33580.0
311 33580.0
312 33396.0
313 33365.0
314 33939.0
315 33351.0
316 33900.0
317 33340.0
318 33340.0
319 34112.0
320 34471.0
321 33694.0
322 33567.0
323 33837.0
324 33837.0
325 33837.0
326 33837.0
327 34016.0
328 34108.0
329 34016.0
330 33782.0
331 34083.0
332 34083.0
333 34586.0
334 34586.0
335 34586.0
336 34586.0
337 34586.0
338 34586.0
339 34586.0
340 34586.0
341 34386.0
342 34386.0
343 34386.0
344 34386.0
345 34309.0
346 34636.0
347 34966.0
348 34966.0
349 34760.0
350 34764.0
351 34764.0
352 34764.0
353 34764.0
354 34899.0
355 34899.0
356 34899.0
357 35532.0
358 35532.0
359 34963.0
360 34963.0
361 35430.0
362 35430.0
363 35468.0
364 35500.0
365 36245.0
366 35711.0
367 36291.0
368 36291.0
369 36291.0
370 36291.0
371 36148.0
372 36148.0
373 36148.0
374 36148.0
375 36148.0
376 36313.0
377 36865.0
378 36865.0
379 36865.0
380 36865.0
381 36865.0
382 36364.0
383 36364.0
384 36617.0
385 36617.0
386 36880.0
387 37022.0
388 37022.0
389 36915.0
390 37017.0
391 37017.0
392 37017.0
393 36814.0
394 36921.0
395 36921.0
396 36921.0
397 37107.0
398 37107.0
399 36947.0
400 36629.0
401 36675.0
402 36745.0
403 36901.0
404 36745.0
405 37026.0
406 36449.0
407 36421.0
408 36326.0
409 36523.0
410 37209.0
411 37209.0
412 37107.0
413 37107.0
414 36998.0
415 37077.0
416 37463.0
417 37274.0
418 37436.0
419 37436.0
420 37436.0
421 37406.0
422 37471.0
423 37633.0
424 38065.0
425 38337.0
426 37719.0
427 37851.0
428 37851.0
429 37851.0
430 37608.0
431 37993.0
432 37993.0
433 37993.0
434 38664.0
435 38308.0
436 38308.0
437 37836.0
438 38108.0
439 37836.0
440 38302.0
441 38472.0
442 38889.0
443 38889.0
444 38889.0
445 38889.0
446 39018.0
447 39018.0
448 39018.0
449 39304.0
450 39435.0
451 39435.0
452 39435.0
453 39435.0
454 39435.0
455 39435.0
456 39435.0
457 39435.0
458 39435.0
459 39435.0
460 39843.0
461 39843.0
462 39850.0
463 39850.0
464 39886.0
465 39916.0
466 39916.0
467 40030.0
468 39850.0
469 39893.0
470 39906.0
471 39968.0
472 39972.0
473 39972.0
474 40178.0
475 40243.0
476 40178.0
477 40177.0
478 40178.0
479 40180.0
480 40180.0
481 40180.0
482 40180.0
483 40180.0
484 40180.0
485 40180.0
486 40180.0
487 40180.0
488 40180.0
489 40178.0
490 40178.0
491 40178.0
492 40178.0
493 40178.0
494 40178.0
495 40178.0
496 40178.0
497 40178.0
498 40178.0
499 40178.0
500 40178.0
