0 6222.0
1 6222.0
2 6859.0
3 7483.0
4 8028.0
5 8028.0
6 8966.0
7 9359.0
8 9614.0
9 10477.0
10 11407.0
11 11755.0
12 12508.0
13 13229.0
14 13617.0
15 13617.0
16 14299.0
17 14780.0
18 15277.0
19 15634.0
20 15778.0
21 15778.0
22 16699.0
23 17319.0
24 17319.0
25 18108.0
26 19814.0
27 18421.0
28 18587.0
29 18935.0
30 18895.0
31 19888.0
32 19905.0
33 21255.0
34 20982.0
35 20982.0
36 21937.0
37 23164.0
38 21754.0
39 21614.0
40 22393.0
41 22393.0
42 22393.0
43 22491.0
44 22393.0
45 23707.0
46 23580.0
47 23580.0
48 23394.0
49 23394.0
50 23704.0
51 23704.0
52 23737.0
53 24011.0
54 24730.0
55 24730.0
56 24959.0
57 24959.0
58 25334.0
59 25915.0
60 25957.0
61 25334.0
62 25771.0
63 25520.0
64 26140.0
65 25808.0
66 26100.0
67 26031.0
68 26096.0
69 26701.0
70 27192.0
71 27213.0
72 27501.0
73 27501.0
74 27501.0
75 27698.0
76 27698.0
77 27698.0
78 27892.0
79 27892.0
80 27892.0
81 27630.0
82 27731.0
83 28057.0
84 28057.0
85 28820.0
86 28869.0
87 28869.0
88 29863.0
89 29863.0
90 29863.0
91 28869.0
92 28869.0
93 28869.0
94 28869.0
95 28869.0
96 28869.0
97 28869.0
98 28869.0
99 28386.0
100 28950.0
101 28950.0
102 29368.0
103 28816.0
104 28873.0
105 28873.0
106 29183.0
107 29191.0
108 28909.0
109 28915.0
110 28915.0
111 29648.0
112 29078.0
113 29078.0
114 29584.0
115 29584.0
116 29617.0
117 29617.0
118 29617.0
119 29129.0
120 28869.0
121 29015.0
122 29015.0
123 29018.0
124 29147.0
125 29726.0
126 29521.0
127 29521.0
128 29521.0
129 29724.0
130 29915.0
131 30096.0
132 30369.0
133 30369.0
134 30463.0
135 31060.0
136 31060.0
137 31060.0
138 31060.0
139 31060.0
140 31060.0
141 31060.0
142 30403.0
143 30403.0
144 30403.0
145 30530.0
146 30530.0
147 30364.0
148 30361.0
149 31055.0
150 31055.0
151 31055.0
152 31055.0
153 30344.0
154 30135.0
155 30540.0
156 30803.0
157 30803.0
158 30803.0
159 30375.0
160 30826.0
161 30696.0
162 30696.0
163 30696.0
164 30715.0
165 30715.0
166 30608.0
167 30636.0
168 30636.0
169 30608.0
170 30986.0
171 30986.0
172 31020.0
173 31020.0
174 31406.0
175 31406.0
176 31406.0
177 31406.0
178 31406.0
179 31406.0
180 30969.0
181 31231.0
182 31107.0
183 31107.0
184 31107.0
185 31072.0
186 31072.0
187 30817.0
188 30817.0
189 31025.0
190 31022.0
191 31439.0
192 31439.0
193 31379.0
194 31379.0
195 31379.0
196 31245.0
197 32078.0
198 32078.0
199 31476.0
200 31646.0
201 31646.0
202 31675.0
203 31845.0
204 33207.0
205 31845.0
206 31845.0
207 32207.0
208 32207.0
209 32207.0
210 32207.0
211 31662.0
212 31507.0
213 31507.0
214 32368.0
215 32368.0
216 32368.0
217 32368.0
218 32192.0
219 31949.0
220 31949.0
221 31949.0
222 31949.0
223 31949.0
224 31949.0
225 31949.0
226 31949.0
227 31687.0
228 31687.0
229 31412.0
230 32058.0
231 31748.0
232 31657.0
233 31764.0
234 32072.0
235 31549.0
236 31549.0
237 31549.0
238 31374.0
239 31460.0
240 31522.0
241 32069.0
242 32278.0
243 32278.0
244 32278.0
245 32022.0
246 32277.0
247 32277.0
248 32277.0
249 32277.0
250 32277.0
251 32277.0
252 32277.0
253 31570.0
254 31570.0
255 31890.0
256 32439.0
257 32439.0
258 32439.0
259 32439.0
260 32398.0
261 32424.0
262 32398.0
263 32398.0
264 32398.0
265 32398.0
266 32398.0
267 32398.0
268 32398.0
269 32398.0
270 32398.0
271 32740.0
272 32740.0
273 32740.0
274 32740.0
275 32930.0
276 32740.0
277 32480.0
278 32036.0
279 32493.0
280 32493.0
281 32524.0
282 32524.0
283 33206.0
284 32524.0
285 32524.0
286 32256.0
287 32256.0
288 32514.0
289 32514.0
290 32116.0
291 32683.0
292 32683.0
293 32683.0
294 32658.0
295 32975.0
296 33368.0
297 33368.0
298 33368.0
299 33368.0
300 32741.0
301 32263.0
302 32898.0
303 32388.0
304 32682.0
305 32494.0
306 32927.0
307 32667.0
308 32533.0
309 33600.0
310 33600.0
311 32742.0
312 32742.0
313 32795.0
314 32742.0
315 32742.0
316 32361.0
317 32361.0
318 32361.0
319 32968.0
320 32968.0
321 32968.0
322 32522.0
323 32453.0
324 32453.0
325 32453.0
326 32567.0
327 33190.0
328 33190.0
329 33049.0
330 33049.0
331 33325.0
332 33197.0
333 32876.0
334 32876.0
335 32732.0
336 32732.0
337 32734.0
338 33027.0
339 32758.0
340 32734.0
341 32798.0
342 32798.0
343 32798.0
344 33159.0
345 33159.0
346 33159.0
347 33762.0
348 33762.0
349 33225.0
350 33225.0
351 33225.0
352 33253.0
353 33253.0
354 33238.0
355 33331.0
356 33331.0
357 33354.0
358 33461.0
359 33331.0
360 33331.0
361 33480.0
362 33585.0
363 33585.0
364 33585.0
365 33585.0
366 34228.0
367 34228.0
368 34228.0
369 33731.0
370 33808.0
371 33863.0
372 33863.0
373 33863.0
374 33863.0
375 33863.0
376 33452.0
377 33756.0
378 33756.0
379 34059.0
380 34059.0
381 34059.0
382 34059.0
383 33991.0
384 33991.0
385 34294.0
386 34249.0
387 33991.0
388 34107.0
389 34107.0
390 33870.0
391 34001.0
392 34254.0
393 34359.0
394 34359.0
395 34359.0
396 34359.0
397 34359.0
398 34359.0
399 34172.0
400 34025.0
401 34025.0
402 34016.0
403 34109.0
404 34109.0
405 34109.0
406 34109.0
407 34109.0
408 34070.0
409 34070.0
410 34468.0
411 34468.0
412 34432.0
413 34432.0
414 34196.0
415 34149.0
416 34191.0
417 34085.0
418 34042.0
419 34120.0
420 34070.0
421 34351.0
422 34983.0
423 34350.0
424 34350.0
425 34560.0
426 34560.0
427 34134.0
428 34491.0
429 34491.0
430 34759.0
431 34183.0
432 34300.0
433 34300.0
434 34300.0
435 34095.0
436 34595.0
437 34095.0
438 34612.0
439 34410.0
440 34971.0
441 34661.0
442 34661.0
443 34661.0
444 34661.0
445 34661.0
446 34661.0
447 34521.0
448 34521.0
449 34219.0
450 34345.0
451 33933.0
452 34460.0
453 34460.0
454 34460.0
455 34460.0
456 34460.0
457 34171.0
458 34616.0
459 34659.0
460 34616.0
461 34616.0
462 34616.0
463 34616.0
464 34725.0
465 34725.0
466 34725.0
467 34725.0
468 34725.0
469 34725.0
470 34839.0
471 34839.0
472 34839.0
473 34839.0
474 34570.0
475 34570.0
476 34318.0
477 34318.0
478 34360.0
479 34414.0
480 34318.0
481 34278.0
482 34278.0
483 34191.0
484 34603.0
485 34603.0
486 34603.0
487 34603.0
488 34603.0
489 34154.0
490 34251.0
491 34251.0
492 34385.0
493 34385.0
494 34404.0
495 34531.0
496 34531.0
497 34531.0
498 34531.0
499 34436.0
500 34727.0
501 34727.0
502 34475.0
503 34449.0
504 34449.0
505 34897.0
506 35168.0
507 34476.0
508 34453.0
509 34453.0
510 34516.0
511 34806.0
512 34806.0
513 34806.0
514 34629.0
515 34689.0
516 34574.0
517 34863.0
518 34695.0
519 34574.0
520 34607.0
521 34715.0
522 34715.0
523 34715.0
524 35183.0
525 35183.0
526 35417.0
527 35417.0
528 35179.0
529 35179.0
530 35192.0
531 35179.0
532 35179.0
533 35179.0
534 35179.0
535 35179.0
536 35315.0
537 35122.0
538 35122.0
539 35584.0
540 35584.0
541 35531.0
542 35531.0
543 35502.0
544 35502.0
545 35431.0
546 35431.0
547 35559.0
548 35559.0
549 35559.0
550 35559.0
551 35663.0
552 35663.0
553 35559.0
554 35484.0
555 35484.0
556 35484.0
557 35540.0
558 35738.0
559 35762.0
560 35762.0
561 35788.0
562 35944.0
563 36011.0
564 36079.0
565 36031.0
566 35849.0
567 36157.0
568 36063.0
569 36123.0
570 35934.0
571 36145.0
572 36145.0
573 36000.0
574 36225.0
575 36225.0
576 36361.0
577 36361.0
578 36375.0
579 36361.0
580 36361.0
581 36314.0
582 36261.0
583 36260.0
584 36379.0
585 36379.0
586 36393.0
587 36372.0
588 36390.0
589 36341.0
590 36360.0
591 36535.0
592 36535.0
593 36562.0
594 36562.0
595 36558.0
596 36558.0
597 36558.0
598 36547.0
599 36547.0
600 36552.0
601 36652.0
602 36702.0
603 36722.0
604 36816.0
605 36657.0
606 36751.0
607 36751.0
608 36751.0
609 36661.0
610 36743.0
611 36846.0
612 36846.0
613 36846.0
614 36846.0
615 36846.0
616 36836.0
617 36892.0
618 36892.0
619 36892.0
620 36892.0
621 36885.0
622 36997.0
623 36997.0
624 36946.0
625 36993.0
626 37003.0
627 37027.0
628 37027.0
629 36997.0
630 37030.0
631 37055.0
632 37055.0
633 37055.0
634 37055.0
635 37037.0
636 37054.0
637 37054.0
638 37054.0
639 37054.0
640 37079.0
641 37079.0
642 37079.0
643 37079.0
644 37079.0
645 37079.0
646 37079.0
647 37079.0
648 37079.0
649 37079.0
650 37079.0
651 37079.0
652 37079.0
653 37079.0
654 37079.0
655 37079.0
656 37079.0
657 37079.0
658 37079.0
659 37079.0
660 37079.0
661 37079.0
662 37079.0
663 37079.0
664 37079.0
665 37079.0
666 37079.0
667 37079.0
668 37079.0
669 37079.0
670 37079.0
671 37079.0
672 37079.0
673 37079.0
674 37079.0
675 37079.0
676 37079.0
677 37079.0
678 37079.0
679 37079.0
680 37079.0
681 37079.0
682 37079.0
683 37079.0
684 37079.0
685 37079.0
686 37079.0
687 37079.0
688 37079.0
689 37079.0
690 37079.0
691 37079.0
692 37079.0
693 37079.0
694 37079.0
695 37079.0
696 37079.0
697 37079.0
698 37079.0
699 37079.0
700 37079.0
701 37079.0
702 37079.0
703 37079.0
704 37079.0
705 37079.0
706 37079.0
707 37079.0
708 37079.0
709 37079.0
710 37079.0
711 37079.0
712 37079.0
713 37079.0
714 37079.0
715 37079.0
716 37079.0
717 37079.0
718 37079.0
719 37079.0
720 37079.0
721 37079.0
722 37079.0
723 37079.0
724 37079.0
725 37079.0
726 37079.0
727 37079.0
728 37079.0
729 37079.0
730 37120.0
731 37133.0
732 37150.0
733 37150.0
734 37150.0
735 37150.0
736 37150.0
737 37150.0
738 37150.0
739 37150.0
740 37150.0
741 37150.0
742 37150.0
743 37150.0
744 37150.0
745 37150.0
746 37150.0
747 37150.0
748 37150.0
749 37150.0
750 37150.0
751 37150.0
752 37150.0
753 37150.0
754 37150.0
755 37150.0
756 37150.0
757 37150.0
758 37150.0
759 37150.0
760 37150.0
761 37150.0
762 37150.0
763 37150.0
764 37150.0
765 37150.0
766 37150.0
767 37150.0
768 37150.0
769 37150.0
770 37150.0
771 37150.0
772 37150.0
773 37150.0
774 37150.0
775 37150.0
776 37150.0
777 37150.0
778 37150.0
779 37150.0
780 37150.0
781 37150.0
782 37150.0
783 37150.0
784 37150.0
785 37150.0
786 37150.0
787 37150.0
788 37150.0
789 37150.0
790 37150.0
791 37150.0
792 37150.0
793 37150.0
794 37150.0
795 37150.0
796 37150.0
797 37150.0
798 37150.0
799 37150.0
800 37150.0
801 37150.0
802 37150.0
803 37150.0
804 37150.0
805 37150.0
806 37150.0
807 37150.0
808 37150.0
809 37150.0
810 37150.0
811 37150.0
812 37150.0
813 37150.0
814 37150.0
815 37150.0
816 37150.0
817 37150.0
818 37150.0
819 37150.0
820 37150.0
821 37150.0
822 37150.0
823 37150.0
824 37150.0
825 37150.0
826 37150.0
827 37150.0
828 37150.0
829 37150.0
830 37150.0
831 37150.0
832 37150.0
833 37150.0
834 37150.0
835 37150.0
836 37150.0
837 37150.0
838 37150.0
839 37150.0
840 37150.0
841 37150.0
842 37150.0
843 37150.0
844 37150.0
845 37150.0
846 37150.0
847 37150.0
848 37150.0
849 37150.0
850 37150.0
851 37150.0
852 37150.0
853 37150.0
854 37150.0
855 37150.0
856 37150.0
857 37150.0
858 37150.0
859 37150.0
860 37150.0
861 37150.0
862 37150.0
863 37150.0
864 37150.0
865 37150.0
866 37150.0
867 37150.0
868 37150.0
869 37150.0
870 37150.0
871 37150.0
872 37150.0
873 37150.0
874 37150.0
875 37150.0
876 37150.0
877 37150.0
878 37150.0
879 37150.0
880 37150.0
881 37150.0
882 37150.0
883 37150.0
884 37150.0
885 37150.0
886 37150.0
887 37150.0
888 37150.0
889 37150.0
890 37150.0
891 37150.0
892 37150.0
893 37150.0
894 37150.0
895 37150.0
896 37150.0
897 37150.0
898 37150.0
899 37150.0
900 37150.0
901 37150.0
902 37150.0
903 37150.0
904 37150.0
905 37150.0
906 37150.0
907 37150.0
908 37150.0
909 37150.0
910 37150.0
911 37150.0
912 37150.0
913 37150.0
914 37150.0
915 37150.0
916 37150.0
917 37150.0
918 37150.0
919 37150.0
920 37150.0
921 37150.0
922 37150.0
923 37150.0
924 37150.0
925 37150.0
926 37150.0
927 37150.0
928 37150.0
929 37150.0
930 37150.0
931 37150.0
932 37150.0
933 37150.0
934 37150.0
935 37150.0
936 37150.0
937 37150.0
938 37150.0
939 37150.0
940 37150.0
941 37150.0
942 37150.0
943 37150.0
944 37150.0
945 37150.0
946 37150.0
947 37150.0
948 37150.0
949 37150.0
950 37150.0
951 37150.0
952 37150.0
953 37150.0
954 37150.0
955 37150.0
956 37150.0
957 37150.0
958 37150.0
959 37150.0
960 37150.0
961 37150.0
962 37150.0
963 37150.0
964 37150.0
965 37150.0
966 37150.0
967 37150.0
968 37150.0
969 37150.0
970 37150.0
971 37150.0
972 37150.0
973 37150.0
974 37150.0
975 37150.0
976 37150.0
977 37150.0
978 37150.0
979 37150.0
980 37150.0
981 37150.0
982 37150.0
983 37150.0
984 37150.0
985 37150.0
986 37150.0
987 37150.0
988 37150.0
989 37150.0
990 37150.0
991 37150.0
992 37150.0
993 37150.0
994 37150.0
995 37150.0
996 37150.0
997 37150.0
998 37150.0
999 37150.0
1000 37150.0
