0 10570.0
1 11826.0
2 11826.0
3 12523.0
4 12777.0
5 14916.0
6 14513.0
7 15619.0
8 17437.0
9 17537.0
10 17193.0
11 19048.0
12 19507.0
13 20160.0
14 21019.0
15 21587.0
16 21783.0
17 22851.0
18 23727.0
19 24037.0
20 25243.0
21 25546.0
22 26790.0
23 27467.0
24 27467.0
25 28249.0
26 28768.0
27 29030.0
28 29832.0
29 31492.0
30 30699.0
31 32893.0
32 33068.0
33 33513.0
34 34570.0
35 33320.0
36 35354.0
37 35923.0
38 36887.0
39 37130.0
40 38361.0
41 38361.0
42 38156.0
43 39413.0
44 40918.0
45 39825.0
46 40577.0
47 41534.0
48 41706.0
49 41534.0
50 41534.0
51 43203.0
52 42648.0
53 44479.0
54 44505.0
55 46429.0
56 46429.0
57 45308.0
58 47189.0
59 47946.0
60 47479.0
61 47044.0
62 48012.0
63 47738.0
64 49412.0
65 49412.0
66 48478.0
67 50082.0
68 50082.0
69 50115.0
70 50579.0
71 50579.0
72 50579.0
73 51172.0
74 51192.0
75 52427.0
76 51738.0
77 53456.0
78 52769.0
79 52987.0
80 53370.0
81 55525.0
82 55525.0
83 54409.0
84 54750.0
85 55326.0
86 55571.0
87 58078.0
88 58078.0
89 58078.0
90 58078.0
91 58495.0
92 58078.0
93 59651.0
94 59651.0
95 59651.0
96 59651.0
97 59359.0
98 59575.0
99 59988.0
100 59593.0
