0 5461.0
1 5916.0
2 6570.0
3 6864.0
4 7890.0
5 7890.0
6 8234.0
7 8513.0
8 8954.0
9 9294.0
10 9547.0
11 9729.0
12 10510.0
13 10978.0
14 10768.0
15 11115.0
16 11801.0
17 11801.0
18 11801.0
19 12022.0
20 12022.0
21 12267.0
22 12610.0
23 13011.0
24 13011.0
25 13015.0
26 13179.0
27 13179.0
28 13493.0
29 13675.0
30 14244.0
31 13872.0
32 14403.0
33 14013.0
34 14013.0
35 14205.0
36 14364.0
37 14205.0
38 14788.0
39 14849.0
40 14788.0
41 15019.0
42 15019.0
43 15019.0
44 15310.0
45 15310.0
46 15522.0
47 15522.0
48 15522.0
49 15815.0
50 15815.0
51 15815.0
52 15815.0
53 16103.0
54 16103.0
55 16103.0
56 16103.0
57 15936.0
58 15936.0
59 15936.0
60 16043.0
61 15974.0
62 15974.0
63 16174.0
64 16626.0
65 16203.0
66 16203.0
67 16203.0
68 16425.0
69 16556.0
70 16556.0
71 16470.0
72 16405.0
73 16538.0
74 16538.0
75 16538.0
76 16551.0
77 16551.0
78 16909.0
79 16909.0
80 17048.0
81 17048.0
82 17218.0
83 17218.0
84 17048.0
85 17048.0
86 17048.0
87 16968.0
88 16983.0
89 17016.0
90 17088.0
91 17088.0
92 17124.0
93 17267.0
94 17267.0
95 17267.0
96 17267.0
97 17267.0
98 17332.0
99 17433.0
100 17436.0
