0 4422.0
1 4673.0
2 4861.0
3 5924.0
4 5924.0
5 6405.0
6 6405.0
7 6914.0
8 6914.0
9 7111.0
10 7898.0
11 7898.0
12 7898.0
13 8438.0
14 8438.0
15 8318.0
16 8653.0
17 8685.0
18 8816.0
19 8819.0
20 8823.0
21 8967.0
22 9092.0
23 9092.0
24 9162.0
25 9319.0
26 9377.0
27 9571.0
28 9571.0
29 9726.0
30 9726.0
31 9754.0
32 10068.0
33 10068.0
34 10068.0
35 10026.0
36 10068.0
37 10223.0
38 10332.0
39 10323.0
40 10500.0
41 10500.0
42 10529.0
43 10529.0
44 10529.0
45 10612.0
46 10612.0
47 10463.0
48 10523.0
49 10523.0
50 10651.0
51 10651.0
52 10663.0
53 10663.0
54 10649.0
55 10837.0
56 10837.0
57 10837.0
58 11101.0
59 11089.0
60 10884.0
61 10884.0
62 10915.0
63 11056.0
64 11132.0
65 11130.0
66 11130.0
67 11090.0
68 11090.0
69 11123.0
70 11137.0
71 11137.0
72 11159.0
73 11225.0
74 11225.0
75 11225.0
76 11225.0
77 11270.0
78 11270.0
79 11272.0
80 11272.0
81 11272.0
82 11272.0
83 11272.0
84 11272.0
85 11272.0
86 11272.0
87 11270.0
88 11270.0
89 11270.0
90 11270.0
91 11270.0
92 11270.0
93 11270.0
94 11270.0
95 11270.0
96 11270.0
97 11270.0
98 11270.0
99 11270.0
100 11270.0
101 11270.0
102 11270.0
103 11270.0
104 11270.0
105 11270.0
106 11270.0
107 11270.0
108 11272.0
109 11272.0
110 11272.0
111 11272.0
112 11272.0
113 11272.0
114 11270.0
115 11270.0
116 11270.0
117 11270.0
118 11270.0
119 11270.0
120 11270.0
121 11270.0
122 11270.0
123 11270.0
124 11270.0
125 11270.0
126 11270.0
127 11270.0
128 11270.0
129 11270.0
130 11270.0
131 11270.0
132 11272.0
133 11270.0
134 11270.0
135 11270.0
136 11270.0
137 11270.0
138 11270.0
139 11270.0
140 11270.0
141 11270.0
142 11270.0
143 11270.0
144 11270.0
145 11270.0
146 11270.0
147 11270.0
148 11270.0
149 11270.0
150 11270.0
151 11270.0
152 11270.0
153 11270.0
154 11270.0
155 11270.0
156 11270.0
157 11270.0
158 11270.0
159 11270.0
160 11270.0
161 11270.0
162 11270.0
163 11270.0
164 11270.0
165 11270.0
166 11270.0
167 11270.0
168 11270.0
169 11270.0
170 11270.0
171 11270.0
172 11270.0
173 11270.0
174 11270.0
175 11270.0
176 11270.0
177 11270.0
178 11270.0
179 11270.0
180 11270.0
181 11270.0
182 11270.0
183 11270.0
184 11270.0
185 11270.0
186 11270.0
187 11270.0
188 11270.0
189 11270.0
190 11270.0
191 11270.0
192 11270.0
193 11270.0
194 11270.0
195 11270.0
196 11270.0
197 11270.0
198 11270.0
199 11270.0
200 11270.0
201 11270.0
202 11270.0
203 11270.0
204 11270.0
205 11270.0
206 11270.0
207 11270.0
208 11270.0
209 11270.0
210 11270.0
211 11270.0
212 11270.0
213 11270.0
214 11270.0
215 11270.0
216 11270.0
217 11270.0
218 11270.0
219 11270.0
220 11270.0
221 11270.0
222 11270.0
223 11270.0
224 11270.0
225 11270.0
226 11270.0
227 11270.0
228 11270.0
229 11270.0
230 11270.0
231 11270.0
232 11270.0
233 11270.0
234 11270.0
235 11270.0
236 11270.0
237 11270.0
238 11270.0
239 11270.0
240 11270.0
241 11270.0
242 11270.0
243 11270.0
244 11270.0
245 11270.0
246 11270.0
247 11270.0
248 11270.0
249 11270.0
250 11270.0
251 11270.0
252 11270.0
253 11270.0
254 11270.0
255 11270.0
256 11270.0
257 11270.0
258 11270.0
259 11270.0
260 11270.0
261 11270.0
262 11270.0
263 11270.0
264 11270.0
265 11270.0
266 11270.0
267 11270.0
268 11270.0
269 11270.0
270 11270.0
271 11270.0
272 11270.0
273 11270.0
274 11270.0
275 11270.0
276 11270.0
277 11270.0
278 11270.0
279 11270.0
280 11270.0
281 11270.0
282 11270.0
283 11270.0
284 11270.0
285 11270.0
286 11270.0
287 11270.0
288 11270.0
289 11270.0
290 11270.0
291 11270.0
292 11270.0
293 11270.0
294 11270.0
295 11270.0
296 11270.0
297 11270.0
298 11270.0
299 11270.0
300 11270.0
301 11270.0
302 11270.0
303 11270.0
304 11270.0
305 11270.0
306 11270.0
307 11270.0
308 11270.0
309 11270.0
310 11270.0
311 11270.0
312 11270.0
313 11270.0
314 11270.0
315 11270.0
316 11270.0
317 11270.0
318 11270.0
319 11270.0
320 11270.0
321 11270.0
322 11270.0
323 11270.0
324 11270.0
325 11270.0
326 11270.0
327 11270.0
328 11270.0
329 11270.0
330 11270.0
331 11270.0
332 11270.0
333 11270.0
334 11270.0
335 11270.0
336 11270.0
337 11270.0
338 11270.0
339 11270.0
340 11270.0
341 11270.0
342 11270.0
343 11270.0
344 11270.0
345 11270.0
346 11270.0
347 11270.0
348 11270.0
349 11270.0
350 11270.0
351 11270.0
352 11270.0
353 11270.0
354 11270.0
355 11270.0
356 11270.0
357 11270.0
358 11270.0
359 11270.0
360 11270.0
361 11270.0
362 11270.0
363 11270.0
364 11270.0
365 11270.0
366 11270.0
367 11270.0
368 11270.0
369 11270.0
370 11270.0
371 11270.0
372 11270.0
373 11270.0
374 11270.0
375 11270.0
376 11270.0
377 11270.0
378 11270.0
379 11270.0
380 11270.0
381 11270.0
382 11270.0
383 11270.0
384 11270.0
385 11270.0
386 11270.0
387 11270.0
388 11270.0
389 11270.0
390 11270.0
391 11270.0
392 11270.0
393 11270.0
394 11270.0
395 11270.0
396 11270.0
397 11270.0
398 11270.0
399 11270.0
400 11270.0
401 11270.0
402 11270.0
403 11270.0
404 11270.0
405 11270.0
406 11270.0
407 11270.0
408 11270.0
409 11270.0
410 11270.0
411 11270.0
412 11270.0
413 11270.0
414 11270.0
415 11270.0
416 11270.0
417 11270.0
418 11270.0
419 11270.0
420 11270.0
421 11270.0
422 11270.0
423 11270.0
424 11270.0
425 11270.0
426 11270.0
427 11270.0
428 11270.0
429 11270.0
430 11270.0
431 11270.0
432 11270.0
433 11270.0
434 11270.0
435 11270.0
436 11270.0
437 11270.0
438 11270.0
439 11270.0
440 11270.0
441 11270.0
442 11270.0
443 11270.0
444 11270.0
445 11270.0
446 11270.0
447 11270.0
448 11270.0
449 11270.0
450 11270.0
451 11270.0
452 11270.0
453 11270.0
454 11270.0
455 11270.0
456 11270.0
457 11270.0
458 11270.0
459 11270.0
460 11270.0
461 11270.0
462 11270.0
463 11270.0
464 11270.0
465 11270.0
466 11270.0
467 11270.0
468 11270.0
469 11270.0
470 11270.0
471 11270.0
472 11270.0
473 11270.0
474 11270.0
475 11270.0
476 11270.0
477 11270.0
478 11270.0
479 11270.0
480 11270.0
481 11270.0
482 11270.0
483 11270.0
484 11270.0
485 11270.0
486 11270.0
487 11270.0
488 11270.0
489 11270.0
490 11270.0
491 11270.0
492 11270.0
493 11270.0
494 11270.0
495 11270.0
496 11270.0
497 11270.0
498 11270.0
499 11270.0
500 11270.0
501 11270.0
502 11270.0
503 11270.0
504 11270.0
505 11270.0
506 11270.0
507 11270.0
508 11270.0
509 11270.0
510 11270.0
511 11270.0
512 11270.0
513 11270.0
514 11270.0
515 11270.0
516 11270.0
517 11270.0
518 11270.0
519 11270.0
520 11270.0
521 11270.0
522 11270.0
523 11270.0
524 11270.0
525 11270.0
526 11270.0
527 11270.0
528 11270.0
529 11270.0
530 11270.0
531 11270.0
532 11270.0
533 11270.0
534 11270.0
535 11270.0
536 11270.0
537 11270.0
538 11270.0
539 11270.0
540 11270.0
541 11270.0
542 11270.0
543 11270.0
544 11270.0
545 11270.0
546 11270.0
547 11270.0
548 11270.0
549 11270.0
550 11270.0
551 11270.0
552 11270.0
553 11272.0
554 11272.0
555 11272.0
556 11272.0
557 11272.0
558 11272.0
559 11272.0
560 11272.0
561 11272.0
562 11272.0
563 11272.0
564 11272.0
565 11272.0
566 11272.0
567 11272.0
568 11272.0
569 11272.0
570 11272.0
571 11272.0
572 11272.0
573 11272.0
574 11272.0
575 11272.0
576 11272.0
577 11272.0
578 11272.0
579 11272.0
580 11272.0
581 11272.0
582 11272.0
583 11272.0
584 11272.0
585 11272.0
586 11272.0
587 11272.0
588 11272.0
589 11272.0
590 11272.0
591 11272.0
592 11272.0
593 11272.0
594 11272.0
595 11272.0
596 11272.0
597 11272.0
598 11272.0
599 11272.0
600 11272.0
601 11272.0
602 11272.0
603 11272.0
604 11272.0
605 11272.0
606 11272.0
607 11272.0
608 11272.0
609 11272.0
610 11272.0
611 11272.0
612 11272.0
613 11272.0
614 11272.0
615 11272.0
616 11272.0
617 11272.0
618 11272.0
619 11272.0
620 11272.0
621 11272.0
622 11272.0
623 11272.0
624 11272.0
625 11272.0
626 11272.0
627 11272.0
628 11272.0
629 11272.0
630 11272.0
631 11272.0
632 11272.0
633 11272.0
634 11272.0
635 11272.0
636 11272.0
637 11272.0
638 11272.0
639 11272.0
640 11272.0
641 11272.0
642 11272.0
643 11272.0
644 11272.0
645 11272.0
646 11272.0
647 11272.0
648 11272.0
649 11272.0
650 11272.0
651 11272.0
652 11272.0
653 11272.0
654 11272.0
655 11272.0
656 11272.0
657 11272.0
658 11272.0
659 11272.0
660 11272.0
661 11272.0
662 11272.0
663 11272.0
664 11272.0
665 11272.0
666 11272.0
667 11272.0
668 11272.0
669 11272.0
670 11272.0
671 11272.0
672 11272.0
673 11272.0
674 11277.0
675 11272.0
676 11272.0
677 11272.0
678 11272.0
679 11272.0
680 11272.0
681 11272.0
682 11272.0
683 11272.0
684 11272.0
685 11272.0
686 11272.0
687 11272.0
688 11272.0
689 11272.0
690 11272.0
691 11272.0
692 11272.0
693 11272.0
694 11272.0
695 11272.0
696 11272.0
697 11272.0
698 11272.0
699 11272.0
700 11272.0
701 11272.0
702 11272.0
703 11272.0
704 11272.0
705 11272.0
706 11272.0
707 11272.0
708 11272.0
709 11272.0
710 11272.0
711 11272.0
712 11272.0
713 11272.0
714 11272.0
715 11272.0
716 11272.0
717 11272.0
718 11272.0
719 11272.0
720 11272.0
721 11272.0
722 11272.0
723 11272.0
724 11272.0
725 11272.0
726 11272.0
727 11272.0
728 11272.0
729 11272.0
730 11272.0
731 11272.0
732 11272.0
733 11272.0
734 11272.0
735 11272.0
736 11272.0
737 11272.0
738 11272.0
739 11272.0
740 11272.0
741 11272.0
742 11272.0
743 11272.0
744 11272.0
745 11272.0
746 11272.0
747 11272.0
748 11272.0
749 11272.0
750 11272.0
751 11272.0
752 11272.0
753 11272.0
754 11272.0
755 11272.0
756 11272.0
757 11272.0
758 11272.0
759 11272.0
760 11272.0
761 11272.0
762 11272.0
763 11272.0
764 11272.0
765 11272.0
766 11272.0
767 11272.0
768 11272.0
769 11272.0
770 11272.0
771 11272.0
772 11272.0
773 11272.0
774 11272.0
775 11272.0
776 11272.0
777 11272.0
778 11272.0
779 11272.0
780 11272.0
781 11272.0
782 11272.0
783 11272.0
784 11272.0
785 11272.0
786 11272.0
787 11272.0
788 11272.0
789 11272.0
790 11272.0
791 11272.0
792 11272.0
793 11272.0
794 11272.0
795 11272.0
796 11272.0
797 11272.0
798 11272.0
799 11272.0
800 11272.0
801 11272.0
802 11272.0
803 11272.0
804 11272.0
805 11272.0
806 11272.0
807 11272.0
808 11272.0
809 11272.0
810 11272.0
811 11272.0
812 11272.0
813 11272.0
814 11272.0
815 11272.0
816 11272.0
817 11272.0
818 11272.0
819 11272.0
820 11272.0
821 11272.0
822 11272.0
823 11272.0
824 11272.0
825 11272.0
826 11272.0
827 11272.0
828 11272.0
829 11272.0
830 11272.0
831 11272.0
832 11272.0
833 11272.0
834 11272.0
835 11272.0
836 11272.0
837 11272.0
838 11272.0
839 11272.0
840 11272.0
841 11272.0
842 11272.0
843 11272.0
844 11272.0
845 11272.0
846 11272.0
847 11272.0
848 11272.0
849 11272.0
850 11272.0
851 11272.0
852 11272.0
853 11272.0
854 11272.0
855 11272.0
856 11272.0
857 11272.0
858 11272.0
859 11272.0
860 11272.0
861 11272.0
862 11272.0
863 11272.0
864 11272.0
865 11272.0
866 11272.0
867 11272.0
868 11272.0
869 11272.0
870 11272.0
871 11272.0
872 11272.0
873 11272.0
874 11272.0
875 11272.0
876 11272.0
877 11272.0
878 11272.0
879 11272.0
880 11272.0
881 11272.0
882 11272.0
883 11272.0
884 11272.0
885 11272.0
886 11272.0
887 11272.0
888 11272.0
889 11272.0
890 11272.0
891 11272.0
892 11272.0
893 11272.0
894 11272.0
895 11272.0
896 11272.0
897 11272.0
898 11272.0
899 11272.0
900 11272.0
901 11272.0
902 11272.0
903 11272.0
904 11272.0
905 11272.0
906 11272.0
907 11272.0
908 11272.0
909 11272.0
910 11272.0
911 11272.0
912 11272.0
913 11277.0
914 11277.0
915 11277.0
916 11277.0
917 11277.0
918 11272.0
919 11272.0
920 11272.0
921 11272.0
922 11272.0
923 11272.0
924 11272.0
925 11272.0
926 11272.0
927 11272.0
928 11272.0
929 11272.0
930 11272.0
931 11272.0
932 11272.0
933 11272.0
934 11272.0
935 11272.0
936 11272.0
937 11272.0
938 11272.0
939 11272.0
940 11272.0
941 11272.0
942 11272.0
943 11272.0
944 11272.0
945 11272.0
946 11272.0
947 11272.0
948 11272.0
949 11272.0
950 11272.0
951 11272.0
952 11272.0
953 11272.0
954 11272.0
955 11272.0
956 11272.0
957 11272.0
958 11272.0
959 11272.0
960 11272.0
961 11272.0
962 11272.0
963 11272.0
964 11272.0
965 11272.0
966 11272.0
967 11272.0
968 11272.0
969 11272.0
970 11272.0
971 11272.0
972 11272.0
973 11272.0
974 11272.0
975 11272.0
976 11272.0
977 11272.0
978 11272.0
979 11272.0
980 11272.0
981 11272.0
982 11272.0
983 11272.0
984 11272.0
985 11272.0
986 11272.0
987 11272.0
988 11272.0
989 11272.0
990 11272.0
991 11272.0
992 11272.0
993 11272.0
994 11272.0
995 11272.0
996 11272.0
997 11272.0
998 11272.0
999 11272.0
1000 11272.0
