0 4442.0
1 4686.0
2 5026.0
3 5026.0
4 5867.0
5 6167.0
6 6277.0
7 6528.0
8 6728.0
9 6930.0
10 7247.0
11 7646.0
12 7671.0
13 7778.0
14 8191.0
15 8191.0
16 8191.0
17 8805.0
18 8781.0
19 8781.0
20 9227.0
21 9711.0
22 9711.0
23 9711.0
24 9711.0
25 9711.0
26 9783.0
27 9680.0
28 9535.0
29 9822.0
30 9874.0
31 9900.0
32 10156.0
33 10156.0
34 10033.0
35 10392.0
36 10392.0
37 10511.0
38 10120.0
39 10366.0
40 10606.0
41 10606.0
42 10678.0
43 10625.0
44 10648.0
45 10648.0
46 10726.0
47 10726.0
48 10791.0
49 10791.0
50 10855.0
51 10830.0
52 10872.0
53 10830.0
54 11087.0
55 11087.0
56 10995.0
57 10995.0
58 11003.0
59 11063.0
60 11157.0
61 11231.0
62 11231.0
63 11183.0
64 11137.0
65 11137.0
66 11092.0
67 11147.0
68 11252.0
69 11298.0
70 11298.0
71 11298.0
72 11298.0
73 11298.0
74 11298.0
75 11298.0
76 11298.0
77 11298.0
78 11298.0
79 11298.0
80 11298.0
81 11420.0
82 11420.0
83 11420.0
84 11420.0
85 11418.0
86 11418.0
87 11418.0
88 11418.0
89 11418.0
90 11418.0
91 11418.0
92 11418.0
93 11418.0
94 11418.0
95 11418.0
96 11418.0
97 11298.0
98 11298.0
99 11298.0
100 11298.0
101 11298.0
102 11298.0
103 11298.0
104 11298.0
105 11298.0
106 11298.0
107 11298.0
108 11298.0
109 11298.0
110 11298.0
111 11298.0
112 11298.0
113 11298.0
114 11298.0
115 11298.0
116 11298.0
117 11298.0
118 11298.0
119 11298.0
120 11298.0
121 11298.0
122 11298.0
123 11376.0
124 11298.0
125 11298.0
126 11298.0
127 11298.0
128 11298.0
129 11298.0
130 11298.0
131 11298.0
132 11298.0
133 11298.0
134 11298.0
135 11298.0
136 11298.0
137 11298.0
138 11298.0
139 11298.0
140 11298.0
141 11298.0
142 11298.0
143 11298.0
144 11298.0
145 11298.0
146 11298.0
147 11298.0
148 11298.0
149 11298.0
150 11298.0
151 11298.0
152 11298.0
153 11298.0
154 11298.0
155 11298.0
156 11298.0
157 11298.0
158 11298.0
159 11298.0
160 11298.0
161 11298.0
162 11298.0
163 11298.0
164 11298.0
165 11298.0
166 11298.0
167 11298.0
168 11298.0
169 11298.0
170 11298.0
171 11298.0
172 11298.0
173 11298.0
174 11298.0
175 11298.0
176 11298.0
177 11298.0
178 11298.0
179 11298.0
180 11298.0
181 11298.0
182 11298.0
183 11298.0
184 11298.0
185 11298.0
186 11298.0
187 11298.0
188 11298.0
189 11298.0
190 11298.0
191 11298.0
192 11298.0
193 11298.0
194 11298.0
195 11298.0
196 11298.0
197 11298.0
198 11298.0
199 11298.0
200 11298.0
201 11298.0
202 11298.0
203 11298.0
204 11298.0
205 11298.0
206 11298.0
207 11298.0
208 11298.0
209 11298.0
210 11298.0
211 11298.0
212 11298.0
213 11298.0
214 11298.0
215 11306.0
216 11298.0
217 11298.0
218 11298.0
219 11298.0
220 11298.0
221 11298.0
222 11298.0
223 11298.0
224 11298.0
225 11298.0
226 11298.0
227 11298.0
228 11298.0
229 11298.0
230 11298.0
231 11298.0
232 11298.0
233 11298.0
234 11298.0
235 11298.0
236 11298.0
237 11298.0
238 11298.0
239 11298.0
240 11298.0
241 11298.0
242 11298.0
243 11298.0
244 11298.0
245 11298.0
246 11298.0
247 11298.0
248 11342.0
249 11342.0
250 11298.0
251 11298.0
252 11298.0
253 11298.0
254 11298.0
255 11298.0
256 11298.0
257 11298.0
258 11298.0
259 11298.0
260 11298.0
261 11298.0
262 11298.0
263 11298.0
264 11298.0
265 11298.0
266 11298.0
267 11298.0
268 11298.0
269 11298.0
270 11298.0
271 11298.0
272 11298.0
273 11298.0
274 11298.0
275 11298.0
276 11298.0
277 11298.0
278 11298.0
279 11298.0
280 11298.0
281 11298.0
282 11298.0
283 11298.0
284 11298.0
285 11298.0
286 11298.0
287 11298.0
288 11298.0
289 11298.0
290 11298.0
291 11298.0
292 11298.0
293 11298.0
294 11298.0
295 11298.0
296 11298.0
297 11298.0
298 11298.0
299 11298.0
300 11298.0
301 11298.0
302 11298.0
303 11298.0
304 11298.0
305 11298.0
306 11298.0
307 11298.0
308 11298.0
309 11298.0
310 11298.0
311 11298.0
312 11298.0
313 11298.0
314 11298.0
315 11298.0
316 11298.0
317 11298.0
318 11298.0
319 11298.0
320 11298.0
321 11298.0
322 11298.0
323 11298.0
324 11298.0
325 11298.0
326 11298.0
327 11298.0
328 11298.0
329 11298.0
330 11298.0
331 11298.0
332 11298.0
333 11298.0
334 11298.0
335 11298.0
336 11298.0
337 11298.0
338 11298.0
339 11298.0
340 11298.0
341 11298.0
342 11298.0
343 11298.0
344 11298.0
345 11298.0
346 11298.0
347 11298.0
348 11298.0
349 11298.0
350 11298.0
351 11298.0
352 11298.0
353 11298.0
354 11298.0
355 11298.0
356 11298.0
357 11298.0
358 11298.0
359 11298.0
360 11298.0
361 11298.0
362 11298.0
363 11298.0
364 11298.0
365 11298.0
366 11298.0
367 11298.0
368 11298.0
369 11298.0
370 11298.0
371 11298.0
372 11298.0
373 11298.0
374 11298.0
375 11298.0
376 11298.0
377 11298.0
378 11298.0
379 11298.0
380 11298.0
381 11298.0
382 11298.0
383 11298.0
384 11298.0
385 11298.0
386 11298.0
387 11298.0
388 11298.0
389 11298.0
390 11298.0
391 11298.0
392 11298.0
393 11298.0
394 11298.0
395 11298.0
396 11298.0
397 11298.0
398 11298.0
399 11298.0
400 11298.0
401 11298.0
402 11298.0
403 11298.0
404 11298.0
405 11298.0
406 11298.0
407 11298.0
408 11298.0
409 11298.0
410 11298.0
411 11298.0
412 11298.0
413 11298.0
414 11298.0
415 11298.0
416 11298.0
417 11298.0
418 11298.0
419 11298.0
420 11298.0
421 11298.0
422 11298.0
423 11298.0
424 11298.0
425 11298.0
426 11298.0
427 11298.0
428 11298.0
429 11298.0
430 11298.0
431 11298.0
432 11298.0
433 11298.0
434 11298.0
435 11298.0
436 11298.0
437 11298.0
438 11298.0
439 11298.0
440 11298.0
441 11298.0
442 11298.0
443 11298.0
444 11298.0
445 11298.0
446 11298.0
447 11298.0
448 11298.0
449 11298.0
450 11298.0
451 11298.0
452 11298.0
453 11298.0
454 11298.0
455 11298.0
456 11298.0
457 11298.0
458 11298.0
459 11298.0
460 11298.0
461 11298.0
462 11298.0
463 11298.0
464 11298.0
465 11298.0
466 11298.0
467 11298.0
468 11298.0
469 11298.0
470 11298.0
471 11298.0
472 11298.0
473 11298.0
474 11298.0
475 11298.0
476 11298.0
477 11298.0
478 11298.0
479 11298.0
480 11298.0
481 11298.0
482 11298.0
483 11298.0
484 11298.0
485 11298.0
486 11298.0
487 11298.0
488 11298.0
489 11298.0
490 11298.0
491 11298.0
492 11298.0
493 11298.0
494 11298.0
495 11298.0
496 11298.0
497 11298.0
498 11298.0
499 11298.0
500 11298.0
