0 10183.0
1 11103.0
2 11847.0
3 11847.0
4 13196.0
5 13923.0
6 13923.0
7 15060.0
8 15102.0
9 15601.0
10 16712.0
11 17272.0
12 18442.0
13 18856.0
14 19665.0
15 20281.0
16 20497.0
17 22318.0
18 22048.0
19 22909.0
20 22909.0
21 23660.0
22 24393.0
23 24613.0
24 25259.0
25 25259.0
26 26895.0
27 27615.0
28 27615.0
29 27615.0
30 28038.0
31 27863.0
32 28122.0
33 30016.0
34 29441.0
35 30619.0
36 31876.0
37 30580.0
38 31175.0
39 31902.0
40 32219.0
41 33547.0
42 33547.0
43 33547.0
44 34285.0
45 34285.0
46 34800.0
47 34800.0
48 35306.0
49 35306.0
50 35695.0
51 35769.0
52 36574.0
53 36288.0
54 36898.0
55 36898.0
56 36898.0
57 38014.0
58 37533.0
59 37533.0
60 37796.0
61 38330.0
62 38475.0
63 39763.0
64 39763.0
65 39891.0
66 41086.0
67 41086.0
68 40122.0
69 40274.0
70 40274.0
71 41298.0
72 42191.0
73 42191.0
74 42191.0
75 42860.0
76 42860.0
77 42860.0
78 42860.0
79 42191.0
80 42688.0
81 41744.0
82 41825.0
83 43056.0
84 43056.0
85 44894.0
86 44894.0
87 44894.0
88 44894.0
89 44894.0
90 44894.0
91 44894.0
92 44889.0
93 44889.0
94 44017.0
95 44596.0
96 44069.0
97 44069.0
98 44423.0
99 45535.0
100 45259.0
101 44924.0
102 44716.0
103 45580.0
104 45580.0
105 45786.0
106 45786.0
107 45786.0
108 47543.0
109 47543.0
110 47543.0
111 47686.0
112 47115.0
113 47115.0
114 47566.0
115 46710.0
116 46793.0
117 47352.0
118 46622.0
119 46622.0
120 46654.0
121 47457.0
122 48200.0
123 48200.0
124 48200.0
125 47877.0
126 48644.0
127 48644.0
128 48746.0
129 48746.0
130 49110.0
131 49110.0
132 49354.0
133 49666.0
134 49666.0
135 49666.0
136 49666.0
137 49666.0
138 50600.0
139 49372.0
140 50238.0
141 50238.0
142 50238.0
143 53059.0
144 50238.0
145 50238.0
146 50238.0
147 49617.0
148 50184.0
149 50298.0
150 50298.0
151 49580.0
152 49580.0
153 49538.0
154 50293.0
155 50972.0
156 50972.0
157 50972.0
158 50972.0
159 51859.0
160 51869.0
161 51869.0
162 51859.0
163 51859.0
164 52079.0
165 52079.0
166 51118.0
167 51110.0
168 52083.0
169 52785.0
170 52873.0
171 52083.0
172 52814.0
173 52083.0
174 53175.0
175 53175.0
176 53537.0
177 53537.0
178 53537.0
179 53537.0
180 53537.0
181 53537.0
182 53537.0
183 53537.0
184 53537.0
185 53537.0
186 53537.0
187 53537.0
188 53537.0
189 53537.0
190 53341.0
191 53341.0
192 53345.0
193 54263.0
194 54263.0
195 54140.0
196 54140.0
197 54140.0
198 53825.0
199 53654.0
200 53896.0
201 53979.0
202 53828.0
203 54124.0
204 54124.0
205 55919.0
206 55919.0
207 55919.0
208 55919.0
209 55919.0
210 56215.0
211 56215.0
212 55550.0
213 55550.0
214 55863.0
215 56169.0
216 57475.0
217 56391.0
218 55606.0
219 55606.0
220 55257.0
221 55257.0
222 55186.0
223 55186.0
224 55788.0
225 55510.0
226 55510.0
227 55510.0
228 56549.0
229 56092.0
230 56523.0
231 56523.0
232 56166.0
233 57522.0
234 56781.0
235 56781.0
236 56781.0
237 55770.0
238 56145.0
239 56145.0
240 56033.0
241 56033.0
242 56389.0
243 56434.0
244 56389.0
245 56417.0
246 56417.0
247 56417.0
248 58251.0
249 59082.0
250 58251.0
251 58251.0
252 58251.0
253 57852.0
254 57852.0
255 57852.0
256 57049.0
257 57132.0
258 58268.0
259 58268.0
260 57288.0
261 58326.0
262 58326.0
263 58326.0
264 58326.0
265 58326.0
266 58326.0
267 57363.0
268 57363.0
269 57712.0
270 57535.0
271 58190.0
272 58190.0
273 58461.0
274 58068.0
275 58068.0
276 58068.0
277 58553.0
278 58805.0
279 59022.0
280 58805.0
281 58794.0
282 58794.0
283 58794.0
284 59744.0
285 59744.0
286 59744.0
287 59744.0
288 60582.0
289 60582.0
290 60156.0
291 60156.0
292 60156.0
293 60156.0
294 60156.0
295 60156.0
296 59839.0
297 59839.0
298 59839.0
299 59798.0
300 59798.0
301 60437.0
302 60915.0
303 60915.0
304 60760.0
305 60760.0
306 60437.0
307 60437.0
308 60437.0
309 60674.0
310 60667.0
311 60667.0
312 62325.0
313 62325.0
314 62325.0
315 62325.0
316 62325.0
317 62325.0
318 62009.0
319 61022.0
320 61022.0
321 61591.0
322 62356.0
323 62356.0
324 62356.0
325 61881.0
326 61881.0
327 61881.0
328 61691.0
329 61335.0
330 61335.0
331 62387.0
332 62387.0
333 61978.0
334 62064.0
335 62241.0
336 62064.0
337 61952.0
338 61952.0
339 61952.0
340 62805.0
341 62805.0
342 62458.0
343 62610.0
344 62610.0
345 62610.0
346 62110.0
347 62385.0
348 62385.0
349 62724.0
350 62328.0
351 62328.0
352 62603.0
353 62603.0
354 62603.0
355 62603.0
356 62603.0
357 63010.0
358 61735.0
359 61594.0
360 61594.0
361 61981.0
362 61921.0
363 61640.0
364 61640.0
365 61924.0
366 61924.0
367 61684.0
368 61684.0
369 62027.0
370 61684.0
371 61684.0
372 62202.0
373 64400.0
374 62466.0
375 62466.0
376 62918.0
377 62918.0
378 62918.0
379 62918.0
380 62918.0
381 62918.0
382 61485.0
383 64307.0
384 64307.0
385 64307.0
386 63285.0
387 63088.0
388 63155.0
389 63155.0
390 63155.0
391 63155.0
392 62476.0
393 62476.0
394 62476.0
395 62476.0
396 62137.0
397 62343.0
398 62343.0
399 62114.0
400 63335.0
401 63759.0
402 63759.0
403 63759.0
404 62694.0
405 62694.0
406 62694.0
407 62694.0
408 62694.0
409 62839.0
410 62839.0
411 62839.0
412 63956.0
413 62839.0
414 62847.0
415 62853.0
416 63857.0
417 63857.0
418 63857.0
419 63857.0
420 63857.0
421 63954.0
422 63954.0
423 63857.0
424 63361.0
425 63361.0
426 63950.0
427 63361.0
428 65051.0
429 63361.0
430 63361.0
431 63361.0
432 64218.0
433 64218.0
434 62833.0
435 62833.0
436 63545.0
437 63545.0
438 64039.0
439 64194.0
440 64194.0
441 62936.0
442 64607.0
443 64607.0
444 64607.0
445 64607.0
446 64864.0
447 64607.0
448 64607.0
449 63222.0
450 63578.0
451 65928.0
452 65928.0
453 65928.0
454 65928.0
455 63991.0
456 63991.0
457 64407.0
458 63675.0
459 64159.0
460 64159.0
461 64922.0
462 64922.0
463 64922.0
464 64940.0
465 64940.0
466 64940.0
467 66594.0
468 66594.0
469 66594.0
470 66594.0
471 66594.0
472 66462.0
473 66462.0
474 64685.0
475 65068.0
476 65068.0
477 64960.0
478 64369.0
479 65532.0
480 65532.0
481 67626.0
482 67626.0
483 65695.0
484 65695.0
485 66226.0
486 66226.0
487 65695.0
488 65695.0
489 65695.0
490 65695.0
491 65695.0
492 66860.0
493 66860.0
494 66860.0
495 66128.0
496 66383.0
497 66383.0
498 66183.0
499 66035.0
500 65565.0
501 65565.0
502 65565.0
503 65565.0
504 65006.0
505 64476.0
506 64959.0
507 64959.0
508 65302.0
509 65701.0
510 65302.0
511 65047.0
512 65620.0
513 65596.0
514 65596.0
515 64995.0
516 65386.0
517 66091.0
518 66091.0
519 65095.0
520 64995.0
521 65704.0
522 65807.0
523 65807.0
524 65862.0
525 65807.0
526 66732.0
527 66748.0
528 66255.0
529 66255.0
530 66506.0
531 66506.0
532 66637.0
533 67814.0
534 67814.0
535 66145.0
536 66543.0
537 66543.0
538 66543.0
539 66543.0
540 66543.0
541 65724.0
542 65369.0
543 66838.0
544 65614.0
545 65614.0
546 66147.0
547 65708.0
548 65708.0
549 65335.0
550 65366.0
551 65740.0
552 66965.0
553 66965.0
554 66965.0
555 66965.0
556 65812.0
557 65709.0
558 65709.0
559 65709.0
560 65468.0
561 65732.0
562 65533.0
563 66358.0
564 66078.0
565 65805.0
566 65350.0
567 65350.0
568 66263.0
569 65485.0
570 66115.0
571 66115.0
572 66175.0
573 66175.0
574 66175.0
575 65754.0
576 65754.0
577 65754.0
578 66155.0
579 67142.0
580 67142.0
581 65589.0
582 65992.0
583 65992.0
584 67458.0
585 68116.0
586 65676.0
587 67263.0
588 66524.0
589 66744.0
590 66744.0
591 66255.0
592 66255.0
593 66255.0
594 66255.0
595 66393.0
596 66393.0
597 66393.0
598 66686.0
599 66686.0
600 66686.0
601 66621.0
602 66381.0
603 66421.0
604 67185.0
605 66629.0
606 66629.0
607 67074.0
608 67074.0
609 67588.0
610 67588.0
611 67588.0
612 67423.0
613 67423.0
614 67652.0
615 66745.0
616 66598.0
617 66815.0
618 66815.0
619 66783.0
620 66783.0
621 67897.0
622 66938.0
623 66934.0
624 67037.0
625 67037.0
626 67037.0
627 67037.0
628 67269.0
629 67269.0
630 67269.0
631 67596.0
632 67596.0
633 67596.0
634 67596.0
635 67760.0
636 67760.0
637 67760.0
638 67760.0
639 67371.0
640 67371.0
641 67698.0
642 67698.0
643 67465.0
644 68228.0
645 68228.0
646 68228.0
647 67538.0
648 67187.0
649 67187.0
650 67484.0
651 68503.0
652 67490.0
653 69048.0
654 69048.0
655 69048.0
656 67608.0
657 67608.0
658 67608.0
659 67608.0
660 67608.0
661 67925.0
662 69628.0
663 67925.0
664 69120.0
665 69120.0
666 68844.0
667 68844.0
668 68383.0
669 68383.0
670 69090.0
671 69090.0
672 67816.0
673 68368.0
674 68368.0
675 67602.0
676 67720.0
677 67720.0
678 67941.0
679 67942.0
680 68304.0
681 68810.0
682 69612.0
683 69612.0
684 69612.0
685 69612.0
686 69612.0
687 69612.0
688 69612.0
689 68576.0
690 68576.0
691 68546.0
692 68359.0
693 68359.0
694 68141.0
695 68141.0
696 68286.0
697 70012.0
698 70012.0
699 70012.0
700 68037.0
701 68362.0
702 68362.0
703 68362.0
704 68442.0
705 68479.0
706 68524.0
707 68683.0
708 68683.0
709 68683.0
710 69394.0
711 70247.0
712 69394.0
713 68852.0
714 70091.0
715 71197.0
716 71197.0
717 71197.0
718 71197.0
719 69137.0
720 69137.0
721 69137.0
722 69137.0
723 69026.0
724 69026.0
725 68417.0
726 68417.0
727 68101.0
728 67840.0
729 67905.0
730 68173.0
731 70732.0
732 70732.0
733 70732.0
734 70047.0
735 70047.0
736 70209.0
737 69453.0
738 69453.0
739 70451.0
740 69289.0
741 70296.0
742 70211.0
743 70211.0
744 70211.0
745 67930.0
746 69393.0
747 69393.0
748 68991.0
749 68991.0
750 69385.0
751 69385.0
752 69385.0
753 69385.0
754 69385.0
755 68100.0
756 69426.0
757 69426.0
758 68241.0
759 69805.0
760 69805.0
761 69805.0
762 69805.0
763 68912.0
764 68912.0
765 69256.0
766 68472.0
767 68472.0
768 69830.0
769 69830.0
770 68908.0
771 68908.0
772 68908.0
773 68908.0
774 68908.0
775 68720.0
776 68720.0
777 68720.0
778 68785.0
779 68785.0
780 68785.0
781 68785.0
782 69689.0
783 69689.0
784 69689.0
785 68354.0
786 70568.0
787 68459.0
788 68459.0
789 69270.0
790 69930.0
791 69270.0
792 69270.0
793 69270.0
794 68654.0
795 69054.0
796 69054.0
797 69054.0
798 69054.0
799 69054.0
800 70285.0
801 69519.0
802 69869.0
803 69869.0
804 69789.0
805 70766.0
806 70766.0
807 70766.0
808 70766.0
809 70166.0
810 70166.0
811 70166.0
812 70166.0
813 70166.0
814 70166.0
815 70166.0
816 69427.0
817 69427.0
818 69427.0
819 69427.0
820 69374.0
821 69374.0
822 69374.0
823 69125.0
824 68662.0
825 68662.0
826 68994.0
827 68994.0
828 68924.0
829 68924.0
830 68924.0
831 69180.0
832 71217.0
833 71217.0
834 71217.0
835 70039.0
836 68885.0
837 68885.0
838 68885.0
839 68711.0
840 68711.0
841 68944.0
842 69012.0
843 69012.0
844 68955.0
845 68955.0
846 69506.0
847 69506.0
848 69837.0
849 69837.0
850 69648.0
851 69648.0
852 71669.0
853 69451.0
854 69451.0
855 69451.0
856 68510.0
857 68510.0
858 69997.0
859 70462.0
860 69747.0
861 69747.0
862 69747.0
863 69747.0
864 69747.0
865 70044.0
866 70038.0
867 70038.0
868 70038.0
869 70038.0
870 70038.0
871 70038.0
872 70038.0
873 70708.0
874 70708.0
875 71184.0
876 71184.0
877 71184.0
878 71184.0
879 71184.0
880 71184.0
881 71184.0
882 71184.0
883 71207.0
884 71207.0
885 71207.0
886 70244.0
887 70244.0
888 70731.0
889 70481.0
890 70481.0
891 71298.0
892 71298.0
893 70690.0
894 70452.0
895 70281.0
896 70281.0
897 70323.0
898 70574.0
899 70323.0
900 71276.0
901 71276.0
902 70990.0
903 70990.0
904 70927.0
905 70751.0
906 70751.0
907 71142.0
908 71473.0
909 70689.0
910 70689.0
911 71714.0
912 72112.0
913 72112.0
914 72112.0
915 72112.0
916 71759.0
917 71759.0
918 71759.0
919 71759.0
920 71759.0
921 71759.0
922 71759.0
923 71759.0
924 71759.0
925 71759.0
926 71759.0
927 71759.0
928 71816.0
929 71816.0
930 73145.0
931 73145.0
932 71375.0
933 71375.0
934 71375.0
935 71653.0
936 71076.0
937 71076.0
938 71076.0
939 71076.0
940 70331.0
941 70348.0
942 70950.0
943 70950.0
944 70950.0
945 71130.0
946 72825.0
947 72825.0
948 72825.0
949 70093.0
950 70795.0
951 70796.0
952 70795.0
953 70005.0
954 69988.0
955 70806.0
956 70271.0
957 71004.0
958 71004.0
959 71004.0
960 70789.0
961 70312.0
962 70525.0
963 70525.0
964 70915.0
965 70915.0
966 70915.0
967 71826.0
968 71826.0
969 71826.0
970 71826.0
971 71668.0
972 72451.0
973 72451.0
974 72451.0
975 72451.0
976 72451.0
977 72177.0
978 71372.0
979 71372.0
980 71252.0
981 71252.0
982 71252.0
983 70842.0
984 70842.0
985 70516.0
986 70932.0
987 70949.0
988 70949.0
989 70949.0
990 71071.0
991 71071.0
992 71071.0
993 71307.0
994 71307.0
995 71307.0
996 71307.0
997 71307.0
998 71307.0
999 71307.0
1000 71404.0
