0 5292.0
1 5876.0
2 5876.0
3 5854.0
4 6245.0
5 7162.0
6 7523.0
7 7522.0
8 8809.0
9 8809.0
10 8976.0
11 9244.0
12 9572.0
13 9896.0
14 10350.0
15 10350.0
16 11199.0
17 11199.0
18 11199.0
19 11140.0
20 11140.0
21 11739.0
22 11576.0
23 11646.0
24 11646.0
25 12054.0
26 12054.0
27 12447.0
28 12120.0
29 12304.0
30 12154.0
31 12412.0
32 12412.0
33 12327.0
34 12524.0
35 12568.0
36 12568.0
37 12726.0
38 12752.0
39 12963.0
40 12963.0
41 12963.0
42 12809.0
43 12814.0
44 13126.0
45 13126.0
46 13126.0
47 13126.0
48 13146.0
49 13596.0
50 13596.0
51 13596.0
52 13596.0
53 13596.0
54 13466.0
55 13466.0
56 13466.0
57 13466.0
58 13466.0
59 13481.0
60 13715.0
61 13550.0
62 13550.0
63 13706.0
64 13706.0
65 13706.0
66 13706.0
67 13706.0
68 13720.0
69 13743.0
70 13743.0
71 13852.0
72 13823.0
73 13805.0
74 13805.0
75 13845.0
76 13845.0
77 13845.0
78 13879.0
79 13928.0
80 13953.0
81 13953.0
82 13953.0
83 13915.0
84 13915.0
85 13915.0
86 13927.0
87 13925.0
88 13978.0
89 13967.0
90 13967.0
91 13991.0
92 14036.0
93 14036.0
94 14036.0
95 14036.0
96 14036.0
97 14039.0
98 14043.0
99 14051.0
100 14051.0
