0 7606.0
1 8108.0
2 9004.0
3 9514.0
4 9964.0
5 10297.0
6 11324.0
7 12138.0
8 12367.0
9 13013.0
10 13661.0
11 14187.0
12 15133.0
13 15471.0
14 16875.0
15 16875.0
16 17082.0
17 17396.0
18 18400.0
19 18467.0
20 19578.0
21 20799.0
22 20055.0
23 20917.0
24 20917.0
25 21206.0
26 21206.0
27 22208.0
28 22771.0
29 23610.0
30 23610.0
31 23610.0
32 24645.0
33 24738.0
34 24817.0
35 25744.0
36 25744.0
37 25996.0
38 26258.0
39 27624.0
40 27329.0
41 27346.0
42 27346.0
43 28235.0
44 28235.0
45 28587.0
46 28557.0
47 28861.0
48 31103.0
49 31103.0
50 31103.0
51 30304.0
52 30223.0
53 30760.0
54 30372.0
55 32119.0
56 32119.0
57 32119.0
58 32119.0
59 31913.0
60 31913.0
61 31688.0
62 31750.0
63 32338.0
64 33156.0
65 33156.0
66 33156.0
67 33118.0
68 33118.0
69 34211.0
70 34211.0
71 34070.0
72 34171.0
73 36050.0
74 36050.0
75 34391.0
76 34569.0
77 34793.0
78 35432.0
79 35487.0
80 35432.0
81 35534.0
82 35743.0
83 35432.0
84 36172.0
85 36172.0
86 36172.0
87 36172.0
88 36172.0
89 37392.0
90 37392.0
91 37392.0
92 37564.0
93 37564.0
94 37564.0
95 37564.0
96 37564.0
97 36680.0
98 36859.0
99 38376.0
100 37882.0
101 37882.0
102 38018.0
103 38354.0
104 38678.0
105 38678.0
106 38678.0
107 38678.0
108 38851.0
109 38851.0
110 38217.0
111 38705.0
112 38149.0
113 38533.0
114 38533.0
115 38486.0
116 38486.0
117 38850.0
118 38519.0
119 38791.0
120 38791.0
121 38980.0
122 39158.0
123 39227.0
124 39227.0
125 39893.0
126 39826.0
127 39826.0
128 39741.0
129 39741.0
130 39155.0
131 39155.0
132 39349.0
133 39535.0
134 39419.0
135 39325.0
136 39325.0
137 39474.0
138 39474.0
139 39770.0
140 39770.0
141 39770.0
142 39770.0
143 40605.0
144 40605.0
145 40605.0
146 40176.0
147 40176.0
148 40176.0
149 40176.0
150 40870.0
151 40870.0
152 40148.0
153 40133.0
154 39951.0
155 39951.0
156 40156.0
157 40210.0
158 39789.0
159 40632.0
160 40677.0
161 40677.0
162 40677.0
163 40742.0
164 40677.0
165 40838.0
166 40838.0
167 41211.0
168 41211.0
169 41211.0
170 40897.0
171 40897.0
172 40897.0
173 41190.0
174 41190.0
175 40789.0
176 40789.0
177 40784.0
178 40880.0
179 40636.0
180 41461.0
181 41461.0
182 41461.0
183 41461.0
184 41286.0
185 41453.0
186 41453.0
187 41453.0
188 41453.0
189 41453.0
190 41453.0
191 41012.0
192 41090.0
193 41823.0
194 41823.0
195 41823.0
196 41048.0
197 41125.0
198 41419.0
199 41419.0
200 41092.0
201 41165.0
202 41660.0
203 41660.0
204 41660.0
205 42283.0
206 42283.0
207 41566.0
208 40898.0
209 41730.0
210 40854.0
211 41850.0
212 41850.0
213 42123.0
214 41157.0
215 41632.0
216 42155.0
217 42155.0
218 42155.0
219 42155.0
220 42155.0
221 42067.0
222 41052.0
223 41098.0
224 40945.0
225 41640.0
226 41640.0
227 41204.0
228 41313.0
229 41416.0
230 42324.0
231 42282.0
232 42282.0
233 42282.0
234 41930.0
235 41524.0
236 41524.0
237 41524.0
238 42812.0
239 43171.0
240 42359.0
241 42359.0
242 41527.0
243 42546.0
244 42546.0
245 42546.0
246 42941.0
247 42941.0
248 42941.0
249 42194.0
250 42194.0
251 42194.0
252 42194.0
253 42194.0
254 42194.0
255 42165.0
256 42088.0
257 42838.0
258 42838.0
259 42672.0
260 42065.0
261 42022.0
262 42022.0
263 42033.0
264 42149.0
265 42149.0
266 42149.0
267 42149.0
268 42149.0
269 42149.0
270 42149.0
271 42149.0
272 42149.0
273 42149.0
274 42149.0
275 42474.0
276 42474.0
277 42474.0
278 42149.0
279 42142.0
280 42363.0
281 42231.0
282 42231.0
283 42231.0
284 42231.0
285 42806.0
286 42176.0
287 42201.0
288 42299.0
289 42299.0
290 42731.0
291 42731.0
292 43195.0
293 43195.0
294 42941.0
295 42682.0
296 42975.0
297 42975.0
298 42975.0
299 43211.0
300 43211.0
301 43211.0
302 43211.0
303 43211.0
304 43005.0
305 43005.0
306 43005.0
307 43005.0
308 43005.0
309 43512.0
310 43512.0
311 43512.0
312 43512.0
313 43512.0
314 43512.0
315 43512.0
316 43512.0
317 43512.0
318 43512.0
319 42406.0
320 42370.0
321 42480.0
322 42679.0
323 42744.0
324 42744.0
325 42744.0
326 42679.0
327 43016.0
328 43487.0
329 42592.0
330 42441.0
331 42687.0
332 42687.0
333 42687.0
334 42874.0
335 42874.0
336 43113.0
337 43113.0
338 43113.0
339 43313.0
340 43461.0
341 43461.0
342 43073.0
343 43239.0
344 43239.0
345 43239.0
346 43239.0
347 43239.0
348 43289.0
349 43016.0
350 43083.0
351 43015.0
352 43614.0
353 43614.0
354 43312.0
355 43312.0
356 43312.0
357 42978.0
358 42978.0
359 42978.0
360 42978.0
361 43806.0
362 43806.0
363 43806.0
364 43806.0
365 43806.0
366 43806.0
367 43806.0
368 43806.0
369 43691.0
370 43691.0
371 43087.0
372 43087.0
373 43679.0
374 43679.0
375 43679.0
376 43679.0
377 43153.0
378 43153.0
379 43248.0
380 43248.0
381 43248.0
382 43573.0
383 43573.0
384 43573.0
385 43573.0
386 43529.0
387 43529.0
388 43529.0
389 43122.0
390 43439.0
391 42968.0
392 43419.0
393 43570.0
394 43964.0
395 43964.0
396 43307.0
397 43307.0
398 43307.0
399 43306.0
400 43843.0
401 43945.0
402 43681.0
403 43681.0
404 43569.0
405 43569.0
406 43858.0
407 44424.0
408 44424.0
409 43326.0
410 43326.0
411 43045.0
412 43045.0
413 43735.0
414 43735.0
415 43804.0
416 43804.0
417 43804.0
418 43804.0
419 43804.0
420 43198.0
421 43198.0
422 43975.0
423 43975.0
424 43728.0
425 43728.0
426 43728.0
427 44248.0
428 44248.0
429 44248.0
430 44248.0
431 43803.0
432 43797.0
433 43797.0
434 43850.0
435 43912.0
436 43912.0
437 43912.0
438 43912.0
439 44071.0
440 43912.0
441 43912.0
442 43912.0
443 43261.0
444 44603.0
445 44257.0
446 44257.0
447 44257.0
448 44257.0
449 43421.0
450 43421.0
451 43762.0
452 43368.0
453 43097.0
454 43146.0
455 43296.0
456 43296.0
457 43623.0
458 43623.0
459 43623.0
460 43623.0
461 43200.0
462 43969.0
463 43969.0
464 43316.0
465 43316.0
466 43713.0
467 43891.0
468 44102.0
469 44102.0
470 44102.0
471 44102.0
472 43479.0
473 43479.0
474 44147.0
475 44706.0
476 44706.0
477 43500.0
478 43500.0
479 43500.0
480 43643.0
481 43643.0
482 43643.0
483 43643.0
484 43643.0
485 43643.0
486 43643.0
487 43643.0
488 43654.0
489 44206.0
490 44001.0
491 43353.0
492 43403.0
493 43403.0
494 43723.0
495 44010.0
496 44028.0
497 44028.0
498 44028.0
499 43276.0
500 43563.0
501 43563.0
502 43563.0
503 43573.0
504 43573.0
505 43805.0
506 43805.0
507 43573.0
508 43573.0
509 43845.0
510 43845.0
511 43588.0
512 43588.0
513 43588.0
514 43836.0
515 43756.0
516 45188.0
517 45188.0
518 45188.0
519 45188.0
520 45188.0
521 45188.0
522 43824.0
523 43824.0
524 43877.0
525 43740.0
526 43616.0
527 43616.0
528 44168.0
529 43748.0
530 43748.0
531 43748.0
532 43748.0
533 43809.0
534 44118.0
535 44297.0
536 44297.0
537 44297.0
538 44297.0
539 45135.0
540 44012.0
541 44012.0
542 43748.0
543 43748.0
544 43996.0
545 43587.0
546 43587.0
547 43750.0
548 43750.0
549 44165.0
550 43750.0
551 43574.0
552 43574.0
553 43477.0
554 43260.0
555 43260.0
556 43204.0
557 43204.0
558 43707.0
559 43707.0
560 43831.0
561 43831.0
562 43831.0
563 43831.0
564 43793.0
565 44660.0
566 44660.0
567 43609.0
568 43609.0
569 43273.0
570 43409.0
571 43390.0
572 43390.0
573 44003.0
574 44003.0
575 44003.0
576 44003.0
577 44003.0
578 44003.0
579 43304.0
580 43583.0
581 43583.0
582 43232.0
583 43769.0
584 43769.0
585 43769.0
586 43829.0
587 43829.0
588 43829.0
589 43829.0
590 43829.0
591 43829.0
592 43829.0
593 43335.0
594 43230.0
595 43290.0
596 43290.0
597 43290.0
598 43256.0
599 43256.0
600 43044.0
601 43044.0
602 43044.0
603 43044.0
604 43044.0
605 42810.0
606 42820.0
607 43365.0
608 43365.0
609 43968.0
610 43968.0
611 43968.0
612 43819.0
613 43819.0
614 43819.0
615 43969.0
616 42933.0
617 42933.0
618 42933.0
619 43319.0
620 43137.0
621 43359.0
622 43359.0
623 43359.0
624 43954.0
625 43954.0
626 43954.0
627 43073.0
628 42990.0
629 42906.0
630 43780.0
631 43090.0
632 43090.0
633 43073.0
634 43073.0
635 43073.0
636 43073.0
637 43701.0
638 43977.0
639 43977.0
640 43977.0
641 43252.0
642 43046.0
643 43518.0
644 43518.0
645 43921.0
646 43027.0
647 43295.0
648 43295.0
649 43821.0
650 43821.0
651 43821.0
652 43821.0
653 43821.0
654 44190.0
655 44190.0
656 44190.0
657 44190.0
658 44190.0
659 44434.0
660 44434.0
661 44434.0
662 44434.0
663 44434.0
664 43090.0
665 43651.0
666 43651.0
667 43651.0
668 43842.0
669 43651.0
670 43651.0
671 43651.0
672 43651.0
673 43651.0
674 43651.0
675 43651.0
676 43598.0
677 44147.0
678 44147.0
679 44147.0
680 43449.0
681 43540.0
682 43449.0
683 43740.0
684 43681.0
685 43681.0
686 43144.0
687 43648.0
688 43648.0
689 43725.0
690 43060.0
691 43060.0
692 43408.0
693 43408.0
694 43408.0
695 43408.0
696 43828.0
697 43630.0
698 43630.0
699 43630.0
700 43198.0
701 43277.0
702 43198.0
703 43591.0
704 43754.0
705 44307.0
706 43782.0
707 43782.0
708 43782.0
709 43782.0
710 43163.0
711 43163.0
712 43163.0
713 43716.0
714 43716.0
715 42807.0
716 42807.0
717 42771.0
718 42885.0
719 43047.0
720 43458.0
721 42665.0
722 42608.0
723 43199.0
724 43199.0
725 43199.0
726 42627.0
727 42627.0
728 42927.0
729 42927.0
730 42845.0
731 43024.0
732 43024.0
733 43024.0
734 43024.0
735 42584.0
736 42755.0
737 42432.0
738 42508.0
739 42781.0
740 42781.0
741 42781.0
742 42781.0
743 43120.0
744 43120.0
745 43476.0
746 43476.0
747 43476.0
748 43476.0
749 42781.0
750 42755.0
751 43559.0
752 43098.0
753 43098.0
754 43098.0
755 43121.0
756 43096.0
757 42692.0
758 42692.0
759 42692.0
760 42692.0
761 42503.0
762 42571.0
763 42520.0
764 43606.0
765 43606.0
766 43606.0
767 43606.0
768 42717.0
769 42815.0
770 42815.0
771 42815.0
772 42815.0
773 42841.0
774 42841.0
775 42938.0
776 42938.0
777 42938.0
778 42654.0
779 42605.0
780 43857.0
781 43857.0
782 43857.0
783 43857.0
784 43857.0
785 42838.0
786 43517.0
787 42817.0
788 43170.0
789 43340.0
790 43340.0
791 43028.0
792 43434.0
793 43434.0
794 42806.0
795 42864.0
796 42806.0
797 42806.0
798 44293.0
799 44293.0
800 43615.0
801 43441.0
802 43441.0
803 43441.0
804 43151.0
805 43886.0
806 43886.0
807 43499.0
808 43499.0
809 43499.0
810 42934.0
811 43179.0
812 43484.0
813 43321.0
814 43321.0
815 43179.0
816 43020.0
817 43110.0
818 43272.0
819 43419.0
820 42662.0
821 43371.0
822 43205.0
823 43141.0
824 43840.0
825 43840.0
826 43840.0
827 43504.0
828 43504.0
829 43865.0
830 43504.0
831 43430.0
832 43430.0
833 43430.0
834 43430.0
835 43430.0
836 43858.0
837 43858.0
838 44569.0
839 44569.0
840 43858.0
841 43858.0
842 43703.0
843 43517.0
844 43517.0
845 43509.0
846 43509.0
847 43476.0
848 43838.0
849 43838.0
850 43838.0
851 43838.0
852 43838.0
853 44584.0
854 43838.0
855 43838.0
856 43317.0
857 42960.0
858 43011.0
859 42960.0
860 43314.0
861 42878.0
862 43126.0
863 43126.0
864 43126.0
865 43126.0
866 43126.0
867 43400.0
868 44213.0
869 44213.0
870 42982.0
871 42783.0
872 42857.0
873 42981.0
874 43655.0
875 43655.0
876 43655.0
877 43655.0
878 43655.0
879 44059.0
880 45104.0
881 45104.0
882 44059.0
883 43158.0
884 43136.0
885 43136.0
886 43196.0
887 43790.0
888 43790.0
889 43141.0
890 43098.0
891 43094.0
892 43273.0
893 43583.0
894 43180.0
895 43180.0
896 43180.0
897 43228.0
898 43785.0
899 43785.0
900 43785.0
901 43785.0
902 43785.0
903 44236.0
904 44236.0
905 44236.0
906 43737.0
907 43959.0
908 44212.0
909 44212.0
910 44212.0
911 44329.0
912 44212.0
913 44212.0
914 44212.0
915 44212.0
916 43447.0
917 43998.0
918 43998.0
919 45534.0
920 44158.0
921 44158.0
922 43998.0
923 43921.0
924 43921.0
925 43397.0
926 43348.0
927 43348.0
928 43422.0
929 43600.0
930 43600.0
931 44110.0
932 44110.0
933 44110.0
934 44198.0
935 44198.0
936 44198.0
937 44110.0
938 43766.0
939 43997.0
940 43997.0
941 43969.0
942 43969.0
943 43969.0
944 43969.0
945 44240.0
946 44240.0
947 44240.0
948 43986.0
949 43564.0
950 44594.0
951 44183.0
952 44183.0
953 44183.0
954 44183.0
955 44183.0
956 44012.0
957 44012.0
958 44012.0
959 44417.0
960 44472.0
961 44472.0
962 44472.0
963 44014.0
964 44014.0
965 44014.0
966 44014.0
967 44147.0
968 44147.0
969 44147.0
970 44030.0
971 44030.0
972 44030.0
973 44030.0
974 43214.0
975 43327.0
976 43545.0
977 43599.0
978 43599.0
979 44046.0
980 43225.0
981 43703.0
982 43703.0
983 43703.0
984 43873.0
985 43571.0
986 43491.0
987 44299.0
988 44299.0
989 43566.0
990 44152.0
991 44152.0
992 43928.0
993 44290.0
994 44185.0
995 44185.0
996 44185.0
997 44185.0
998 43499.0
999 43598.0
1000 43829.0
