0 7008.0
1 7495.0
2 7649.0
3 8233.0
4 8586.0
5 9417.0
6 10011.0
7 9919.0
8 10047.0
9 10559.0
10 10957.0
11 10846.0
12 11743.0
13 11743.0
14 12478.0
15 12696.0
16 13090.0
17 13567.0
18 14590.0
19 14018.0
20 14018.0
21 14444.0
22 14444.0
23 14540.0
24 14860.0
25 15022.0
26 15022.0
27 15329.0
28 15859.0
29 15713.0
30 15994.0
31 15994.0
32 16488.0
33 16504.0
34 16987.0
35 16922.0
36 16922.0
37 16985.0
38 17121.0
39 17223.0
40 17223.0
41 17183.0
42 17280.0
43 17182.0
44 17741.0
45 17741.0
46 17813.0
47 17806.0
48 17803.0
49 18053.0
50 18053.0
51 18214.0
52 18053.0
53 18088.0
54 18117.0
55 18222.0
56 18291.0
57 18538.0
58 18161.0
59 18295.0
60 18328.0
61 18328.0
62 18599.0
63 18599.0
64 18584.0
65 18742.0
66 18814.0
67 18814.0
68 18827.0
69 18827.0
70 18800.0
71 18705.0
72 19074.0
73 19074.0
74 19618.0
75 19618.0
76 19618.0
77 19342.0
78 19342.0
79 19468.0
80 19546.0
81 19546.0
82 19546.0
83 19546.0
84 19644.0
85 19644.0
86 19430.0
87 19559.0
88 19530.0
89 19587.0
90 19587.0
91 19664.0
92 19689.0
93 19664.0
94 19664.0
95 19743.0
96 19784.0
97 19784.0
98 19754.0
99 19754.0
100 19754.0
101 19754.0
102 19778.0
103 19815.0
104 19785.0
105 19898.0
106 19898.0
107 19898.0
108 19898.0
109 19938.0
110 20030.0
111 20054.0
112 20030.0
113 20201.0
114 20201.0
115 20188.0
116 20162.0
117 20292.0
118 20277.0
119 20475.0
120 20475.0
121 20239.0
122 20229.0
123 20304.0
124 20312.0
125 20320.0
126 20395.0
127 20417.0
128 20624.0
129 20624.0
130 20624.0
131 20624.0
132 20624.0
133 20624.0
134 20624.0
135 20624.0
136 20639.0
137 20567.0
138 20567.0
139 20584.0
140 20584.0
141 20597.0
142 20602.0
143 20605.0
144 20634.0
145 20611.0
146 20611.0
147 20673.0
148 20675.0
149 20675.0
150 20655.0
151 20673.0
152 20691.0
153 20673.0
154 20797.0
155 20673.0
156 20673.0
157 20675.0
158 20675.0
159 20675.0
160 20675.0
161 20675.0
162 20675.0
163 20675.0
164 20693.0
165 20675.0
166 20675.0
167 20675.0
168 20675.0
169 20675.0
170 20675.0
171 20675.0
172 20675.0
173 20675.0
174 20675.0
175 20675.0
176 20675.0
177 20675.0
178 20675.0
179 20675.0
180 20675.0
181 20675.0
182 20675.0
183 20675.0
184 20675.0
185 20675.0
186 20675.0
187 20675.0
188 20675.0
189 20675.0
190 20675.0
191 20675.0
192 20675.0
193 20675.0
194 20675.0
195 20675.0
196 20675.0
197 20675.0
198 20675.0
199 20675.0
200 20675.0
201 20675.0
202 20675.0
203 20675.0
204 20675.0
205 20675.0
206 20675.0
207 20675.0
208 20675.0
209 20675.0
210 20675.0
211 20675.0
212 20675.0
213 20675.0
214 20675.0
215 20675.0
216 20675.0
217 20675.0
218 20675.0
219 20675.0
220 20675.0
221 20675.0
222 20675.0
223 20675.0
224 20675.0
225 20675.0
226 20675.0
227 20675.0
228 20675.0
229 20675.0
230 20675.0
231 20675.0
232 20675.0
233 20675.0
234 20675.0
235 20675.0
236 20675.0
237 20675.0
238 20675.0
239 20675.0
240 20675.0
241 20675.0
242 20675.0
243 20675.0
244 20675.0
245 20675.0
246 20675.0
247 20675.0
248 20675.0
249 20675.0
250 20675.0
251 20675.0
252 20675.0
253 20675.0
254 20675.0
255 20675.0
256 20675.0
257 20675.0
258 20700.0
259 20700.0
260 20702.0
261 20702.0
262 20702.0
263 20702.0
264 20702.0
265 20702.0
266 20702.0
267 20702.0
268 20702.0
269 20702.0
270 20702.0
271 20702.0
272 20702.0
273 20702.0
274 20702.0
275 20702.0
276 20702.0
277 20702.0
278 20702.0
279 20702.0
280 20702.0
281 20702.0
282 20702.0
283 20702.0
284 20702.0
285 20702.0
286 20702.0
287 20702.0
288 20702.0
289 20702.0
290 20702.0
291 20702.0
292 20702.0
293 20702.0
294 20702.0
295 20702.0
296 20702.0
297 20702.0
298 20702.0
299 20702.0
300 20702.0
301 20702.0
302 20702.0
303 20702.0
304 20702.0
305 20702.0
306 20702.0
307 20702.0
308 20702.0
309 20702.0
310 20702.0
311 20702.0
312 20702.0
313 20702.0
314 20702.0
315 20702.0
316 20702.0
317 20702.0
318 20702.0
319 20702.0
320 20702.0
321 20702.0
322 20702.0
323 20702.0
324 20702.0
325 20702.0
326 20702.0
327 20702.0
328 20702.0
329 20702.0
330 20702.0
331 20702.0
332 20702.0
333 20702.0
334 20702.0
335 20702.0
336 20702.0
337 20702.0
338 20702.0
339 20702.0
340 20702.0
341 20702.0
342 20702.0
343 20702.0
344 20702.0
345 20702.0
346 20702.0
347 20702.0
348 20702.0
349 20702.0
350 20702.0
351 20702.0
352 20702.0
353 20702.0
354 20702.0
355 20702.0
356 20702.0
357 20702.0
358 20702.0
359 20702.0
360 20702.0
361 20702.0
362 20702.0
363 20702.0
364 20702.0
365 20702.0
366 20729.0
367 20729.0
368 20702.0
369 20702.0
370 20702.0
371 20702.0
372 20702.0
373 20702.0
374 20702.0
375 20702.0
376 20702.0
377 20702.0
378 20702.0
379 20702.0
380 20702.0
381 20702.0
382 20702.0
383 20702.0
384 20702.0
385 20702.0
386 20702.0
387 20702.0
388 20702.0
389 20702.0
390 20702.0
391 20702.0
392 20702.0
393 20702.0
394 20702.0
395 20702.0
396 20702.0
397 20702.0
398 20702.0
399 20702.0
400 20702.0
401 20702.0
402 20702.0
403 20702.0
404 20702.0
405 20702.0
406 20702.0
407 20702.0
408 20702.0
409 20702.0
410 20702.0
411 20702.0
412 20702.0
413 20702.0
414 20702.0
415 20702.0
416 20702.0
417 20702.0
418 20702.0
419 20702.0
420 20702.0
421 20702.0
422 20702.0
423 20702.0
424 20702.0
425 20702.0
426 20702.0
427 20702.0
428 20702.0
429 20702.0
430 20702.0
431 20702.0
432 20702.0
433 20702.0
434 20702.0
435 20702.0
436 20702.0
437 20702.0
438 20702.0
439 20702.0
440 20702.0
441 20702.0
442 20702.0
443 20702.0
444 20702.0
445 20702.0
446 20702.0
447 20702.0
448 20702.0
449 20702.0
450 20702.0
451 20702.0
452 20702.0
453 20702.0
454 20702.0
455 20702.0
456 20702.0
457 20702.0
458 20702.0
459 20702.0
460 20702.0
461 20702.0
462 20702.0
463 20702.0
464 20702.0
465 20702.0
466 20702.0
467 20702.0
468 20702.0
469 20702.0
470 20702.0
471 20702.0
472 20702.0
473 20702.0
474 20702.0
475 20702.0
476 20702.0
477 20702.0
478 20702.0
479 20702.0
480 20702.0
481 20702.0
482 20702.0
483 20702.0
484 20702.0
485 20702.0
486 20702.0
487 20702.0
488 20702.0
489 20702.0
490 20702.0
491 20702.0
492 20702.0
493 20702.0
494 20702.0
495 20702.0
496 20702.0
497 20702.0
498 20702.0
499 20702.0
500 20702.0
