0 7201.0
1 7201.0
2 8024.0
3 8024.0
4 8883.0
5 8893.0
6 9573.0
7 9767.0
8 10881.0
9 11145.0
10 11145.0
11 11739.0
12 12096.0
13 11958.0
14 12484.0
15 13252.0
16 13252.0
17 13252.0
18 13510.0
19 13543.0
20 14033.0
21 14133.0
22 14484.0
23 15261.0
24 14877.0
25 16029.0
26 15413.0
27 15608.0
28 15855.0
29 15855.0
30 15855.0
31 15864.0
32 15969.0
33 16166.0
34 16956.0
35 16956.0
36 16923.0
37 17007.0
38 17475.0
39 17475.0
40 17475.0
41 17496.0
42 17515.0
43 17946.0
44 17946.0
45 17946.0
46 17946.0
47 17955.0
48 18140.0
49 18136.0
50 18299.0
51 18506.0
52 18506.0
53 18689.0
54 18148.0
55 18187.0
56 18658.0
57 18383.0
58 18423.0
59 18516.0
60 18465.0
61 18517.0
62 18880.0
63 18880.0
64 18880.0
65 18962.0
66 19335.0
67 19335.0
68 19335.0
69 19419.0
70 19419.0
71 19419.0
72 19419.0
73 19419.0
74 19419.0
75 19120.0
76 19316.0
77 19316.0
78 19316.0
79 19982.0
80 19982.0
81 19756.0
82 19902.0
83 19902.0
84 19902.0
85 19902.0
86 19902.0
87 19902.0
88 19902.0
89 19845.0
90 19636.0
91 19699.0
92 19769.0
93 19877.0
94 19769.0
95 19856.0
96 19874.0
97 19875.0
98 19874.0
99 20007.0
100 20198.0
101 20198.0
102 20198.0
103 20198.0
104 20277.0
105 20212.0
106 20212.0
107 20212.0
108 20212.0
109 20178.0
110 20344.0
111 20481.0
112 20294.0
113 20588.0
114 20465.0
115 20465.0
116 20548.0
117 20548.0
118 20558.0
119 20552.0
120 20589.0
121 20606.0
122 20620.0
123 20628.0
124 20744.0
125 20744.0
126 20744.0
127 20694.0
128 20694.0
129 20694.0
130 20683.0
131 20719.0
132 20792.0
133 20792.0
134 20750.0
135 20770.0
136 20804.0
137 20838.0
138 20838.0
139 20831.0
140 20831.0
141 20831.0
142 20915.0
143 20863.0
144 20863.0
145 20863.0
146 20892.0
147 20912.0
148 20915.0
149 20915.0
150 20915.0
151 20915.0
152 20915.0
153 20915.0
154 20915.0
155 20915.0
156 20915.0
157 20915.0
158 20915.0
159 20889.0
160 20893.0
161 20893.0
162 20903.0
163 20896.0
164 20903.0
165 20906.0
166 20906.0
167 20906.0
168 20906.0
169 20906.0
170 20906.0
171 20906.0
172 20906.0
173 20906.0
174 20906.0
175 20906.0
176 20906.0
177 20906.0
178 20906.0
179 20906.0
180 20906.0
181 20906.0
182 20906.0
183 20906.0
184 20906.0
185 20906.0
186 20906.0
187 20906.0
188 20906.0
189 20906.0
190 20906.0
191 20906.0
192 20906.0
193 20906.0
194 20906.0
195 20906.0
196 20906.0
197 20906.0
198 20906.0
199 20906.0
200 20906.0
201 20906.0
202 20906.0
203 20906.0
204 20906.0
205 20906.0
206 20906.0
207 20906.0
208 20906.0
209 20906.0
210 20906.0
211 20906.0
212 20906.0
213 20906.0
214 20906.0
215 20906.0
216 20906.0
217 20906.0
218 20906.0
219 20906.0
220 20906.0
221 20906.0
222 20906.0
223 20906.0
224 20906.0
225 20906.0
226 20906.0
227 20906.0
228 20906.0
229 20906.0
230 20906.0
231 20906.0
232 20906.0
233 20906.0
234 20906.0
235 20906.0
236 20906.0
237 20906.0
238 20906.0
239 20906.0
240 20906.0
241 20906.0
242 20906.0
243 20906.0
244 20906.0
245 20906.0
246 20906.0
247 20906.0
248 20906.0
249 20906.0
250 20906.0
251 20906.0
252 20906.0
253 20906.0
254 20906.0
255 20906.0
256 20906.0
257 20906.0
258 20906.0
259 20906.0
260 20906.0
261 20906.0
262 20906.0
263 20906.0
264 20922.0
265 20922.0
266 20923.0
267 20951.0
268 20951.0
269 20951.0
270 20951.0
271 20951.0
272 20951.0
273 20951.0
274 20951.0
275 20951.0
276 20951.0
277 20951.0
278 20951.0
279 20951.0
280 20951.0
281 20951.0
282 20951.0
283 20951.0
284 20951.0
285 20951.0
286 20951.0
287 20951.0
288 20951.0
289 20951.0
290 20951.0
291 20951.0
292 20951.0
293 20951.0
294 20951.0
295 20951.0
296 20951.0
297 20951.0
298 20951.0
299 20951.0
300 20951.0
301 20951.0
302 20951.0
303 20951.0
304 20951.0
305 20951.0
306 20951.0
307 20951.0
308 20951.0
309 20951.0
310 20951.0
311 20951.0
312 20951.0
313 20951.0
314 20951.0
315 20951.0
316 20951.0
317 20951.0
318 20951.0
319 20951.0
320 20951.0
321 20951.0
322 20951.0
323 20951.0
324 20951.0
325 20951.0
326 20951.0
327 20951.0
328 20951.0
329 20951.0
330 20951.0
331 20951.0
332 20951.0
333 20951.0
334 20951.0
335 20951.0
336 20951.0
337 20951.0
338 20951.0
339 20951.0
340 20951.0
341 20951.0
342 20951.0
343 20951.0
344 20951.0
345 20951.0
346 20951.0
347 20951.0
348 20951.0
349 20951.0
350 20951.0
351 20951.0
352 20951.0
353 20951.0
354 20951.0
355 20951.0
356 20951.0
357 20951.0
358 20951.0
359 20951.0
360 20951.0
361 20951.0
362 20951.0
363 20951.0
364 20951.0
365 20951.0
366 20951.0
367 20951.0
368 20951.0
369 20951.0
370 20951.0
371 20951.0
372 20951.0
373 20951.0
374 20951.0
375 20951.0
376 20951.0
377 20951.0
378 20951.0
379 20951.0
380 20951.0
381 20951.0
382 20951.0
383 20951.0
384 20951.0
385 20951.0
386 20951.0
387 20951.0
388 20951.0
389 20951.0
390 20951.0
391 20951.0
392 20951.0
393 20951.0
394 20951.0
395 20951.0
396 20951.0
397 20951.0
398 20951.0
399 20951.0
400 20951.0
401 20951.0
402 20951.0
403 20951.0
404 20951.0
405 20951.0
406 20951.0
407 20951.0
408 20951.0
409 20951.0
410 20951.0
411 20951.0
412 20951.0
413 20951.0
414 20951.0
415 20951.0
416 20951.0
417 20951.0
418 20951.0
419 20951.0
420 20951.0
421 20951.0
422 20951.0
423 20951.0
424 20951.0
425 20951.0
426 20951.0
427 20951.0
428 20951.0
429 20951.0
430 20951.0
431 20951.0
432 20951.0
433 20951.0
434 20951.0
435 20951.0
436 20951.0
437 20951.0
438 20951.0
439 20951.0
440 20951.0
441 20951.0
442 20951.0
443 20951.0
444 20951.0
445 20951.0
446 20951.0
447 20951.0
448 20951.0
449 20951.0
450 20951.0
451 20951.0
452 20951.0
453 20951.0
454 20951.0
455 20951.0
456 20951.0
457 20951.0
458 20951.0
459 20951.0
460 20951.0
461 20951.0
462 20951.0
463 20951.0
464 20951.0
465 20951.0
466 20951.0
467 20951.0
468 20951.0
469 20951.0
470 20951.0
471 20951.0
472 20951.0
473 20951.0
474 20951.0
475 20951.0
476 20951.0
477 20951.0
478 20951.0
479 20951.0
480 20951.0
481 20951.0
482 20951.0
483 20951.0
484 20951.0
485 20951.0
486 20951.0
487 20951.0
488 20951.0
489 20951.0
490 20951.0
491 20951.0
492 20951.0
493 20951.0
494 20951.0
495 20951.0
496 20951.0
497 20951.0
498 20951.0
499 20951.0
500 20951.0
501 20951.0
502 20951.0
503 20951.0
504 20951.0
505 20951.0
506 20951.0
507 20951.0
508 20951.0
509 20951.0
510 20951.0
511 20951.0
512 20951.0
513 20951.0
514 20951.0
515 20951.0
516 20951.0
517 20951.0
518 20951.0
519 20951.0
520 20951.0
521 20951.0
522 20951.0
523 20951.0
524 20951.0
525 20951.0
526 20951.0
527 20951.0
528 20951.0
529 20951.0
530 20951.0
531 20951.0
532 20951.0
533 20951.0
534 20951.0
535 20951.0
536 20951.0
537 20951.0
538 20951.0
539 20951.0
540 20951.0
541 20951.0
542 20951.0
543 20951.0
544 20951.0
545 20951.0
546 20951.0
547 20951.0
548 20951.0
549 20951.0
550 20951.0
551 20951.0
552 20951.0
553 20951.0
554 20951.0
555 20951.0
556 20951.0
557 20951.0
558 20951.0
559 20951.0
560 20951.0
561 20951.0
562 20951.0
563 20951.0
564 20951.0
565 20951.0
566 20951.0
567 20951.0
568 20951.0
569 20951.0
570 20951.0
571 20951.0
572 20951.0
573 20951.0
574 20951.0
575 20951.0
576 20951.0
577 20951.0
578 20951.0
579 20951.0
580 20951.0
581 20951.0
582 20951.0
583 20951.0
584 20951.0
585 20951.0
586 20951.0
587 20951.0
588 20951.0
589 20951.0
590 20951.0
591 20951.0
592 20951.0
593 20951.0
594 20951.0
595 20951.0
596 20951.0
597 20951.0
598 20951.0
599 20951.0
600 20951.0
601 20951.0
602 20951.0
603 20951.0
604 20951.0
605 20951.0
606 20951.0
607 20951.0
608 20951.0
609 20951.0
610 20951.0
611 20951.0
612 20951.0
613 20951.0
614 20951.0
615 20951.0
616 20951.0
617 20951.0
618 20951.0
619 20951.0
620 20951.0
621 20951.0
622 20951.0
623 20951.0
624 20951.0
625 20951.0
626 20951.0
627 20951.0
628 20951.0
629 20951.0
630 20951.0
631 20951.0
632 20951.0
633 20951.0
634 20951.0
635 20951.0
636 20951.0
637 20951.0
638 20951.0
639 20951.0
640 20951.0
641 20951.0
642 20951.0
643 20951.0
644 20951.0
645 20951.0
646 20951.0
647 20951.0
648 20951.0
649 20951.0
650 20951.0
651 20951.0
652 20951.0
653 20951.0
654 20951.0
655 20951.0
656 20951.0
657 20951.0
658 20951.0
659 20951.0
660 20951.0
661 20951.0
662 20951.0
663 20951.0
664 20951.0
665 20951.0
666 20951.0
667 20951.0
668 20951.0
669 20951.0
670 20951.0
671 20951.0
672 20951.0
673 20951.0
674 20951.0
675 20951.0
676 20951.0
677 20951.0
678 20951.0
679 20951.0
680 20951.0
681 20951.0
682 20951.0
683 20951.0
684 20951.0
685 20951.0
686 20951.0
687 20951.0
688 20951.0
689 20951.0
690 20951.0
691 20951.0
692 20951.0
693 20951.0
694 20951.0
695 20951.0
696 20951.0
697 20951.0
698 20951.0
699 20951.0
700 20951.0
701 20951.0
702 20951.0
703 20951.0
704 20951.0
705 20951.0
706 20951.0
707 20951.0
708 20951.0
709 20951.0
710 20951.0
711 20951.0
712 20951.0
713 20951.0
714 20951.0
715 20951.0
716 20951.0
717 20951.0
718 20951.0
719 20951.0
720 20951.0
721 20951.0
722 20951.0
723 20951.0
724 20951.0
725 20951.0
726 20951.0
727 20951.0
728 20951.0
729 20951.0
730 20951.0
731 20951.0
732 20951.0
733 20951.0
734 20951.0
735 20951.0
736 20951.0
737 20951.0
738 20951.0
739 20951.0
740 20951.0
741 20951.0
742 20951.0
743 20951.0
744 20951.0
745 20951.0
746 20951.0
747 20951.0
748 20951.0
749 20951.0
750 20951.0
751 20951.0
752 20951.0
753 20951.0
754 20951.0
755 20951.0
756 20951.0
757 20951.0
758 20951.0
759 20951.0
760 20951.0
761 20951.0
762 20951.0
763 20951.0
764 20951.0
765 20951.0
766 20951.0
767 20951.0
768 20951.0
769 20951.0
770 20951.0
771 20951.0
772 20951.0
773 20951.0
774 20951.0
775 20951.0
776 20951.0
777 20951.0
778 20951.0
779 20951.0
780 20951.0
781 20951.0
782 20951.0
783 20951.0
784 20951.0
785 20951.0
786 20951.0
787 20951.0
788 20951.0
789 20951.0
790 20951.0
791 20951.0
792 20951.0
793 20951.0
794 20951.0
795 20951.0
796 20951.0
797 20951.0
798 20951.0
799 20951.0
800 20951.0
801 20951.0
802 20951.0
803 20951.0
804 20951.0
805 20951.0
806 20951.0
807 20951.0
808 20951.0
809 20951.0
810 20951.0
811 20951.0
812 20951.0
813 20951.0
814 20951.0
815 20951.0
816 20951.0
817 20951.0
818 20951.0
819 20951.0
820 20951.0
821 20951.0
822 20951.0
823 20951.0
824 20951.0
825 20951.0
826 20951.0
827 20951.0
828 20951.0
829 20951.0
830 20951.0
831 20951.0
832 20951.0
833 20951.0
834 20951.0
835 20951.0
836 20951.0
837 20951.0
838 20951.0
839 20951.0
840 20951.0
841 20951.0
842 20951.0
843 20951.0
844 20951.0
845 20951.0
846 20951.0
847 20951.0
848 20951.0
849 20951.0
850 20951.0
851 20951.0
852 20951.0
853 20951.0
854 20951.0
855 20951.0
856 20951.0
857 20951.0
858 20951.0
859 20951.0
860 20951.0
861 20951.0
862 20951.0
863 20951.0
864 20951.0
865 20951.0
866 20951.0
867 20951.0
868 20951.0
869 20951.0
870 20951.0
871 20951.0
872 20951.0
873 20951.0
874 20951.0
875 20951.0
876 20951.0
877 20951.0
878 20951.0
879 20951.0
880 20951.0
881 20951.0
882 20951.0
883 20951.0
884 20951.0
885 20951.0
886 20951.0
887 20951.0
888 20951.0
889 20951.0
890 20951.0
891 20951.0
892 20951.0
893 20951.0
894 20951.0
895 20951.0
896 20951.0
897 20951.0
898 20951.0
899 20951.0
900 20951.0
901 20951.0
902 20951.0
903 20951.0
904 20951.0
905 20951.0
906 20951.0
907 20951.0
908 20951.0
909 20951.0
910 20951.0
911 20951.0
912 20951.0
913 20951.0
914 20951.0
915 20951.0
916 20951.0
917 20951.0
918 20951.0
919 20951.0
920 20951.0
921 20951.0
922 20951.0
923 20951.0
924 20951.0
925 20951.0
926 20951.0
927 20951.0
928 20951.0
929 20951.0
930 20951.0
931 20951.0
932 20951.0
933 20951.0
934 20951.0
935 20951.0
936 20951.0
937 20951.0
938 20951.0
939 20951.0
940 20951.0
941 20951.0
942 20951.0
943 20951.0
944 20951.0
945 20951.0
946 20951.0
947 20951.0
948 20951.0
949 20951.0
950 20951.0
951 20951.0
952 20951.0
953 20951.0
954 20951.0
955 20951.0
956 20951.0
957 20951.0
958 20951.0
959 20951.0
960 20951.0
961 20951.0
962 20951.0
963 20951.0
964 20951.0
965 20951.0
966 20951.0
967 20951.0
968 20951.0
969 20951.0
970 20951.0
971 20951.0
972 20951.0
973 20951.0
974 20951.0
975 20951.0
976 20951.0
977 20951.0
978 20951.0
979 20951.0
980 20951.0
981 20951.0
982 20951.0
983 20951.0
984 20951.0
985 20951.0
986 20951.0
987 20951.0
988 20951.0
989 20951.0
990 20951.0
991 20951.0
992 20951.0
993 20951.0
994 20951.0
995 20951.0
996 20951.0
997 20951.0
998 20951.0
999 20951.0
1000 20951.0

