0 12542.0
1 12542.0
2 14071.0
3 14086.0
4 14732.0
5 16275.0
6 18191.0
7 18191.0
8 18896.0
9 18911.0
10 19401.0
11 20635.0
12 20900.0
13 23044.0
14 23044.0
15 23631.0
16 23754.0
17 26128.0
18 26128.0
19 26128.0
20 26635.0
21 28827.0
22 27550.0
23 29847.0
24 29847.0
25 29847.0
26 30507.0
27 31096.0
28 30507.0
29 31060.0
30 32821.0
31 33979.0
32 33979.0
33 33415.0
34 37115.0
35 37115.0
36 34548.0
37 34548.0
38 34548.0
39 36022.0
40 36816.0
41 36816.0
42 35809.0
43 35809.0
44 36139.0
45 36139.0
46 36352.0
47 36352.0
48 36518.0
49 36621.0
50 36152.0
51 36152.0
52 36842.0
53 36842.0
54 37420.0
55 37420.0
56 37420.0
57 37420.0
58 37420.0
59 37420.0
60 38217.0
61 40928.0
62 40928.0
63 39704.0
64 39704.0
65 39784.0
66 41957.0
67 41957.0
68 41957.0
69 41957.0
70 41929.0
71 41929.0
72 41929.0
73 40581.0
74 40215.0
75 41062.0
76 41062.0
77 40245.0
78 41450.0
79 41450.0
80 41450.0
81 40586.0
82 41695.0
83 43117.0
84 43117.0
85 44011.0
86 44011.0
87 43117.0
88 43117.0
89 43117.0
90 43117.0
91 43140.0
92 43069.0
93 43168.0
94 43863.0
95 43863.0
96 43863.0
97 43863.0
98 44507.0
99 44507.0
100 44907.0
101 45175.0
102 45031.0
103 44198.0
104 44588.0
105 44588.0
106 45558.0
107 45549.0
108 45549.0
109 45040.0
110 45040.0
111 46302.0
112 45827.0
113 45915.0
114 45915.0
115 45827.0
116 45247.0
117 45298.0
118 44484.0
119 44449.0
120 45230.0
121 46458.0
122 46458.0
123 46458.0
124 46458.0
125 46458.0
126 46585.0
127 46962.0
128 47058.0
129 48099.0
130 47573.0
131 48307.0
132 48746.0
133 48746.0
134 48746.0
135 50273.0
136 49261.0
137 49261.0
138 50112.0
139 50112.0
140 50480.0
141 50480.0
142 51126.0
143 50330.0
144 50330.0
145 50330.0
146 50330.0
147 51537.0
148 50538.0
149 51492.0
150 51492.0
151 50538.0
152 50384.0
153 51081.0
154 51081.0
155 51214.0
156 51214.0
157 50763.0
158 52114.0
159 54551.0
160 52114.0
161 52114.0
162 51157.0
163 51157.0
164 52208.0
165 51194.0
166 51194.0
167 52024.0
168 51194.0
169 51140.0
170 51070.0
171 52222.0
172 52222.0
173 52248.0
174 52222.0
175 52222.0
176 54434.0
177 54491.0
178 54986.0
179 54986.0
180 54986.0
181 54986.0
182 54986.0
183 54986.0
184 53104.0
185 56236.0
186 56236.0
187 56236.0
188 56236.0
189 56236.0
190 54871.0
191 54871.0
192 55134.0
193 58854.0
194 55134.0
195 55134.0
196 54471.0
197 54968.0
198 55793.0
199 55793.0
200 55793.0
201 55793.0
202 55793.0
203 55793.0
204 55793.0
205 57500.0
206 57500.0
207 57500.0
208 57500.0
209 55931.0
210 56259.0
211 56724.0
212 56724.0
213 56724.0
214 56965.0
215 56965.0
216 56745.0
217 56745.0
218 57538.0
219 57641.0
220 57641.0
221 56970.0
222 57359.0
223 56970.0
224 56970.0
225 57577.0
226 57577.0
227 58839.0
228 58839.0
229 59642.0
230 60105.0
231 60105.0
232 62230.0
233 62230.0
234 62230.0
235 62230.0
236 62230.0
237 62744.0
238 62744.0
239 62744.0
240 62744.0
241 62744.0
242 60002.0
243 60002.0
244 59118.0
245 59118.0
246 60017.0
247 59074.0
248 59074.0
249 58643.0
250 60288.0
251 60288.0
252 60288.0
253 60288.0
254 60288.0
255 60288.0
256 60288.0
257 59695.0
258 58888.0
259 59065.0
260 59881.0
261 60081.0
262 58888.0
263 58888.0
264 58397.0
265 57393.0
266 57830.0
267 57830.0
268 59250.0
269 59250.0
270 59250.0
271 58523.0
272 58538.0
273 59670.0
274 59670.0
275 59670.0
276 58956.0
277 59808.0
278 58174.0
279 58629.0
280 59364.0
281 59364.0
282 59850.0
283 59850.0
284 59850.0
285 59850.0
286 59850.0
287 59364.0
288 59364.0
289 58294.0
290 58294.0
291 58839.0
292 58839.0
293 58839.0
294 59057.0
295 59644.0
296 59644.0
297 59644.0
298 59644.0
299 59644.0
300 58355.0
301 58682.0
302 59227.0
303 60382.0
304 60382.0
305 60382.0
306 60390.0
307 60390.0
308 60390.0
309 60918.0
310 60374.0
311 60458.0
312 62294.0
313 62294.0
314 61981.0
315 61981.0
316 60085.0
317 60085.0
318 60162.0
319 61006.0
320 61006.0
321 61006.0
322 61006.0
323 60777.0
324 60777.0
325 60777.0
326 60777.0
327 60777.0
328 60284.0
329 58917.0
330 58944.0
331 61853.0
332 62068.0
333 60206.0
334 59168.0
335 59991.0
336 59991.0
337 59991.0
338 59991.0
339 59442.0
340 60698.0
341 60698.0
342 60698.0
343 60394.0
344 60394.0
345 60394.0
346 60394.0
347 63195.0
348 63195.0
349 60479.0
350 59868.0
351 61358.0
352 59868.0
353 61209.0
354 61054.0
355 61054.0
356 61054.0
357 60441.0
358 60628.0
359 61296.0
360 60628.0
361 61027.0
362 61027.0
363 61130.0
364 61739.0
365 61130.0
366 60582.0
367 60582.0
368 60210.0
369 59952.0
370 59952.0
371 60277.0
372 61359.0
373 61359.0
374 61359.0
375 61359.0
376 61359.0
377 62000.0
378 62000.0
379 61491.0
380 61491.0
381 61491.0
382 60838.0
383 60611.0
384 62577.0
385 62577.0
386 62577.0
387 62113.0
388 62113.0
389 62113.0
390 62113.0
391 62113.0
392 62113.0
393 62113.0
394 62113.0
395 62113.0
396 62099.0
397 62099.0
398 61695.0
399 61695.0
400 61695.0
401 61311.0
402 62417.0
403 62417.0
404 62417.0
405 63376.0
406 63376.0
407 63376.0
408 63811.0
409 63811.0
410 63811.0
411 63811.0
412 63811.0
413 63811.0
414 63432.0
415 63432.0
416 63432.0
417 63432.0
418 63432.0
419 62384.0
420 60854.0
421 61224.0
422 62793.0
423 62892.0
424 63537.0
425 63090.0
426 64186.0
427 64186.0
428 62899.0
429 64472.0
430 64559.0
431 63536.0
432 63801.0
433 66114.0
434 66114.0
435 66114.0
436 66114.0
437 66114.0
438 66003.0
439 66003.0
440 66003.0
441 66003.0
442 64386.0
443 64770.0
444 66707.0
445 66707.0
446 65816.0
447 66486.0
448 65816.0
449 66289.0
450 65816.0
451 65879.0
452 66179.0
453 66403.0
454 66403.0
455 66733.0
456 67205.0
457 67205.0
458 67205.0
459 68862.0
460 68862.0
461 68862.0
462 68862.0
463 68419.0
464 68419.0
465 68800.0
466 68800.0
467 68800.0
468 68800.0
469 68800.0
470 68261.0
471 68172.0
472 68325.0
473 68209.0
474 70899.0
475 70899.0
476 69162.0
477 69162.0
478 69761.0
479 71606.0
480 71606.0
481 71606.0
482 70560.0
483 70560.0
484 71232.0
485 71255.0
486 71255.0
487 71255.0
488 71404.0
489 71978.0
490 72046.0
491 72046.0
492 72046.0
493 72046.0
494 72046.0
495 73509.0
496 73509.0
497 73509.0
498 73509.0
499 73509.0
500 73509.0
