0 19770.0
1 20122.0
2 19770.0
3 21718.0
4 21902.0
5 23200.0
6 24746.0
7 25299.0
8 26908.0
9 26908.0
10 30391.0
11 30654.0
12 31691.0
13 32247.0
14 32830.0
15 35909.0
16 35689.0
17 38431.0
18 38431.0
19 37344.0
20 38747.0
21 38747.0
22 39909.0
23 39866.0
24 39866.0
25 40394.0
26 40394.0
27 40661.0
28 42395.0
29 42395.0
30 42007.0
31 43191.0
32 43191.0
33 45809.0
34 43598.0
35 43840.0
36 43840.0
37 44980.0
38 44980.0
39 44980.0
40 44980.0
41 46796.0
42 47032.0
43 50427.0
44 50427.0
45 49153.0
46 49153.0
47 49153.0
48 50650.0
49 51530.0
50 49824.0
51 49281.0
52 51403.0
53 51403.0
54 51403.0
55 51403.0
56 52933.0
57 50968.0
58 52151.0
59 52151.0
60 52251.0
61 52151.0
62 52151.0
63 53384.0
64 53621.0
65 53384.0
66 54119.0
67 54119.0
68 54119.0
69 54318.0
70 54318.0
71 54592.0
72 54592.0
73 55107.0
74 55941.0
75 55941.0
76 54035.0
77 55625.0
78 57494.0
79 57494.0
80 57494.0
81 58653.0
82 57494.0
83 58272.0
84 58272.0
85 58272.0
86 58272.0
87 58822.0
88 58297.0
89 58297.0
90 58798.0
91 58124.0
92 60783.0
93 60783.0
94 63432.0
95 63432.0
96 61024.0
97 61024.0
98 60688.0
99 60688.0
100 59918.0
