0 9961.0
1 10792.0
2 12259.0
3 12458.0
4 13434.0
5 13434.0
6 13931.0
7 14956.0
8 15487.0
9 16091.0
10 16963.0
11 17458.0
12 18422.0
13 18958.0
14 19232.0
15 20062.0
16 21060.0
17 21479.0
18 22481.0
19 23903.0
20 23721.0
21 24847.0
22 24952.0
23 25055.0
24 28199.0
25 28199.0
26 28199.0
27 28199.0
28 28672.0
29 31434.0
30 31434.0
31 31434.0
32 31434.0
33 32140.0
34 33193.0
35 33193.0
36 33960.0
37 34588.0
38 34588.0
39 34588.0
40 34241.0
41 34819.0
42 34819.0
43 37054.0
44 37054.0
45 37054.0
46 38211.0
47 38211.0
48 38396.0
49 38396.0
50 38396.0
51 39476.0
52 41411.0
53 41411.0
54 41482.0
55 41482.0
56 41411.0
57 41883.0
58 42027.0
59 44641.0
60 43672.0
61 43672.0
62 43397.0
63 43397.0
64 43829.0
65 43900.0
66 43871.0
67 44970.0
68 45978.0
69 45023.0
70 46525.0
71 46525.0
72 48379.0
73 48379.0
74 46515.0
75 46663.0
76 46663.0
77 47327.0
78 47963.0
79 47863.0
80 47863.0
81 48358.0
82 51065.0
83 51065.0
84 51065.0
85 51065.0
86 50818.0
87 50818.0
88 50818.0
89 50818.0
90 51145.0
91 51474.0
92 51474.0
93 51827.0
94 51827.0
95 52933.0
96 52183.0
97 51827.0
98 52850.0
99 52355.0
100 52430.0
101 52657.0
102 52240.0
103 53206.0
104 53418.0
105 53418.0
106 53405.0
107 53684.0
108 54630.0
109 54630.0
110 54630.0
111 55232.0
112 55232.0
113 56575.0
114 56575.0
115 56575.0
116 56575.0
117 56575.0
118 56575.0
119 56575.0
120 56575.0
121 56575.0
122 56575.0
123 56575.0
124 57624.0
125 56480.0
126 57353.0
127 57353.0
128 57353.0
129 57111.0
130 57107.0
131 57107.0
132 57106.0
133 57106.0
134 57563.0
135 57563.0
136 59369.0
137 57899.0
138 58793.0
139 59118.0
140 58793.0
141 57460.0
142 57875.0
143 58470.0
144 58470.0
145 58470.0
146 59030.0
147 58804.0
148 59564.0
149 59564.0
150 59564.0
151 60246.0
152 60246.0
153 60246.0
154 60246.0
155 60581.0
156 60581.0
157 60581.0
158 60581.0
159 60581.0
160 60542.0
161 60363.0
162 61215.0
163 60363.0
164 60363.0
165 60363.0
166 59516.0
167 60363.0
168 59451.0
169 60706.0
170 60861.0
171 60861.0
172 60706.0
173 60706.0
174 60706.0
175 60534.0
176 60318.0
177 61081.0
178 61081.0
179 61081.0
180 60388.0
181 60798.0
182 60798.0
183 60798.0
184 60793.0
185 61067.0
186 61067.0
187 61002.0
188 60894.0
189 60668.0
190 60668.0
191 60724.0
192 60813.0
193 60813.0
194 61241.0
195 60928.0
196 60933.0
197 61493.0
198 61493.0
199 61493.0
200 63091.0
201 63091.0
202 62262.0
203 62262.0
204 62262.0
205 62262.0
206 62545.0
207 62262.0
208 62262.0
209 62262.0
210 62262.0
211 61865.0
212 62136.0
213 62136.0
214 62136.0
215 62077.0
216 63576.0
217 63576.0
218 63576.0
219 63576.0
220 63576.0
221 63963.0
222 63191.0
223 64312.0
224 62972.0
225 63766.0
226 63766.0
227 63766.0
228 63766.0
229 64352.0
230 63766.0
231 63766.0
232 63766.0
233 64007.0
234 64582.0
235 63018.0
236 63114.0
237 64423.0
238 64821.0
239 65259.0
240 65282.0
241 65282.0
242 63846.0
243 64004.0
244 64004.0
245 64004.0
246 64004.0
247 65285.0
248 63846.0
249 63846.0
250 65100.0
251 65100.0
252 65100.0
253 64968.0
254 64283.0
255 65316.0
256 65316.0
257 66647.0
258 66647.0
259 65794.0
260 64682.0
261 64207.0
262 64877.0
263 64877.0
264 64877.0
265 64611.0
266 64611.0
267 65431.0
268 64356.0
269 64794.0
270 64794.0
271 66181.0
272 66181.0
273 65222.0
274 65222.0
275 65421.0
276 64836.0
277 64809.0
278 64809.0
279 66066.0
280 66066.0
281 67079.0
282 66066.0
283 65349.0
284 65349.0
285 65495.0
286 65639.0
287 65495.0
288 64991.0
289 65003.0
290 65003.0
291 64991.0
292 64991.0
293 64859.0
294 65942.0
295 65942.0
296 66395.0
297 66181.0
298 66181.0
299 65942.0
300 65942.0
301 65942.0
302 65418.0
303 66026.0
304 66026.0
305 65379.0
306 66265.0
307 67562.0
308 67085.0
309 66388.0
310 66388.0
311 65843.0
312 65843.0
313 65742.0
314 65658.0
315 65658.0
316 65658.0
317 65658.0
318 65544.0
319 66008.0
320 66008.0
321 66871.0
322 66644.0
323 66617.0
324 66617.0
325 69999.0
326 67996.0
327 66316.0
328 66674.0
329 66674.0
330 66674.0
331 66674.0
332 66674.0
333 66674.0
334 66240.0
335 66312.0
336 67151.0
337 67331.0
338 67151.0
339 67151.0
340 67151.0
341 67151.0
342 67095.0
343 67095.0
344 67095.0
345 67095.0
346 67460.0
347 67460.0
348 67460.0
349 67903.0
350 67903.0
351 67903.0
352 67903.0
353 67903.0
354 67903.0
355 67903.0
356 68376.0
357 67366.0
358 68576.0
359 68513.0
360 68513.0
361 68513.0
362 67803.0
363 67545.0
364 68035.0
365 68647.0
366 68293.0
367 67072.0
368 67072.0
369 67072.0
370 67861.0
371 68204.0
372 68204.0
373 67897.0
374 67921.0
375 69311.0
376 69311.0
377 69700.0
378 69700.0
379 69700.0
380 69700.0
381 69700.0
382 69700.0
383 69700.0
384 69700.0
385 67591.0
386 67979.0
387 68050.0
388 68806.0
389 68806.0
390 68806.0
391 68010.0
392 68010.0
393 68010.0
394 69458.0
395 67841.0
396 68243.0
397 68243.0
398 68243.0
399 67861.0
400 67841.0
401 67841.0
402 68592.0
403 68592.0
404 68592.0
405 68378.0
406 68227.0
407 68696.0
408 69878.0
409 69878.0
410 69878.0
411 69878.0
412 69878.0
413 69878.0
414 69792.0
415 71464.0
416 71464.0
417 72093.0
418 72093.0
419 72093.0
420 70551.0
421 70551.0
422 70551.0
423 70551.0
424 70551.0
425 69561.0
426 69561.0
427 69561.0
428 69561.0
429 68586.0
430 68666.0
431 69958.0
432 70341.0
433 68893.0
434 68775.0
435 68776.0
436 68776.0
437 69261.0
438 69261.0
439 69365.0
440 69365.0
441 69365.0
442 68726.0
443 70704.0
444 70704.0
445 70704.0
446 70704.0
447 69898.0
448 70877.0
449 70877.0
450 68734.0
451 68895.0
452 70421.0
453 70421.0
454 70421.0
455 70421.0
456 70421.0
457 70221.0
458 70221.0
459 70221.0
460 69566.0
461 69574.0
462 69566.0
463 71114.0
464 71114.0
465 71114.0
466 70173.0
467 70173.0
468 70173.0
469 70173.0
470 70173.0
471 68977.0
472 68977.0
473 68977.0
474 68977.0
475 69222.0
476 69362.0
477 69370.0
478 69222.0
479 69952.0
480 69416.0
481 69222.0
482 70255.0
483 70255.0
484 70255.0
485 69719.0
486 69719.0
487 69719.0
488 69137.0
489 69110.0
490 70000.0
491 70000.0
492 70495.0
493 70501.0
494 70495.0
495 70000.0
496 70000.0
497 70000.0
498 70000.0
499 70000.0
500 70128.0
501 70128.0
502 70128.0
503 70128.0
504 70395.0
505 70395.0
506 70395.0
507 69413.0
508 69900.0
509 69900.0
510 70148.0
511 70148.0
512 70148.0
513 69387.0
514 69005.0
515 69005.0
516 69258.0
517 69615.0
518 70680.0
519 70680.0
520 70680.0
521 69615.0
522 69615.0
523 69404.0
524 71364.0
525 69087.0
526 69484.0
527 69441.0
528 69018.0
529 69741.0
530 69738.0
531 68628.0
532 68523.0
533 68966.0
534 68987.0
535 69703.0
536 69703.0
537 68232.0
538 69865.0
539 68627.0
540 70041.0
541 68904.0
542 70447.0
543 69756.0
544 70298.0
545 70298.0
546 70298.0
547 69364.0
548 70850.0
549 69697.0
550 69697.0
551 70655.0
552 70655.0
553 70655.0
554 70655.0
555 69624.0
556 70409.0
557 70409.0
558 70409.0
559 70065.0
560 70065.0
561 70039.0
562 69809.0
563 70473.0
564 70473.0
565 70473.0
566 70473.0
567 70473.0
568 69740.0
569 69740.0
570 70439.0
571 70439.0
572 70439.0
573 69379.0
574 71544.0
575 71544.0
576 69760.0
577 69760.0
578 70101.0
579 70101.0
580 70101.0
581 70101.0
582 70101.0
583 70101.0
584 69351.0
585 69351.0
586 70420.0
587 71196.0
588 71196.0
589 71196.0
590 71196.0
591 71196.0
592 71196.0
593 69719.0
594 69719.0
595 69719.0
596 69901.0
597 69901.0
598 70170.0
599 70170.0
600 70329.0
601 70329.0
602 70769.0
603 70769.0
604 70769.0
605 71586.0
606 71037.0
607 70872.0
608 71187.0
609 71187.0
610 71187.0
611 71187.0
612 71187.0
613 71187.0
614 70408.0
615 70761.0
616 69687.0
617 70661.0
618 70661.0
619 70661.0
620 71015.0
621 71015.0
622 71015.0
623 71015.0
624 71523.0
625 71015.0
626 71015.0
627 71015.0
628 71270.0
629 71270.0
630 71270.0
631 71270.0
632 71149.0
633 71149.0
634 71149.0
635 70839.0
636 70839.0
637 70839.0
638 70839.0
639 70839.0
640 70839.0
641 70839.0
642 70839.0
643 70348.0
644 72995.0
645 72995.0
646 70732.0
647 70732.0
648 71226.0
649 71226.0
650 70732.0
651 70294.0
652 70606.0
653 70039.0
654 71218.0
655 71218.0
656 71901.0
657 72214.0
658 72214.0
659 72214.0
660 72214.0
661 72214.0
662 71763.0
663 71763.0
664 70982.0
665 70613.0
666 71389.0
667 71389.0
668 71389.0
669 71389.0
670 71389.0
671 70889.0
672 71139.0
673 71006.0
674 71006.0
675 71006.0
676 72319.0
677 72319.0
678 73369.0
679 73369.0
680 73369.0
681 73369.0
682 73369.0
683 73369.0
684 71210.0
685 71729.0
686 71875.0
687 71729.0
688 72113.0
689 71281.0
690 71244.0
691 70854.0
692 71376.0
693 72928.0
694 72928.0
695 71411.0
696 71411.0
697 72546.0
698 71393.0
699 71432.0
700 71432.0
701 71432.0
702 71806.0
703 71806.0
704 70725.0
705 71819.0
706 70865.0
707 70865.0
708 70865.0
709 72292.0
710 72292.0
711 72292.0
712 72292.0
713 72292.0
714 71418.0
715 70834.0
716 70834.0
717 71451.0
718 71411.0
719 70872.0
720 71080.0
721 70872.0
722 70597.0
723 71718.0
724 72956.0
725 72956.0
726 72956.0
727 72956.0
728 71987.0
729 71987.0
730 71987.0
731 71987.0
732 71987.0
733 71987.0
734 71987.0
735 72016.0
736 72637.0
737 71987.0
738 71987.0
739 71987.0
740 71987.0
741 71987.0
742 71987.0
743 71987.0
744 71942.0
745 72927.0
746 71097.0
747 71385.0
748 72400.0
749 72400.0
750 72400.0
751 72400.0
752 72400.0
753 72400.0
754 73131.0
755 72400.0
756 72400.0
757 72234.0
758 71348.0
759 71348.0
760 71023.0
761 70950.0
762 70950.0
763 71703.0
764 72453.0
765 72364.0
766 72364.0
767 72364.0
768 72364.0
769 72364.0
770 72364.0
771 72364.0
772 74225.0
773 74225.0
774 72318.0
775 72318.0
776 71453.0
777 71453.0
778 71453.0
779 72510.0
780 72510.0
781 72510.0
782 72510.0
783 72510.0
784 71219.0
785 71156.0
786 71185.0
787 71227.0
788 71608.0
789 72610.0
790 72610.0
791 71476.0
792 71385.0
793 72320.0
794 72320.0
795 72500.0
796 74144.0
797 72624.0
798 72358.0
799 72061.0
800 72061.0
801 72327.0
802 72079.0
803 72079.0
804 72079.0
805 71629.0
806 71973.0
807 71973.0
808 71264.0
809 72531.0
810 72531.0
811 71871.0
812 72534.0
813 71534.0
814 72757.0
815 72757.0
816 72846.0
817 72846.0
818 72846.0
819 72846.0
820 71461.0
821 73419.0
822 71554.0
823 71731.0
824 71731.0
825 71731.0
826 71731.0
827 71731.0
828 71731.0
829 71731.0
830 72432.0
831 71731.0
832 73513.0
833 72587.0
834 73394.0
835 74187.0
836 74187.0
837 72871.0
838 71770.0
839 72922.0
840 72922.0
841 72922.0
842 72922.0
843 73238.0
844 73238.0
845 73552.0
846 73552.0
847 73552.0
848 73552.0
849 73552.0
850 73552.0
851 73552.0
852 73552.0
853 73086.0
854 73086.0
855 71538.0
856 71863.0
857 71847.0
858 72317.0
859 72317.0
860 73556.0
861 72317.0
862 72535.0
863 72535.0
864 72535.0
865 72535.0
866 72585.0
867 72535.0
868 72324.0
869 72672.0
870 72672.0
871 72672.0
872 72672.0
873 72804.0
874 72672.0
875 72672.0
876 71669.0
877 71669.0
878 71973.0
879 71093.0
880 71093.0
881 71472.0
882 71471.0
883 71471.0
884 71471.0
885 71337.0
886 71244.0
887 71398.0
888 71398.0
889 72371.0
890 72916.0
891 72916.0
892 72916.0
893 72916.0
894 71759.0
895 71558.0
896 71750.0
897 72221.0
898 72962.0
899 72221.0
900 72221.0
901 71836.0
902 71836.0
903 71836.0
904 71836.0
905 73412.0
906 73412.0
907 73412.0
908 72737.0
909 72737.0
910 72150.0
911 71912.0
912 72442.0
913 72442.0
914 73009.0
915 71923.0
916 72868.0
917 72868.0
918 70956.0
919 71703.0
920 72348.0
921 72348.0
922 72348.0
923 72348.0
924 71941.0
925 71941.0
926 72762.0
927 72762.0
928 71928.0
929 71928.0
930 72016.0
931 72118.0
932 72118.0
933 74115.0
934 74115.0
935 74115.0
936 74115.0
937 72729.0
938 72729.0
939 72729.0
940 72729.0
941 72729.0
942 72729.0
943 72729.0
944 72308.0
945 71582.0
946 72362.0
947 72188.0
948 73833.0
949 73833.0
950 73161.0
951 73161.0
952 73161.0
953 73357.0
954 73357.0
955 73357.0
956 73357.0
957 73214.0
958 73214.0
959 73214.0
960 73434.0
961 73434.0
962 73434.0
963 72756.0
964 73767.0
965 73767.0
966 73767.0
967 72937.0
968 72942.0
969 72942.0
970 72942.0
971 72942.0
972 72937.0
973 72937.0
974 73279.0
975 73279.0
976 73279.0
977 73279.0
978 72259.0
979 72259.0
980 73990.0
981 73990.0
982 73990.0
983 73990.0
984 71923.0
985 73158.0
986 71957.0
987 72158.0
988 72506.0
989 72506.0
990 72432.0
991 72550.0
992 72432.0
993 72786.0
994 73158.0
995 74168.0
996 74168.0
997 72786.0
998 72786.0
999 72609.0
1000 73348.0
