0 14028.0
1 14028.0
2 16145.0
3 16288.0
4 17430.0
5 17830.0
6 19967.0
7 21286.0
8 21739.0
9 23543.0
10 23543.0
11 25789.0
12 26387.0
13 27797.0
14 29111.0
15 29123.0
16 30871.0
17 32712.0
18 33430.0
19 34713.0
20 35856.0
21 39118.0
22 39118.0
23 39002.0
24 39187.0
25 42669.0
26 42002.0
27 42450.0
28 42745.0
29 46387.0
30 46621.0
31 47218.0
32 48367.0
33 51525.0
34 51673.0
35 51891.0
36 51891.0
37 54004.0
38 55240.0
39 57029.0
40 56285.0
41 58312.0
42 60087.0
43 60087.0
44 60087.0
45 61412.0
46 61412.0
47 60992.0
48 60835.0
49 63229.0
50 69497.0
51 69497.0
52 65990.0
53 68643.0
54 68643.0
55 68643.0
56 69841.0
57 69841.0
58 70927.0
59 70927.0
60 71321.0
61 71321.0
62 73724.0
63 73907.0
64 74279.0
65 74169.0
66 78024.0
67 75570.0
68 75570.0
69 76514.0
70 76514.0
71 76514.0
72 77595.0
73 78527.0
74 78993.0
75 78993.0
76 83968.0
77 83968.0
78 83968.0
79 83968.0
80 82554.0
81 82554.0
82 85083.0
83 85707.0
84 85707.0
85 85707.0
86 85707.0
87 86243.0
88 86031.0
89 86031.0
90 86031.0
91 87122.0
92 89015.0
93 89015.0
94 90163.0
95 90163.0
96 91394.0
97 90246.0
98 91126.0
99 91126.0
100 91126.0
101 91126.0
102 91126.0
103 90747.0
104 90723.0
105 91327.0
106 91905.0
107 93101.0
108 93437.0
109 94169.0
110 95790.0
111 95790.0
112 94169.0
113 94228.0
114 97097.0
115 94146.0
116 94537.0
117 94290.0
118 95127.0
119 95127.0
120 97048.0
121 98190.0
122 97048.0
123 97716.0
124 97716.0
125 99664.0
126 99664.0
127 98386.0
128 98386.0
129 101882.0
130 101882.0
131 101882.0
132 101882.0
133 101882.0
134 101882.0
135 100812.0
136 101014.0
137 101014.0
138 100696.0
139 100696.0
140 102731.0
141 102773.0
142 101652.0
143 101652.0
144 101652.0
145 103330.0
146 103330.0
147 103330.0
148 103330.0
149 104203.0
150 103330.0
151 103579.0
152 102905.0
153 102905.0
154 103159.0
155 104512.0
156 104512.0
157 104512.0
158 104810.0
159 104810.0
160 103233.0
161 103233.0
162 103233.0
163 104284.0
164 104991.0
165 104681.0
166 104681.0
167 105276.0
168 107741.0
169 107741.0
170 107806.0
171 107806.0
172 107741.0
173 107741.0
174 107741.0
175 107741.0
176 107797.0
177 107797.0
178 107797.0
179 107094.0
180 107094.0
181 107517.0
182 107517.0
183 107490.0
184 107814.0
185 107551.0
186 107551.0
187 107551.0
188 107961.0
189 108334.0
190 108413.0
191 109274.0
192 109274.0
193 108864.0
194 110140.0
195 110140.0
196 110140.0
197 109772.0
198 109772.0
199 109772.0
200 109772.0
201 109730.0
202 109730.0
203 109730.0
204 110551.0
205 109029.0
206 109708.0
207 111164.0
208 111164.0
209 111560.0
210 111560.0
211 111560.0
212 112374.0
213 112374.0
214 112374.0
215 111560.0
216 111560.0
217 111560.0
218 111560.0
219 113418.0
220 113418.0
221 113418.0
222 112680.0
223 112680.0
224 112680.0
225 111451.0
226 111451.0
227 113754.0
228 113754.0
229 113754.0
230 112816.0
231 112816.0
232 112816.0
233 112231.0
234 113664.0
235 113664.0
236 113664.0
237 113664.0
238 112250.0
239 112691.0
240 111808.0
241 111413.0
242 112541.0
243 112902.0
244 112902.0
245 112902.0
246 114264.0
247 113148.0
248 113148.0
249 112015.0
250 114000.0
251 114000.0
252 114000.0
253 114000.0
254 114909.0
255 114909.0
256 114909.0
257 114881.0
258 114881.0
259 114881.0
260 112558.0
261 112558.0
262 112701.0
263 112701.0
264 112470.0
265 112311.0
266 113230.0
267 113230.0
268 117083.0
269 117083.0
270 113555.0
271 113531.0
272 113531.0
273 114366.0
274 114366.0
275 114366.0
276 114366.0
277 114366.0
278 114366.0
279 114366.0
280 114366.0
281 115720.0
282 115720.0
283 115499.0
284 116172.0
285 115675.0
286 115675.0
287 115675.0
288 115499.0
289 115499.0
290 115499.0
291 115499.0
292 115499.0
293 115499.0
294 115499.0
295 118061.0
296 115499.0
297 115499.0
298 115499.0
299 115499.0
300 115499.0
301 115541.0
302 114705.0
303 114705.0
304 114705.0
305 117798.0
306 117798.0
307 117798.0
308 117798.0
309 118127.0
310 117794.0
311 118876.0
312 118876.0
313 115560.0
314 115587.0
315 115587.0
316 116005.0
317 115291.0
318 117993.0
319 116196.0
320 116196.0
321 116196.0
322 116019.0
323 116019.0
324 116973.0
325 116306.0
326 115190.0
327 116739.0
328 116739.0
329 116739.0
330 116739.0
331 118477.0
332 118477.0
333 118477.0
334 117603.0
335 117215.0
336 117215.0
337 116272.0
338 117007.0
339 117007.0
340 117761.0
341 118675.0
342 117761.0
343 118977.0
344 118977.0
345 120127.0
346 120127.0
347 120127.0
348 120127.0
349 120127.0
350 120127.0
351 120127.0
352 120127.0
353 120127.0
354 120127.0
355 118880.0
356 118880.0
357 118880.0
358 118242.0
359 118242.0
360 124929.0
361 118894.0
362 118894.0
363 118351.0
364 119705.0
365 119705.0
366 119705.0
367 118704.0
368 118704.0
369 118704.0
370 119295.0
371 118184.0
372 118184.0
373 117900.0
374 119362.0
375 119362.0
376 119362.0
377 119362.0
378 119362.0
379 119362.0
380 119694.0
381 120086.0
382 120086.0
383 120408.0
384 120408.0
385 120408.0
386 118187.0
387 120125.0
388 119623.0
389 123586.0
390 123586.0
391 123221.0
392 123221.0
393 119652.0
394 118246.0
395 118246.0
396 118328.0
397 121241.0
398 122065.0
399 122065.0
400 118528.0
401 117731.0
402 120702.0
403 120702.0
404 119822.0
405 119822.0
406 119756.0
407 121820.0
408 121820.0
409 119098.0
410 118056.0
411 117584.0
412 122155.0
413 122155.0
414 122155.0
415 122155.0
416 118601.0
417 123711.0
418 123711.0
419 120818.0
420 120818.0
421 120818.0
422 120818.0
423 120818.0
424 120818.0
425 120890.0
426 120890.0
427 122880.0
428 120890.0
429 121212.0
430 120890.0
431 121655.0
432 121655.0
433 120536.0
434 119921.0
435 118929.0
436 118929.0
437 118929.0
438 118929.0
439 118929.0
440 118929.0
441 121626.0
442 121626.0
443 121626.0
444 122022.0
445 122022.0
446 122022.0
447 122022.0
448 122022.0
449 120396.0
450 120396.0
451 120309.0
452 121392.0
453 121819.0
454 121819.0
455 121392.0
456 120609.0
457 121369.0
458 121626.0
459 119626.0
460 121604.0
461 120645.0
462 122576.0
463 122900.0
464 122900.0
465 122900.0
466 121235.0
467 121235.0
468 121741.0
469 121965.0
470 121741.0
471 123042.0
472 121535.0
473 119622.0
474 121464.0
475 122460.0
476 122460.0
477 122460.0
478 122460.0
479 122460.0
480 122137.0
481 122137.0
482 121352.0
483 123074.0
484 123074.0
485 123784.0
486 123074.0
487 123074.0
488 123074.0
489 124352.0
490 124352.0
491 123622.0
492 123622.0
493 123622.0
494 123622.0
495 123622.0
496 123622.0
497 123622.0
498 124640.0
499 124640.0
500 124640.0
501 124640.0
502 124153.0
503 124153.0
504 124153.0
505 124153.0
506 123018.0
507 122310.0
508 124155.0
509 124210.0
510 123935.0
511 123935.0
512 123935.0
513 123935.0
514 123509.0
515 123509.0
516 123451.0
517 123145.0
518 123817.0
519 123817.0
520 123145.0
521 123145.0
522 124983.0
523 124983.0
524 124983.0
525 124201.0
526 124201.0
527 124201.0
528 124201.0
529 122132.0
530 122132.0
531 122132.0
532 121273.0
533 122976.0
534 122976.0
535 123921.0
536 124735.0
537 123273.0
538 123273.0
539 123273.0
540 123638.0
541 122390.0
542 122390.0
543 122390.0
544 122390.0
545 122390.0
546 122390.0
547 122390.0
548 122390.0
549 124400.0
550 124400.0
551 124400.0
552 124400.0
553 124400.0
554 124400.0
555 124400.0
556 122570.0
557 122321.0
558 122321.0
559 123917.0
560 123917.0
561 123917.0
562 123917.0
563 122573.0
564 122321.0
565 123103.0
566 122363.0
567 123837.0
568 124122.0
569 124122.0
570 124122.0
571 124346.0
572 124346.0
573 124346.0
574 124346.0
575 124346.0
576 124346.0
577 124346.0
578 124346.0
579 124346.0
580 123946.0
581 123998.0
582 122817.0
583 123079.0
584 123079.0
585 123079.0
586 124531.0
587 124531.0
588 124531.0
589 122953.0
590 123778.0
591 124760.0
592 124760.0
593 125587.0
594 123509.0
595 123509.0
596 123626.0
597 125266.0
598 125266.0
599 125706.0
600 125734.0
601 124166.0
602 123337.0
603 123849.0
604 123849.0
605 123849.0
606 123657.0
607 124303.0
608 125518.0
609 124050.0
610 124050.0
611 125633.0
612 125633.0
613 125705.0
614 125705.0
615 125633.0
616 125633.0
617 125633.0
618 125633.0
619 125633.0
620 125633.0
621 128073.0
622 128086.0
623 125633.0
624 123566.0
625 123566.0
626 123566.0
627 124223.0
628 124223.0
629 124223.0
630 124223.0
631 125486.0
632 125486.0
633 125486.0
634 125486.0
635 125486.0
636 125486.0
637 125486.0
638 124223.0
639 124223.0
640 125026.0
641 124223.0
642 125625.0
643 125625.0
644 125625.0
645 125625.0
646 125625.0
647 125625.0
648 125268.0
649 125961.0
650 124867.0
651 124867.0
652 124867.0
653 124867.0
654 124867.0
655 126704.0
656 124867.0
657 124867.0
658 124867.0
659 124867.0
660 123524.0
661 123324.0
662 123324.0
663 123410.0
664 124157.0
665 124157.0
666 124157.0
667 125363.0
668 125363.0
669 125363.0
670 125363.0
671 125363.0
672 123313.0
673 123313.0
674 122966.0
675 124453.0
676 124453.0
677 124801.0
678 124801.0
679 124801.0
680 124801.0
681 124801.0
682 124014.0
683 123430.0
684 123430.0
685 123822.0
686 127514.0
687 127514.0
688 127514.0
689 127514.0
690 127514.0
691 127514.0
692 127514.0
693 127514.0
694 127514.0
695 125007.0
696 123521.0
697 124714.0
698 125617.0
699 126291.0
700 126291.0
701 126291.0
702 126291.0
703 126291.0
704 125807.0
705 125636.0
706 125692.0
707 123795.0
708 125691.0
709 125691.0
710 125691.0
711 125521.0
712 125521.0
713 124545.0
714 124545.0
715 124545.0
716 124545.0
717 127698.0
718 127698.0
719 127698.0
720 124782.0
721 124782.0
722 124007.0
723 124007.0
724 126075.0
725 126075.0
726 126075.0
727 126075.0
728 126075.0
729 126075.0
730 124028.0
731 124028.0
732 126735.0
733 126735.0
734 126735.0
735 126735.0
736 126735.0
737 123296.0
738 123296.0
739 124495.0
740 125799.0
741 125484.0
742 124495.0
743 124495.0
744 124495.0
745 127698.0
746 127698.0
747 129008.0
748 129008.0
749 129008.0
750 125727.0
751 125727.0
752 125727.0
753 125727.0
754 125727.0
755 123415.0
756 123415.0
757 123505.0
758 125554.0
759 124946.0
760 127267.0
761 125052.0
762 122787.0
763 123571.0
764 123571.0
765 123076.0
766 123079.0
767 125219.0
768 125153.0
769 125085.0
770 125085.0
771 125085.0
772 124444.0
773 124985.0
774 125474.0
775 124985.0
776 124985.0
777 124985.0
778 124985.0
779 124985.0
780 124928.0
781 124928.0
782 125421.0
783 124424.0
784 124424.0
785 124429.0
786 124429.0
787 126614.0
788 126614.0
789 126614.0
790 125417.0
791 126706.0
792 123647.0
793 124472.0
794 124472.0
795 125167.0
796 123753.0
797 123363.0
798 122729.0
799 123369.0
800 123369.0
801 123369.0
802 122745.0
803 122745.0
804 123574.0
805 123574.0
806 125329.0
807 125329.0
808 125329.0
809 125549.0
810 125549.0
811 125549.0
812 123060.0
813 123060.0
814 123060.0
815 125322.0
816 125322.0
817 125322.0
818 125322.0
819 125322.0
820 125663.0
821 125663.0
822 125663.0
823 125322.0
824 125322.0
825 124571.0
826 124571.0
827 124571.0
828 123294.0
829 123294.0
830 123294.0
831 122682.0
832 123292.0
833 123292.0
834 122967.0
835 126154.0
836 126154.0
837 123574.0
838 123574.0
839 122974.0
840 123562.0
841 122974.0
842 123977.0
843 125427.0
844 122816.0
845 123964.0
846 123964.0
847 123859.0
848 124900.0
849 123799.0
850 123799.0
851 123992.0
852 123632.0
853 123632.0
854 122934.0
855 122934.0
856 122934.0
857 122967.0
858 124330.0
859 124956.0
860 124956.0
861 124956.0
862 124956.0
863 123599.0
864 123599.0
865 124393.0
866 124393.0
867 124393.0
868 124393.0
869 124393.0
870 124911.0
871 124393.0
872 124470.0
873 124470.0
874 124839.0
875 123399.0
876 125215.0
877 125215.0
878 126078.0
879 126078.0
880 124320.0
881 123175.0
882 124070.0
883 124089.0
884 124070.0
885 125417.0
886 125417.0
887 125417.0
888 125417.0
889 124542.0
890 124542.0
891 124542.0
892 124542.0
893 123149.0
894 123149.0
895 122790.0
896 122721.0
897 123243.0
898 123243.0
899 123243.0
900 125599.0
901 125599.0
902 127195.0
903 123468.0
904 123466.0
905 123714.0
906 123714.0
907 123466.0
908 127597.0
909 127597.0
910 127754.0
911 127754.0
912 127754.0
913 127754.0
914 127754.0
915 127754.0
916 127754.0
917 127754.0
918 127754.0
919 127754.0
920 125476.0
921 125476.0
922 125803.0
923 125476.0
924 125198.0
925 123716.0
926 123716.0
927 123716.0
928 124717.0
929 124717.0
930 125325.0
931 125325.0
932 125325.0
933 126115.0
934 127710.0
935 127710.0
936 128113.0
937 128113.0
938 128113.0
939 128113.0
940 128113.0
941 128113.0
942 128113.0
943 128113.0
944 125709.0
945 125709.0
946 125670.0
947 125670.0
948 126121.0
949 126121.0
950 126121.0
951 126121.0
952 126121.0
953 126121.0
954 125506.0
955 125506.0
956 125506.0
957 125506.0
958 125506.0
959 128224.0
960 128224.0
961 126354.0
962 125506.0
963 125979.0
964 125979.0
965 125979.0
966 125506.0
967 124442.0
968 124442.0
969 124012.0
970 124012.0
971 124853.0
972 123962.0
973 123962.0
974 127658.0
975 127658.0
976 124884.0
977 125657.0
978 125657.0
979 124944.0
980 124531.0
981 124531.0
982 124973.0
983 124973.0
984 125084.0
985 126250.0
986 126250.0
987 124973.0
988 124973.0
989 124973.0
990 124902.0
991 123646.0
992 124472.0
993 125754.0
994 126921.0
995 126921.0
996 125279.0
997 126162.0
998 125279.0
999 125151.0
1000 125009.0
1001 125009.0
1002 124240.0
1003 124711.0
1004 124711.0
1005 125904.0
1006 127028.0
1007 127028.0
1008 127028.0
1009 127028.0
1010 127028.0
1011 127028.0
1012 127028.0
1013 128869.0
1014 123971.0
1015 125382.0
1016 125382.0
1017 125457.0
1018 126987.0
1019 125457.0
1020 126131.0
1021 126131.0
1022 124802.0
1023 127856.0
1024 127856.0
1025 126054.0
1026 126054.0
1027 125749.0
1028 125749.0
1029 125731.0
1030 125484.0
1031 123599.0
1032 125195.0
1033 124040.0
1034 126985.0
1035 126985.0
1036 126985.0
1037 128467.0
1038 125605.0
1039 125605.0
1040 125605.0
1041 125605.0
1042 125597.0
1043 125597.0
1044 125018.0
1045 125018.0
1046 125018.0
1047 124803.0
1048 124803.0
1049 124803.0
1050 124913.0
1051 124913.0
1052 124913.0
1053 124913.0
1054 124869.0
1055 125156.0
1056 127297.0
1057 127297.0
1058 127297.0
1059 129883.0
1060 127222.0
1061 124506.0
1062 126910.0
1063 126910.0
1064 126910.0
1065 126910.0
1066 125541.0
1067 125541.0
1068 125541.0
1069 125541.0
1070 124415.0
1071 125349.0
1072 126468.0
1073 125380.0
1074 125380.0
1075 127746.0
1076 125603.0
1077 125380.0
1078 125389.0
1079 125640.0
1080 125640.0
1081 125640.0
1082 127184.0
1083 125685.0
1084 125760.0
1085 126045.0
1086 126120.0
1087 126120.0
1088 126120.0
1089 126120.0
1090 126170.0
1091 126170.0
1092 126120.0
1093 126120.0
1094 126120.0
1095 127261.0
1096 127607.0
1097 127261.0
1098 127261.0
1099 125985.0
1100 126586.0
1101 126645.0
1102 126645.0
1103 126645.0
1104 128157.0
1105 128157.0
1106 128157.0
1107 128157.0
1108 125143.0
1109 125143.0
1110 127332.0
1111 125695.0
1112 125695.0
1113 124056.0
1114 124497.0
1115 124613.0
1116 125210.0
1117 125987.0
1118 125987.0
1119 125734.0
1120 126679.0
1121 126679.0
1122 126679.0
1123 126679.0
1124 126682.0
1125 126682.0
1126 126679.0
1127 127486.0
1128 127486.0
1129 126057.0
1130 126057.0
1131 126057.0
1132 126057.0
1133 126057.0
1134 128285.0
1135 128285.0
1136 128285.0
1137 128285.0
1138 128285.0
1139 128285.0
1140 128285.0
1141 126112.0
1142 123940.0
1143 125985.0
1144 125985.0
1145 124495.0
1146 126646.0
1147 124680.0
1148 124632.0
1149 124632.0
1150 125293.0
1151 127951.0
1152 124318.0
1153 125392.0
1154 125392.0
1155 126792.0
1156 126792.0
1157 127268.0
1158 127268.0
1159 127268.0
1160 127268.0
1161 127268.0
1162 127268.0
1163 127268.0
1164 127268.0
1165 127268.0
1166 125906.0
1167 125634.0
1168 126971.0
1169 126971.0
1170 127289.0
1171 127289.0
1172 127289.0
1173 127289.0
1174 126770.0
1175 126416.0
1176 126416.0
1177 126372.0
1178 126372.0
1179 126372.0
1180 126372.0
1181 126325.0
1182 126325.0
1183 126325.0
1184 126325.0
1185 126325.0
1186 126593.0
1187 126593.0
1188 126593.0
1189 126593.0
1190 125331.0
1191 126319.0
1192 124306.0
1193 124306.0
1194 125600.0
1195 125600.0
1196 125100.0
1197 125100.0
1198 125100.0
1199 126788.0
1200 126788.0
1201 126930.0
1202 126788.0
1203 126788.0
1204 126788.0
1205 126788.0
1206 126788.0
1207 126788.0
1208 127559.0
1209 125716.0
1210 125716.0
1211 125716.0
1212 125716.0
1213 126718.0
1214 126718.0
1215 126718.0
1216 125670.0
1217 125073.0
1218 124830.0
1219 124830.0
1220 124352.0
1221 124352.0
1222 130508.0
1223 130508.0
1224 130508.0
1225 130508.0
1226 126131.0
1227 124679.0
1228 124727.0
1229 125740.0
1230 126659.0
1231 126659.0
1232 126659.0
1233 124727.0
1234 124682.0
1235 125087.0
1236 127051.0
1237 127051.0
1238 127051.0
1239 125250.0
1240 125220.0
1241 125220.0
1242 125014.0
1243 125014.0
1244 123733.0
1245 124011.0
1246 125735.0
1247 125735.0
1248 128336.0
1249 128336.0
1250 128336.0
1251 126371.0
1252 126743.0
1253 125417.0
1254 125417.0
1255 126803.0
1256 126803.0
1257 126803.0
1258 126803.0
1259 126803.0
1260 126803.0
1261 126803.0
1262 126803.0
1263 126803.0
1264 125165.0
1265 125580.0
1266 130151.0
1267 130151.0
1268 130151.0
1269 130151.0
1270 130151.0
1271 130151.0
1272 130151.0
1273 130151.0
1274 130151.0
1275 130151.0
1276 130151.0
1277 130151.0
1278 127315.0
1279 124915.0
1280 124811.0
1281 125053.0
1282 124712.0
1283 124712.0
1284 125132.0
1285 124932.0
1286 125100.0
1287 125100.0
1288 125100.0
1289 126487.0
1290 126487.0
1291 126487.0
1292 126487.0
1293 128898.0
1294 127257.0
1295 125402.0
1296 125174.0
1297 126256.0
1298 125473.0
1299 125328.0
1300 125526.0
1301 125671.0
1302 125671.0
1303 125328.0
1304 126060.0
1305 125328.0
1306 125643.0
1307 124889.0
1308 124510.0
1309 125271.0
1310 124510.0
1311 124510.0
1312 124789.0
1313 125519.0
1314 126367.0
1315 125909.0
1316 125909.0
1317 125909.0
1318 125509.0
1319 125509.0
1320 125509.0
1321 125509.0
1322 125509.0
1323 127848.0
1324 127848.0
1325 127848.0
1326 127848.0
1327 127848.0
1328 127848.0
1329 126260.0
1330 126260.0
1331 125122.0
1332 124518.0
1333 124518.0
1334 124717.0
1335 125736.0
1336 125736.0
1337 125736.0
1338 126912.0
1339 126912.0
1340 126912.0
1341 126427.0
1342 125560.0
1343 126393.0
1344 124854.0
1345 124923.0
1346 125635.0
1347 125635.0
1348 125635.0
1349 125970.0
1350 125635.0
1351 128592.0
1352 126977.0
1353 126990.0
1354 125488.0
1355 127105.0
1356 127930.0
1357 127105.0
1358 127105.0
1359 127105.0
1360 126341.0
1361 126341.0
1362 127360.0
1363 127360.0
1364 127360.0
1365 127360.0
1366 127360.0
1367 127360.0
1368 127360.0
1369 127764.0
1370 127561.0
1371 126562.0
1372 128377.0
1373 128377.0
1374 128377.0
1375 128377.0
1376 128377.0
1377 127146.0
1378 129342.0
1379 129342.0
1380 127146.0
1381 128224.0
1382 128224.0
1383 128224.0
1384 127146.0
1385 125542.0
1386 126019.0
1387 126019.0
1388 127065.0
1389 127116.0
1390 127116.0
1391 127116.0
1392 126440.0
1393 126440.0
1394 124611.0
1395 123860.0
1396 125680.0
1397 125680.0
1398 125680.0
1399 128150.0
1400 128150.0
1401 130707.0
1402 125680.0
1403 125680.0
1404 125614.0
1405 125614.0
1406 125614.0
1407 124781.0
1408 124639.0
1409 124639.0
1410 124541.0
1411 124541.0
1412 124845.0
1413 124845.0
1414 127173.0
1415 127173.0
1416 127173.0
1417 127173.0
1418 127173.0
1419 127173.0
1420 127369.0
1421 127369.0
1422 127369.0
1423 127369.0
1424 127369.0
1425 127417.0
1426 127417.0
1427 127417.0
1428 127417.0
1429 127417.0
1430 127417.0
1431 127417.0
1432 124949.0
1433 126385.0
1434 127445.0
1435 127445.0
1436 127445.0
1437 126497.0
1438 126497.0
1439 126497.0
1440 127815.0
1441 126497.0
1442 126497.0
1443 126497.0
1444 127569.0
1445 127569.0
1446 127569.0
1447 127569.0
1448 127569.0
1449 127569.0
1450 127569.0
1451 127569.0
1452 126520.0
1453 127097.0
1454 127586.0
1455 128311.0
1456 127097.0
1457 128125.0
1458 128125.0
1459 126033.0
1460 126033.0
1461 126033.0
1462 126214.0
1463 127043.0
1464 127611.0
1465 127611.0
1466 127611.0
1467 127595.0
1468 127595.0
1469 127595.0
1470 127595.0
1471 127595.0
1472 127544.0
1473 127570.0
1474 127199.0
1475 127017.0
1476 125867.0
1477 125323.0
1478 126305.0
1479 129393.0
1480 129393.0
1481 129393.0
1482 129393.0
1483 129393.0
1484 129393.0
1485 129393.0
1486 129393.0
1487 129393.0
1488 127104.0
1489 127104.0
1490 126836.0
1491 126836.0
1492 126789.0
1493 126789.0
1494 126789.0
1495 125682.0
1496 125432.0
1497 128965.0
1498 128965.0
1499 128965.0
1500 128965.0
1501 128965.0
1502 128577.0
1503 128577.0
1504 128577.0
1505 128577.0
1506 129654.0
1507 129654.0
1508 129654.0
1509 127585.0
1510 127585.0
1511 128000.0
1512 126898.0
1513 127277.0
1514 127277.0
1515 126898.0
1516 124501.0
1517 124462.0
1518 124813.0
1519 127126.0
1520 127126.0
1521 127126.0
1522 128592.0
1523 128592.0
1524 128592.0
1525 129237.0
1526 129237.0
1527 129237.0
1528 129237.0
1529 129237.0
1530 129237.0
1531 129237.0
1532 129237.0
1533 125910.0
1534 125132.0
1535 127475.0
1536 127475.0
1537 127207.0
1538 127207.0
1539 126330.0
1540 126301.0
1541 126301.0
1542 126301.0
1543 126301.0
1544 127037.0
1545 127037.0
1546 127037.0
1547 127037.0
1548 128259.0
1549 128259.0
1550 128259.0
1551 128038.0
1552 127610.0
1553 127610.0
1554 127610.0
1555 127610.0
1556 127610.0
1557 127610.0
1558 127610.0
1559 127610.0
1560 127812.0
1561 127610.0
1562 127610.0
1563 128071.0
1564 128071.0
1565 129524.0
1566 128071.0
1567 128071.0
1568 127735.0
1569 127735.0
1570 127735.0
1571 127735.0
1572 127735.0
1573 127735.0
1574 127735.0
1575 127735.0
1576 127735.0
1577 127735.0
1578 127735.0
1579 125106.0
1580 126344.0
1581 126344.0
1582 126344.0
1583 126344.0
1584 127444.0
1585 127444.0
1586 126566.0
1587 126566.0
1588 127512.0
1589 127512.0
1590 127366.0
1591 126997.0
1592 126997.0
1593 126997.0
1594 126997.0
1595 126997.0
1596 125815.0
1597 126014.0
1598 125501.0
1599 126403.0
1600 127194.0
1601 128116.0
1602 128116.0
1603 125642.0
1604 125703.0
1605 125703.0
1606 125572.0
1607 125858.0
1608 125642.0
1609 125642.0
1610 126380.0
1611 125572.0
1612 125572.0
1613 126585.0
1614 125572.0
1615 125572.0
1616 126865.0
1617 126865.0
1618 126865.0
1619 126865.0
1620 126865.0
1621 127750.0
1622 126463.0
1623 126716.0
1624 126716.0
1625 126923.0
1626 126923.0
1627 126923.0
1628 127457.0
1629 127085.0
1630 125842.0
1631 125842.0
1632 125842.0
1633 126861.0
1634 126861.0
1635 126689.0
1636 129460.0
1637 127508.0
1638 127508.0
1639 125998.0
1640 126191.0
1641 126191.0
1642 126191.0
1643 127001.0
1644 126901.0
1645 129050.0
1646 129050.0
1647 129050.0
1648 129050.0
1649 127940.0
1650 127940.0
1651 126064.0
1652 131780.0
1653 131780.0
1654 131780.0
1655 128276.0
1656 126952.0
1657 127104.0
1658 126952.0
1659 126952.0
1660 126952.0
1661 129042.0
1662 129042.0
1663 129042.0
1664 127217.0
1665 127217.0
1666 127217.0
1667 124592.0
1668 126061.0
1669 126061.0
1670 129582.0
1671 129582.0
1672 129941.0
1673 129941.0
1674 129941.0
1675 126057.0
1676 126511.0
1677 126511.0
1678 126511.0
1679 127732.0
1680 128867.0
1681 128867.0
1682 127732.0
1683 125871.0
1684 126050.0
1685 126050.0
1686 126974.0
1687 126050.0
1688 127585.0
1689 127585.0
1690 126050.0
1691 128979.0
1692 126328.0
1693 126328.0
1694 126328.0
1695 128784.0
1696 128784.0
1697 128784.0
1698 128784.0
1699 128784.0
1700 128784.0
1701 128784.0
1702 128784.0
1703 126604.0
1704 126604.0
1705 126253.0
1706 125514.0
1707 129593.0
1708 129593.0
1709 129593.0
1710 129593.0
1711 129593.0
1712 129593.0
1713 129593.0
1714 129593.0
1715 129593.0
1716 129593.0
1717 129593.0
1718 127911.0
1719 127911.0
1720 125943.0
1721 127694.0
1722 127412.0
1723 127412.0
1724 127412.0
1725 127412.0
1726 128602.0
1727 128602.0
1728 128329.0
1729 128329.0
1730 128329.0
1731 128329.0
1732 128329.0
1733 127431.0
1734 128367.0
1735 128367.0
1736 127431.0
1737 126913.0
1738 126913.0
1739 129592.0
1740 129592.0
1741 129592.0
1742 127322.0
1743 127206.0
1744 127206.0
1745 126125.0
1746 126125.0
1747 128027.0
1748 128027.0
1749 128758.0
1750 127133.0
1751 127133.0
1752 127133.0
1753 128847.0
1754 128847.0
1755 128847.0
1756 128847.0
1757 128847.0
1758 127109.0
1759 127655.0
1760 128468.0
1761 128468.0
1762 128468.0
1763 127382.0
1764 127382.0
1765 127382.0
1766 127382.0
1767 127382.0
1768 125143.0
1769 125676.0
1770 125676.0
1771 127911.0
1772 128035.0
1773 130607.0
1774 130607.0
1775 130607.0
1776 130607.0
1777 130607.0
1778 130607.0
1779 128941.0
1780 128941.0
1781 127456.0
1782 130514.0
1783 128877.0
1784 128877.0
1785 128877.0
1786 125901.0
1787 125901.0
1788 125901.0
1789 125901.0
1790 125901.0
1791 125901.0
1792 127660.0
1793 127660.0
1794 127781.0
1795 127781.0
1796 127781.0
1797 127781.0
1798 126962.0
1799 126355.0
1800 126151.0
1801 129135.0
1802 129135.0
1803 125953.0
1804 128323.0
1805 125953.0
1806 125953.0
1807 125953.0
1808 125953.0
1809 125761.0
1810 126905.0
1811 126905.0
1812 129193.0
1813 129193.0
1814 126905.0
1815 127530.0
1816 127530.0
1817 127530.0
1818 127530.0
1819 129003.0
1820 129003.0
1821 129003.0
1822 127836.0
1823 127836.0
1824 127836.0
1825 125939.0
1826 125939.0
1827 125939.0
1828 126615.0
1829 126615.0
1830 126818.0
1831 127860.0
1832 131679.0
1833 126539.0
1834 126539.0
1835 126539.0
1836 126539.0
1837 127157.0
1838 127157.0
1839 127157.0
1840 126820.0
1841 126820.0
1842 126820.0
1843 125870.0
1844 125870.0
1845 125870.0
1846 125870.0
1847 125634.0
1848 125634.0
1849 125634.0
1850 124456.0
1851 125490.0
1852 125490.0
1853 125428.0
1854 125428.0
1855 125428.0
1856 125428.0
1857 130997.0
1858 125301.0
1859 125501.0
1860 125501.0
1861 127731.0
1862 127731.0
1863 127731.0
1864 127731.0
1865 127731.0
1866 127731.0
1867 127731.0
1868 125137.0
1869 125768.0
1870 125768.0
1871 125800.0
1872 125800.0
1873 125502.0
1874 125502.0
1875 124308.0
1876 124308.0
1877 123639.0
1878 124238.0
1879 124479.0
1880 124479.0
1881 124213.0
1882 124213.0
1883 124213.0
1884 124238.0
1885 124213.0
1886 124213.0
1887 124630.0
1888 124725.0
1889 124725.0
1890 126783.0
1891 126783.0
1892 131179.0
1893 125903.0
1894 125378.0
1895 128077.0
1896 125470.0
1897 125470.0
1898 126829.0
1899 127413.0
1900 125716.0
1901 125716.0
1902 125470.0
1903 125698.0
1904 125698.0
1905 126608.0
1906 126608.0
1907 125346.0
1908 124644.0
1909 125319.0
1910 125319.0
1911 127321.0
1912 125319.0
1913 125319.0
1914 124585.0
1915 125866.0
1916 125866.0
1917 126274.0
1918 125171.0
1919 125909.0
1920 125909.0
1921 125701.0
1922 125701.0
1923 125701.0
1924 125701.0
1925 126042.0
1926 126489.0
1927 126042.0
1928 125005.0
1929 125647.0
1930 129291.0
1931 126458.0
1932 126458.0
1933 124527.0
1934 124852.0
1935 128525.0
1936 124852.0
1937 128506.0
1938 128506.0
1939 128215.0
1940 128215.0
1941 125001.0
1942 125001.0
1943 125402.0
1944 125762.0
1945 127048.0
1946 127048.0
1947 125667.0
1948 125667.0
1949 125667.0
1950 124891.0
1951 124891.0
1952 124891.0
1953 125225.0
1954 125928.0
1955 124891.0
1956 124891.0
1957 126271.0
1958 126271.0
1959 124767.0
1960 123638.0
1961 124093.0
1962 123832.0
1963 123832.0
1964 124818.0
1965 124818.0
1966 125999.0
1967 125457.0
1968 126452.0
1969 125605.0
1970 125605.0
1971 125605.0
1972 125605.0
1973 125087.0
1974 125087.0
1975 125829.0
1976 125829.0
1977 126205.0
1978 126205.0
1979 126205.0
1980 126036.0
1981 126036.0
1982 126036.0
1983 126036.0
1984 126036.0
1985 125800.0
1986 127685.0
1987 127686.0
1988 127686.0
1989 125800.0
1990 125800.0
1991 127227.0
1992 127227.0
1993 127227.0
1994 125818.0
1995 126326.0
1996 125818.0
1997 125818.0
1998 125818.0
1999 125818.0
2000 126460.0
