0 3791.0
1 4163.0
2 4475.0
3 5089.0
4 5863.0
5 5957.0
6 6259.0
7 6259.0
8 6642.0
9 6761.0
10 6807.0
11 7166.0
12 7440.0
13 7854.0
14 7854.0
15 7721.0
16 7898.0
17 8455.0
18 8455.0
19 8063.0
20 8063.0
21 8462.0
22 8451.0
23 8795.0
24 8795.0
25 8795.0
26 8795.0
27 8763.0
28 8864.0
29 8864.0
30 8892.0
31 9150.0
32 9056.0
33 9458.0
34 9509.0
35 9509.0
36 9571.0
37 9702.0
38 9702.0
39 9702.0
40 9858.0
41 9863.0
42 9863.0
43 9851.0
44 9768.0
45 9768.0
46 9823.0
47 9946.0
48 10038.0
49 10020.0
50 10237.0
51 10357.0
52 10357.0
53 10357.0
54 10357.0
55 10402.0
56 10402.0
57 10410.0
58 10402.0
59 10402.0
60 10506.0
61 10402.0
62 10402.0
63 10402.0
64 10402.0
65 10489.0
66 10489.0
67 10489.0
68 10489.0
69 10489.0
70 10489.0
71 10489.0
72 10489.0
73 10489.0
74 10489.0
75 10576.0
76 10609.0
77 10609.0
78 10609.0
79 10609.0
80 10609.0
81 10609.0
82 10609.0
83 10609.0
84 10609.0
85 10609.0
86 10609.0
87 10609.0
88 10609.0
89 10609.0
90 10609.0
91 10609.0
92 10609.0
93 10609.0
94 10609.0
95 10609.0
96 10609.0
97 10609.0
98 10609.0
99 10630.0
100 10630.0
101 10630.0
102 10630.0
103 10630.0
104 10630.0
105 10630.0
106 10630.0
107 10630.0
108 10630.0
109 10630.0
110 10655.0
111 10689.0
112 10689.0
113 10689.0
114 10689.0
115 10664.0
116 10664.0
117 10664.0
118 10664.0
119 10689.0
120 10689.0
121 10689.0
122 10689.0
123 10689.0
124 10689.0
125 10689.0
126 10689.0
127 10689.0
128 10689.0
129 10689.0
130 10689.0
131 10689.0
132 10689.0
133 10689.0
134 10689.0
135 10689.0
136 10689.0
137 10689.0
138 10689.0
139 10689.0
140 10689.0
141 10689.0
142 10689.0
143 10689.0
144 10689.0
145 10689.0
146 10689.0
147 10689.0
148 10689.0
149 10689.0
150 10689.0
151 10689.0
152 10689.0
153 10689.0
154 10689.0
155 10689.0
156 10689.0
157 10689.0
158 10689.0
159 10689.0
160 10689.0
161 10689.0
162 10689.0
163 10689.0
164 10689.0
165 10689.0
166 10689.0
167 10689.0
168 10689.0
169 10689.0
170 10689.0
171 10689.0
172 10689.0
173 10689.0
174 10689.0
175 10689.0
176 10689.0
177 10689.0
178 10689.0
179 10689.0
180 10689.0
181 10689.0
182 10689.0
183 10689.0
184 10689.0
185 10689.0
186 10689.0
187 10689.0
188 10689.0
189 10689.0
190 10689.0
191 10689.0
192 10689.0
193 10689.0
194 10689.0
195 10689.0
196 10689.0
197 10689.0
198 10689.0
199 10689.0
200 10689.0
201 10689.0
202 10689.0
203 10689.0
204 10689.0
205 10689.0
206 10689.0
207 10689.0
208 10689.0
209 10689.0
210 10689.0
211 10689.0
212 10689.0
213 10689.0
214 10689.0
215 10689.0
216 10689.0
217 10689.0
218 10689.0
219 10689.0
220 10689.0
221 10689.0
222 10689.0
223 10689.0
224 10689.0
225 10689.0
226 10689.0
227 10689.0
228 10689.0
229 10689.0
230 10689.0
231 10689.0
232 10689.0
233 10689.0
234 10689.0
235 10689.0
236 10689.0
237 10689.0
238 10689.0
239 10689.0
240 10689.0
241 10689.0
242 10689.0
243 10691.0
244 10691.0
245 10691.0
246 10691.0
247 10691.0
248 10691.0
249 10691.0
250 10691.0
251 10691.0
252 10691.0
253 10691.0
254 10691.0
255 10691.0
256 10691.0
257 10691.0
258 10691.0
259 10691.0
260 10691.0
261 10703.0
262 10703.0
263 10703.0
264 10703.0
265 10703.0
266 10703.0
267 10703.0
268 10703.0
269 10703.0
270 10703.0
271 10703.0
272 10703.0
273 10703.0
274 10703.0
275 10703.0
276 10703.0
277 10703.0
278 10703.0
279 10703.0
280 10703.0
281 10703.0
282 10703.0
283 10703.0
284 10703.0
285 10703.0
286 10703.0
287 10703.0
288 10703.0
289 10703.0
290 10703.0
291 10703.0
292 10703.0
293 10703.0
294 10703.0
295 10703.0
296 10703.0
297 10703.0
298 10703.0
299 10703.0
300 10703.0
301 10703.0
302 10703.0
303 10703.0
304 10703.0
305 10703.0
306 10703.0
307 10703.0
308 10703.0
309 10703.0
310 10703.0
311 10703.0
312 10703.0
313 10703.0
314 10703.0
315 10703.0
316 10703.0
317 10703.0
318 10703.0
319 10703.0
320 10703.0
321 10703.0
322 10703.0
323 10703.0
324 10703.0
325 10703.0
326 10703.0
327 10703.0
328 10703.0
329 10703.0
330 10703.0
331 10703.0
332 10703.0
333 10703.0
334 10703.0
335 10703.0
336 10703.0
337 10703.0
338 10703.0
339 10703.0
340 10703.0
341 10703.0
342 10703.0
343 10703.0
344 10703.0
345 10703.0
346 10703.0
347 10703.0
348 10703.0
349 10703.0
350 10703.0
351 10703.0
352 10703.0
353 10703.0
354 10703.0
355 10703.0
356 10703.0
357 10703.0
358 10703.0
359 10703.0
360 10703.0
361 10703.0
362 10703.0
363 10703.0
364 10703.0
365 10703.0
366 10703.0
367 10703.0
368 10703.0
369 10703.0
370 10703.0
371 10703.0
372 10703.0
373 10703.0
374 10703.0
375 10703.0
376 10703.0
377 10703.0
378 10703.0
379 10703.0
380 10703.0
381 10703.0
382 10703.0
383 10703.0
384 10703.0
385 10703.0
386 10703.0
387 10703.0
388 10703.0
389 10703.0
390 10703.0
391 10703.0
392 10703.0
393 10703.0
394 10703.0
395 10703.0
396 10703.0
397 10712.0
398 10703.0
399 10703.0
400 10703.0
401 10703.0
402 10703.0
403 10703.0
404 10703.0
405 10703.0
406 10703.0
407 10703.0
408 10703.0
409 10703.0
410 10703.0
411 10703.0
412 10703.0
413 10703.0
414 10703.0
415 10703.0
416 10703.0
417 10703.0
418 10703.0
419 10703.0
420 10703.0
421 10703.0
422 10703.0
423 10703.0
424 10703.0
425 10703.0
426 10703.0
427 10703.0
428 10703.0
429 10703.0
430 10703.0
431 10703.0
432 10703.0
433 10703.0
434 10703.0
435 10703.0
436 10703.0
437 10703.0
438 10703.0
439 10703.0
440 10703.0
441 10703.0
442 10703.0
443 10703.0
444 10703.0
445 10703.0
446 10703.0
447 10703.0
448 10703.0
449 10703.0
450 10703.0
451 10703.0
452 10703.0
453 10703.0
454 10703.0
455 10703.0
456 10703.0
457 10703.0
458 10703.0
459 10703.0
460 10703.0
461 10703.0
462 10703.0
463 10703.0
464 10703.0
465 10703.0
466 10703.0
467 10703.0
468 10703.0
469 10703.0
470 10703.0
471 10703.0
472 10703.0
473 10703.0
474 10703.0
475 10703.0
476 10703.0
477 10703.0
478 10703.0
479 10703.0
480 10703.0
481 10703.0
482 10703.0
483 10703.0
484 10703.0
485 10703.0
486 10703.0
487 10703.0
488 10703.0
489 10703.0
490 10703.0
491 10703.0
492 10703.0
493 10703.0
494 10703.0
495 10703.0
496 10703.0
497 10703.0
498 10703.0
499 10703.0
500 10703.0
