0 5540.0
1 6036.0
2 6466.0
3 6754.0
4 7004.0
5 7354.0
6 8244.0
7 8244.0
8 8613.0
9 8716.0
10 9778.0
11 9778.0
12 9778.0
13 9995.0
14 10759.0
15 11326.0
16 11326.0
17 11326.0
18 11297.0
19 12327.0
20 11872.0
21 12220.0
22 12327.0
23 13189.0
24 13189.0
25 13189.0
26 13189.0
27 13457.0
28 13723.0
29 13723.0
30 13723.0
31 14126.0
32 14126.0
33 14126.0
34 14126.0
35 14368.0
36 14368.0
37 14354.0
38 14392.0
39 14921.0
40 14921.0
41 15402.0
42 15402.0
43 15133.0
44 15230.0
45 15230.0
46 15185.0
47 15435.0
48 15475.0
49 15883.0
50 15644.0
51 15869.0
52 15869.0
53 15915.0
54 15930.0
55 15915.0
56 16045.0
57 16187.0
58 16576.0
59 16304.0
60 16328.0
61 16283.0
62 16395.0
63 16511.0
64 16511.0
65 16680.0
66 16680.0
67 16871.0
68 16907.0
69 16871.0
70 16871.0
71 16871.0
72 16915.0
73 17185.0
74 17027.0
75 17027.0
76 17272.0
77 17272.0
78 17243.0
79 17243.0
80 17300.0
81 17542.0
82 17324.0
83 17324.0
84 17671.0
85 17671.0
86 17671.0
87 17637.0
88 17637.0
89 17728.0
90 17857.0
91 17857.0
92 17763.0
93 17767.0
94 17857.0
95 17808.0
96 17808.0
97 17711.0
98 17698.0
99 18013.0
100 18013.0
101 18013.0
102 18013.0
103 17947.0
104 17979.0
105 18028.0
106 18028.0
107 18028.0
108 18028.0
109 18054.0
110 18165.0
111 18165.0
112 18178.0
113 18210.0
114 18178.0
115 18178.0
116 18211.0
117 18222.0
118 18226.0
119 18249.0
120 18282.0
121 18282.0
122 18259.0
123 18259.0
124 18259.0
125 18259.0
126 18281.0
127 18281.0
128 18281.0
129 18281.0
130 18281.0
131 18281.0
132 18282.0
133 18282.0
134 18298.0
135 18298.0
136 18298.0
137 18282.0
138 18282.0
139 18284.0
140 18284.0
141 18284.0
142 18284.0
143 18284.0
144 18284.0
145 18284.0
146 18284.0
147 18284.0
148 18284.0
149 18284.0
150 18284.0
151 18284.0
152 18284.0
153 18286.0
154 18286.0
155 18286.0
156 18286.0
157 18286.0
158 18286.0
159 18286.0
160 18286.0
161 18286.0
162 18286.0
163 18286.0
164 18286.0
165 18286.0
166 18286.0
167 18286.0
168 18286.0
169 18286.0
170 18286.0
171 18286.0
172 18286.0
173 18286.0
174 18286.0
175 18286.0
176 18286.0
177 18286.0
178 18286.0
179 18286.0
180 18286.0
181 18286.0
182 18286.0
183 18286.0
184 18286.0
185 18286.0
186 18286.0
187 18286.0
188 18286.0
189 18286.0
190 18286.0
191 18286.0
192 18286.0
193 18286.0
194 18286.0
195 18286.0
196 18292.0
197 18286.0
198 18286.0
199 18286.0
200 18286.0
201 18286.0
202 18286.0
203 18286.0
204 18286.0
205 18286.0
206 18286.0
207 18286.0
208 18286.0
209 18286.0
210 18286.0
211 18286.0
212 18286.0
213 18286.0
214 18286.0
215 18286.0
216 18286.0
217 18286.0
218 18286.0
219 18286.0
220 18286.0
221 18286.0
222 18286.0
223 18286.0
224 18286.0
225 18286.0
226 18286.0
227 18286.0
228 18286.0
229 18286.0
230 18286.0
231 18286.0
232 18286.0
233 18286.0
234 18286.0
235 18286.0
236 18286.0
237 18286.0
238 18286.0
239 18286.0
240 18286.0
241 18286.0
242 18286.0
243 18286.0
244 18286.0
245 18286.0
246 18286.0
247 18286.0
248 18286.0
249 18286.0
250 18286.0
251 18286.0
252 18286.0
253 18286.0
254 18286.0
255 18286.0
256 18286.0
257 18286.0
258 18286.0
259 18286.0
260 18286.0
261 18286.0
262 18286.0
263 18286.0
264 18286.0
265 18286.0
266 18286.0
267 18286.0
268 18286.0
269 18286.0
270 18286.0
271 18286.0
272 18286.0
273 18286.0
274 18286.0
275 18286.0
276 18286.0
277 18286.0
278 18286.0
279 18286.0
280 18286.0
281 18286.0
282 18286.0
283 18286.0
284 18286.0
285 18286.0
286 18286.0
287 18286.0
288 18286.0
289 18286.0
290 18286.0
291 18286.0
292 18286.0
293 18286.0
294 18286.0
295 18286.0
296 18286.0
297 18286.0
298 18286.0
299 18286.0
300 18286.0
301 18286.0
302 18286.0
303 18286.0
304 18286.0
305 18286.0
306 18286.0
307 18286.0
308 18286.0
309 18286.0
310 18286.0
311 18286.0
312 18286.0
313 18286.0
314 18286.0
315 18286.0
316 18286.0
317 18286.0
318 18286.0
319 18286.0
320 18286.0
321 18286.0
322 18286.0
323 18286.0
324 18286.0
325 18286.0
326 18286.0
327 18286.0
328 18286.0
329 18286.0
330 18286.0
331 18286.0
332 18286.0
333 18286.0
334 18286.0
335 18286.0
336 18286.0
337 18286.0
338 18286.0
339 18286.0
340 18286.0
341 18286.0
342 18286.0
343 18286.0
344 18286.0
345 18286.0
346 18286.0
347 18286.0
348 18286.0
349 18286.0
350 18286.0
351 18286.0
352 18286.0
353 18286.0
354 18286.0
355 18286.0
356 18286.0
357 18286.0
358 18286.0
359 18286.0
360 18286.0
361 18286.0
362 18286.0
363 18286.0
364 18286.0
365 18286.0
366 18286.0
367 18286.0
368 18286.0
369 18286.0
370 18286.0
371 18286.0
372 18286.0
373 18286.0
374 18286.0
375 18286.0
376 18286.0
377 18286.0
378 18286.0
379 18286.0
380 18286.0
381 18286.0
382 18286.0
383 18286.0
384 18286.0
385 18286.0
386 18286.0
387 18286.0
388 18286.0
389 18286.0
390 18286.0
391 18286.0
392 18286.0
393 18286.0
394 18286.0
395 18286.0
396 18286.0
397 18286.0
398 18286.0
399 18286.0
400 18286.0
401 18286.0
402 18286.0
403 18286.0
404 18286.0
405 18286.0
406 18286.0
407 18286.0
408 18286.0
409 18286.0
410 18286.0
411 18286.0
412 18286.0
413 18286.0
414 18286.0
415 18286.0
416 18286.0
417 18286.0
418 18286.0
419 18286.0
420 18286.0
421 18286.0
422 18286.0
423 18286.0
424 18286.0
425 18286.0
426 18286.0
427 18286.0
428 18286.0
429 18286.0
430 18286.0
431 18286.0
432 18286.0
433 18286.0
434 18286.0
435 18286.0
436 18286.0
437 18286.0
438 18286.0
439 18286.0
440 18286.0
441 18286.0
442 18286.0
443 18286.0
444 18286.0
445 18286.0
446 18286.0
447 18286.0
448 18286.0
449 18286.0
450 18286.0
451 18286.0
452 18286.0
453 18286.0
454 18286.0
455 18286.0
456 18286.0
457 18286.0
458 18286.0
459 18286.0
460 18286.0
461 18286.0
462 18286.0
463 18286.0
464 18286.0
465 18286.0
466 18286.0
467 18286.0
468 18286.0
469 18286.0
470 18286.0
471 18286.0
472 18286.0
473 18286.0
474 18286.0
475 18286.0
476 18286.0
477 18286.0
478 18286.0
479 18286.0
480 18286.0
481 18286.0
482 18286.0
483 18286.0
484 18286.0
485 18286.0
486 18286.0
487 18286.0
488 18286.0
489 18286.0
490 18286.0
491 18286.0
492 18286.0
493 18286.0
494 18286.0
495 18286.0
496 18286.0
497 18286.0
498 18286.0
499 18286.0
500 18286.0
501 18286.0
502 18286.0
503 18286.0
504 18286.0
505 18286.0
506 18286.0
507 18286.0
508 18286.0
509 18286.0
510 18286.0
511 18286.0
512 18286.0
513 18286.0
514 18286.0
515 18286.0
516 18286.0
517 18286.0
518 18286.0
519 18286.0
520 18286.0
521 18286.0
522 18286.0
523 18286.0
524 18286.0
525 18286.0
526 18286.0
527 18286.0
528 18286.0
529 18286.0
530 18286.0
531 18286.0
532 18286.0
533 18286.0
534 18286.0
535 18286.0
536 18286.0
537 18286.0
538 18286.0
539 18286.0
540 18286.0
541 18286.0
542 18286.0
543 18286.0
544 18286.0
545 18286.0
546 18286.0
547 18286.0
548 18286.0
549 18286.0
550 18286.0
551 18286.0
552 18286.0
553 18286.0
554 18286.0
555 18286.0
556 18286.0
557 18286.0
558 18286.0
559 18286.0
560 18286.0
561 18286.0
562 18286.0
563 18286.0
564 18286.0
565 18286.0
566 18286.0
567 18312.0
568 18312.0
569 18312.0
570 18312.0
571 18312.0
572 18312.0
573 18312.0
574 18312.0
575 18327.0
576 18327.0
577 18327.0
578 18327.0
579 18327.0
580 18327.0
581 18327.0
582 18327.0
583 18327.0
584 18327.0
585 18327.0
586 18327.0
587 18327.0
588 18327.0
589 18327.0
590 18327.0
591 18327.0
592 18327.0
593 18327.0
594 18327.0
595 18327.0
596 18327.0
597 18327.0
598 18327.0
599 18327.0
600 18327.0
601 18327.0
602 18327.0
603 18327.0
604 18327.0
605 18327.0
606 18327.0
607 18327.0
608 18327.0
609 18327.0
610 18327.0
611 18327.0
612 18327.0
613 18327.0
614 18327.0
615 18327.0
616 18327.0
617 18327.0
618 18327.0
619 18327.0
620 18327.0
621 18327.0
622 18327.0
623 18327.0
624 18327.0
625 18327.0
626 18327.0
627 18327.0
628 18327.0
629 18327.0
630 18327.0
631 18327.0
632 18327.0
633 18327.0
634 18327.0
635 18327.0
636 18327.0
637 18327.0
638 18327.0
639 18327.0
640 18327.0
641 18327.0
642 18327.0
643 18327.0
644 18327.0
645 18327.0
646 18327.0
647 18327.0
648 18327.0
649 18327.0
650 18327.0
651 18327.0
652 18327.0
653 18327.0
654 18327.0
655 18327.0
656 18327.0
657 18327.0
658 18327.0
659 18327.0
660 18327.0
661 18327.0
662 18327.0
663 18327.0
664 18327.0
665 18327.0
666 18327.0
667 18327.0
668 18327.0
669 18327.0
670 18327.0
671 18327.0
672 18327.0
673 18327.0
674 18327.0
675 18327.0
676 18327.0
677 18327.0
678 18327.0
679 18327.0
680 18327.0
681 18327.0
682 18327.0
683 18327.0
684 18327.0
685 18327.0
686 18327.0
687 18327.0
688 18327.0
689 18327.0
690 18327.0
691 18327.0
692 18327.0
693 18327.0
694 18327.0
695 18327.0
696 18327.0
697 18327.0
698 18327.0
699 18327.0
700 18327.0
701 18327.0
702 18327.0
703 18327.0
704 18327.0
705 18327.0
706 18327.0
707 18327.0
708 18327.0
709 18327.0
710 18327.0
711 18327.0
712 18327.0
713 18327.0
714 18327.0
715 18327.0
716 18327.0
717 18327.0
718 18327.0
719 18327.0
720 18327.0
721 18327.0
722 18327.0
723 18327.0
724 18327.0
725 18327.0
726 18327.0
727 18327.0
728 18327.0
729 18327.0
730 18327.0
731 18327.0
732 18327.0
733 18327.0
734 18327.0
735 18327.0
736 18327.0
737 18327.0
738 18327.0
739 18327.0
740 18327.0
741 18327.0
742 18327.0
743 18327.0
744 18327.0
745 18327.0
746 18327.0
747 18327.0
748 18327.0
749 18327.0
750 18327.0
751 18327.0
752 18327.0
753 18327.0
754 18327.0
755 18327.0
756 18327.0
757 18327.0
758 18327.0
759 18327.0
760 18327.0
761 18327.0
762 18327.0
763 18327.0
764 18327.0
765 18327.0
766 18327.0
767 18327.0
768 18327.0
769 18327.0
770 18327.0
771 18327.0
772 18327.0
773 18327.0
774 18327.0
775 18327.0
776 18327.0
777 18327.0
778 18327.0
779 18327.0
780 18327.0
781 18327.0
782 18327.0
783 18327.0
784 18327.0
785 18327.0
786 18327.0
787 18327.0
788 18327.0
789 18327.0
790 18327.0
791 18327.0
792 18327.0
793 18327.0
794 18327.0
795 18327.0
796 18327.0
797 18327.0
798 18327.0
799 18327.0
800 18327.0
801 18327.0
802 18327.0
803 18327.0
804 18327.0
805 18327.0
806 18327.0
807 18327.0
808 18327.0
809 18327.0
810 18327.0
811 18327.0
812 18327.0
813 18327.0
814 18327.0
815 18327.0
816 18327.0
817 18327.0
818 18327.0
819 18327.0
820 18327.0
821 18327.0
822 18327.0
823 18327.0
824 18327.0
825 18327.0
826 18327.0
827 18327.0
828 18327.0
829 18327.0
830 18327.0
831 18327.0
832 18327.0
833 18327.0
834 18327.0
835 18327.0
836 18327.0
837 18327.0
838 18327.0
839 18327.0
840 18327.0
841 18327.0
842 18327.0
843 18327.0
844 18327.0
845 18327.0
846 18327.0
847 18327.0
848 18327.0
849 18327.0
850 18327.0
851 18327.0
852 18327.0
853 18327.0
854 18327.0
855 18327.0
856 18327.0
857 18327.0
858 18327.0
859 18327.0
860 18327.0
861 18327.0
862 18327.0
863 18327.0
864 18327.0
865 18327.0
866 18327.0
867 18327.0
868 18327.0
869 18327.0
870 18327.0
871 18327.0
872 18327.0
873 18327.0
874 18327.0
875 18327.0
876 18327.0
877 18327.0
878 18327.0
879 18327.0
880 18327.0
881 18327.0
882 18327.0
883 18327.0
884 18327.0
885 18327.0
886 18327.0
887 18327.0
888 18327.0
889 18327.0
890 18327.0
891 18327.0
892 18327.0
893 18327.0
894 18327.0
895 18327.0
896 18327.0
897 18327.0
898 18327.0
899 18327.0
900 18327.0
901 18327.0
902 18327.0
903 18327.0
904 18327.0
905 18327.0
906 18327.0
907 18327.0
908 18327.0
909 18327.0
910 18327.0
911 18327.0
912 18327.0
913 18327.0
914 18327.0
915 18327.0
916 18327.0
917 18327.0
918 18327.0
919 18327.0
920 18327.0
921 18327.0
922 18327.0
923 18327.0
924 18327.0
925 18327.0
926 18327.0
927 18327.0
928 18327.0
929 18327.0
930 18327.0
931 18327.0
932 18327.0
933 18327.0
934 18327.0
935 18327.0
936 18327.0
937 18327.0
938 18327.0
939 18327.0
940 18327.0
941 18327.0
942 18327.0
943 18327.0
944 18327.0
945 18327.0
946 18327.0
947 18327.0
948 18327.0
949 18327.0
950 18327.0
951 18327.0
952 18327.0
953 18327.0
954 18327.0
955 18327.0
956 18327.0
957 18327.0
958 18327.0
959 18327.0
960 18327.0
961 18327.0
962 18327.0
963 18327.0
964 18327.0
965 18327.0
966 18327.0
967 18327.0
968 18327.0
969 18327.0
970 18327.0
971 18327.0
972 18327.0
973 18327.0
974 18327.0
975 18327.0
976 18327.0
977 18327.0
978 18327.0
979 18327.0
980 18327.0
981 18327.0
982 18327.0
983 18327.0
984 18327.0
985 18327.0
986 18327.0
987 18327.0
988 18327.0
989 18327.0
990 18327.0
991 18327.0
992 18327.0
993 18327.0
994 18327.0
995 18327.0
996 18327.0
997 18327.0
998 18327.0
999 18327.0
1000 18327.0
