0 12047.0
1 14428.0
2 15297.0
3 16437.0
4 18316.0
5 18255.0
6 19373.0
7 20378.0
8 21796.0
9 22896.0
10 23208.0
11 26651.0
12 26651.0
13 26651.0
14 27545.0
15 31267.0
16 31267.0
17 31776.0
18 31317.0
19 32337.0
20 33867.0
21 36831.0
22 36277.0
23 38019.0
24 36973.0
25 38995.0
26 38995.0
27 38081.0
28 38848.0
29 42006.0
30 42006.0
31 42596.0
32 43258.0
33 44475.0
34 44936.0
35 45620.0
36 45620.0
37 45620.0
38 49005.0
39 49005.0
40 49005.0
41 49225.0
42 49225.0
43 49072.0
44 50778.0
45 52874.0
46 52874.0
47 52119.0
48 57030.0
49 52994.0
50 55686.0
51 55686.0
52 55686.0
53 54545.0
54 55111.0
55 55667.0
56 55935.0
57 57365.0
58 57617.0
59 57617.0
60 57666.0
61 57666.0
62 57790.0
63 58125.0
64 59163.0
65 59163.0
66 59163.0
67 59163.0
68 60341.0
69 60763.0
70 63263.0
71 63263.0
72 60628.0
73 63050.0
74 60886.0
75 62267.0
76 62316.0
77 62400.0
78 64002.0
79 66779.0
80 66779.0
81 66779.0
82 66902.0
83 65923.0
84 65515.0
85 65952.0
86 68345.0
87 65770.0
88 67957.0
89 68487.0
90 67957.0
91 71050.0
92 68818.0
93 67759.0
94 67430.0
95 68503.0
96 68184.0
97 68578.0
98 68626.0
99 67542.0
100 71174.0
101 71174.0
102 71174.0
103 71174.0
104 71192.0
105 71781.0
106 71899.0
107 71899.0
108 71899.0
109 70959.0
110 71602.0
111 71602.0
112 72123.0
113 71602.0
114 72127.0
115 72780.0
116 73030.0
117 73030.0
118 71814.0
119 73936.0
120 73936.0
121 72564.0
122 74948.0
123 74948.0
124 74948.0
125 74948.0
126 74718.0
127 74718.0
128 74718.0
129 73689.0
130 74286.0
131 73831.0
132 73831.0
133 73831.0
134 73831.0
135 73831.0
136 75749.0
137 75749.0
138 75749.0
139 77492.0
140 77492.0
141 77492.0
142 75888.0
143 75679.0
144 77621.0
145 77621.0
146 77621.0
147 77621.0
148 77621.0
149 77215.0
150 78789.0
151 78789.0
152 78789.0
153 78789.0
154 78820.0
155 78820.0
156 78820.0
157 78820.0
158 78820.0
159 80860.0
160 80860.0
161 80860.0
162 79758.0
163 78634.0
164 79183.0
165 79183.0
166 79183.0
167 79183.0
168 79698.0
169 79183.0
170 78572.0
171 80813.0
172 79494.0
173 80293.0
174 80293.0
175 81755.0
176 80293.0
177 80293.0
178 81610.0
179 81436.0
180 81436.0
181 81436.0
182 82604.0
183 81218.0
184 81178.0
185 81178.0
186 85528.0
187 82104.0
188 82104.0
189 82104.0
190 82104.0
191 82104.0
192 82011.0
193 82768.0
194 82768.0
195 82768.0
196 82768.0
197 82349.0
198 82579.0
199 83657.0
200 83140.0
201 82428.0
202 82428.0
203 82676.0
204 82676.0
205 82676.0
206 87702.0
207 87702.0
208 87702.0
209 87702.0
210 87702.0
211 87702.0
212 84038.0
213 84038.0
214 85633.0
215 85633.0
216 85633.0
217 85294.0
218 83999.0
219 83315.0
220 83136.0
221 83508.0
222 83064.0
223 83064.0
224 83064.0
225 85460.0
226 84335.0
227 84335.0
228 84736.0
229 84736.0
230 84890.0
231 84890.0
232 85007.0
233 84019.0
234 84019.0
235 84260.0
236 85103.0
237 86439.0
238 86439.0
239 86439.0
240 86439.0
241 86439.0
242 86439.0
243 86880.0
244 85245.0
245 84734.0
246 86209.0
247 85053.0
248 85053.0
249 85053.0
250 85692.0
251 86268.0
252 87961.0
253 87961.0
254 86102.0
255 86211.0
256 85820.0
257 86918.0
258 86918.0
259 91112.0
260 93272.0
261 86918.0
262 88290.0
263 88290.0
264 88290.0
265 87727.0
266 89629.0
267 89629.0
268 89629.0
269 88803.0
270 88803.0
271 88563.0
272 88246.0
273 88246.0
274 88246.0
275 87354.0
276 87696.0
277 88765.0
278 88765.0
279 88765.0
280 88765.0
281 88765.0
282 88774.0
283 88774.0
284 88774.0
285 88774.0
286 91472.0
287 90626.0
288 90626.0
289 90626.0
290 90626.0
291 90626.0
292 87711.0
293 87672.0
294 87731.0
295 88739.0
296 88531.0
297 90914.0
298 89759.0
299 90065.0
300 89759.0
301 89759.0
302 90196.0
303 93622.0
304 93622.0
305 90196.0
306 90196.0
307 88479.0
308 95106.0
309 90181.0
310 91935.0
311 92067.0
312 92067.0
313 88603.0
314 88694.0
315 88603.0
316 88887.0
317 89901.0
318 88371.0
319 90090.0
320 91579.0
321 90090.0
322 92725.0
323 91760.0
324 91760.0
325 91760.0
326 91760.0
327 89839.0
328 92959.0
329 92423.0
330 92423.0
331 92423.0
332 90326.0
333 90856.0
334 91303.0
335 93636.0
336 93636.0
337 91996.0
338 91303.0
339 91483.0
340 93981.0
341 96185.0
342 94375.0
343 94375.0
344 94488.0
345 94488.0
346 93644.0
347 93644.0
348 93672.0
349 92461.0
350 92586.0
351 94264.0
352 94279.0
353 94802.0
354 94802.0
355 93412.0
356 93520.0
357 93520.0
358 93520.0
359 94705.0
360 93212.0
361 93212.0
362 93212.0
363 92379.0
364 93801.0
365 94649.0
366 93801.0
367 94123.0
368 94676.0
369 94735.0
370 94735.0
371 95959.0
372 94018.0
373 94018.0
374 94018.0
375 94018.0
376 94018.0
377 93250.0
378 95102.0
379 95102.0
380 96574.0
381 95711.0
382 95711.0
383 97914.0
384 97914.0
385 97914.0
386 96770.0
387 96770.0
388 97074.0
389 96770.0
390 96634.0
391 96888.0
392 96992.0
393 99183.0
394 99183.0
395 99183.0
396 99183.0
397 97628.0
398 96725.0
399 96725.0
400 96990.0
401 97020.0
402 97606.0
403 97606.0
404 97020.0
405 97027.0
406 98126.0
407 98373.0
408 99557.0
409 99557.0
410 99557.0
411 97027.0
412 97508.0
413 97508.0
414 97508.0
415 98074.0
416 98074.0
417 98201.0
418 98674.0
419 98674.0
420 99396.0
421 99396.0
422 99396.0
423 99396.0
424 97618.0
425 99338.0
426 97124.0
427 98947.0
428 98947.0
429 98947.0
430 98947.0
431 98463.0
432 98463.0
433 99175.0
434 97577.0
435 97577.0
436 98812.0
437 98812.0
438 98647.0
439 98442.0
440 98442.0
441 98442.0
442 98167.0
443 98167.0
444 98167.0
445 96954.0
446 96954.0
447 96954.0
448 96954.0
449 97332.0
450 99228.0
451 99341.0
452 100037.0
453 100037.0
454 99546.0
455 99546.0
456 100062.0
457 98786.0
458 99202.0
459 100060.0
460 100060.0
461 100060.0
462 100060.0
463 100060.0
464 100060.0
465 100048.0
466 98857.0
467 98857.0
468 98857.0
469 98932.0
470 98857.0
471 99774.0
472 99774.0
473 99774.0
474 99774.0
475 100732.0
476 99900.0
477 99802.0
478 100763.0
479 100763.0
480 100763.0
481 99838.0
482 99838.0
483 99838.0
484 99860.0
485 100839.0
486 100839.0
487 99838.0
488 100392.0
489 100392.0
490 100392.0
491 103025.0
492 103025.0
493 101866.0
494 101866.0
495 101866.0
496 101866.0
497 101451.0
498 101720.0
499 101720.0
500 102435.0
