0 5469.0
1 5669.0
2 6852.0
3 6989.0
4 7878.0
5 7479.0
6 8459.0
7 8174.0
8 8627.0
9 9047.0
10 9206.0
11 9551.0
12 9986.0
13 10276.0
14 10417.0
15 10830.0
16 11364.0
17 11375.0
18 11375.0
19 12049.0
20 12049.0
21 12591.0
22 12696.0
23 13925.0
24 13925.0
25 14087.0
26 14087.0
27 14021.0
28 14474.0
29 14571.0
30 15134.0
31 15333.0
32 15771.0
33 15884.0
34 15894.0
35 15884.0
36 15884.0
37 16757.0
38 16757.0
39 16961.0
40 17172.0
41 17172.0
42 17172.0
43 17172.0
44 18305.0
45 18305.0
46 18305.0
47 18305.0
48 18305.0
49 18305.0
50 18305.0
51 19520.0
52 18044.0
53 17550.0
54 17764.0
55 17668.0
56 17717.0
57 18435.0
58 18103.0
59 18103.0
60 18054.0
61 18704.0
62 18753.0
63 18704.0
64 18704.0
65 18704.0
66 18619.0
67 18619.0
68 19232.0
69 19181.0
70 18371.0
71 19322.0
72 19183.0
73 19343.0
74 19710.0
75 19675.0
76 19386.0
77 19386.0
78 20237.0
79 20237.0
80 20237.0
81 19870.0
82 20101.0
83 20465.0
84 20465.0
85 20465.0
86 20791.0
87 20791.0
88 21066.0
89 21840.0
90 22099.0
91 21840.0
92 21066.0
93 21654.0
94 21098.0
95 21098.0
96 21098.0
97 21066.0
98 21403.0
99 21904.0
100 21904.0
101 21904.0
102 21343.0
103 21141.0
104 21141.0
105 21646.0
106 21646.0
107 22390.0
108 21714.0
109 23057.0
110 23057.0
111 23057.0
112 23057.0
113 23057.0
114 23057.0
115 23057.0
116 22702.0
117 22702.0
118 22702.0
119 22702.0
120 22867.0
121 22867.0
122 22867.0
123 22867.0
124 22867.0
125 23220.0
126 23220.0
127 23066.0
128 23066.0
129 23037.0
130 23833.0
131 23833.0
132 23572.0
133 23937.0
134 23937.0
135 23937.0
136 23884.0
137 23884.0
138 24406.0
139 24432.0
140 23709.0
141 24390.0
142 24390.0
143 24390.0
144 24390.0
145 24512.0
146 23709.0
147 23736.0
148 23856.0
149 23838.0
150 23360.0
151 23360.0
152 23886.0
153 23886.0
154 24436.0
155 24599.0
156 24519.0
157 24519.0
158 24710.0
159 24068.0
160 24068.0
161 23987.0
162 24435.0
163 24435.0
164 24435.0
165 24336.0
166 24336.0
167 24246.0
168 24246.0
169 25272.0
170 25272.0
171 24246.0
172 24975.0
173 24097.0
174 24260.0
175 24124.0
176 24637.0
177 24699.0
178 24980.0
179 24980.0
180 25012.0
181 25521.0
182 25640.0
183 25640.0
184 25640.0
185 25770.0
186 25770.0
187 25770.0
188 25770.0
189 25770.0
190 25367.0
191 25504.0
192 25504.0
193 25542.0
194 25504.0
195 25557.0
196 25557.0
197 25403.0
198 26055.0
199 25621.0
200 26241.0
201 27044.0
202 27044.0
203 27044.0
204 25648.0
205 25718.0
206 26203.0
207 26203.0
208 26203.0
209 26473.0
210 26891.0
211 26891.0
212 26891.0
213 26918.0
214 27312.0
215 26505.0
216 26505.0
217 26505.0
218 26459.0
219 26459.0
220 27235.0
221 26647.0
222 26647.0
223 26647.0
224 26999.0
225 26999.0
226 27023.0
227 27023.0
228 27023.0
229 27117.0
230 26936.0
231 27354.0
232 27768.0
233 27427.0
234 27354.0
235 27354.0
236 27178.0
237 27178.0
238 27121.0
239 27121.0
240 27347.0
241 27347.0
242 27121.0
243 27121.0
244 28008.0
245 27403.0
246 27403.0
247 27403.0
248 27363.0
249 27363.0
250 27363.0
251 27515.0
252 27515.0
253 27363.0
254 28478.0
255 28478.0
256 27475.0
257 27583.0
258 27752.0
259 28259.0
260 28361.0
261 27715.0
262 27715.0
263 27715.0
264 27715.0
265 27584.0
266 27628.0
267 27584.0
268 27584.0
269 27399.0
270 27443.0
271 27443.0
272 28207.0
273 27896.0
274 27896.0
275 27896.0
276 27624.0
277 28119.0
278 28119.0
279 28119.0
280 28334.0
281 28334.0
282 28334.0
283 28334.0
284 28334.0
285 28435.0
286 28435.0
287 28435.0
288 27584.0
289 27429.0
290 27522.0
291 27914.0
292 28333.0
293 28333.0
294 27522.0
295 28076.0
296 27293.0
297 27457.0
298 27457.0
299 27457.0
300 27457.0
301 27457.0
302 27650.0
303 27306.0
304 27781.0
305 27877.0
306 27877.0
307 28233.0
308 28233.0
309 28343.0
310 28343.0
311 28343.0
312 27870.0
313 27812.0
314 27812.0
315 27812.0
316 27819.0
317 27819.0
318 28377.0
319 28377.0
320 28377.0
321 28377.0
322 28377.0
323 28377.0
324 28375.0
325 28375.0
326 28375.0
327 28375.0
328 28428.0
329 28375.0
330 28375.0
331 28431.0
332 29428.0
333 29428.0
334 28757.0
335 28757.0
336 28757.0
337 28451.0
338 28604.0
339 28532.0
340 28532.0
341 29386.0
342 28837.0
343 29137.0
344 29938.0
345 29938.0
346 29938.0
347 29430.0
348 29633.0
349 29633.0
350 29633.0
351 29347.0
352 29347.0
353 29347.0
354 29115.0
355 29115.0
356 29098.0
357 29098.0
358 29098.0
359 29358.0
360 28901.0
361 28901.0
362 28895.0
363 28861.0
364 29055.0
365 28921.0
366 29548.0
367 29131.0
368 29131.0
369 30055.0
370 30055.0
371 30055.0
372 30055.0
373 30062.0
374 30055.0
375 30055.0
376 29295.0
377 29295.0
378 29356.0
379 29356.0
380 29460.0
381 29460.0
382 29729.0
383 29729.0
384 29729.0
385 29729.0
386 29729.0
387 30021.0
388 30021.0
389 29729.0
390 29659.0
391 30134.0
392 30134.0
393 29767.0
394 29704.0
395 29434.0
396 29783.0
397 29952.0
398 30253.0
399 30399.0
400 30399.0
401 29747.0
402 29816.0
403 29816.0
404 29891.0
405 30395.0
406 29891.0
407 29554.0
408 29575.0
409 29726.0
410 29684.0
411 29684.0
412 29913.0
413 30321.0
414 30201.0
415 30201.0
416 30408.0
417 30574.0
418 30574.0
419 30574.0
420 30574.0
421 30574.0
422 30799.0
423 30738.0
424 31029.0
425 31029.0
426 31029.0
427 30849.0
428 30849.0
429 30794.0
430 30922.0
431 30794.0
432 30794.0
433 30794.0
434 30750.0
435 30893.0
436 31010.0
437 31010.0
438 31010.0
439 31154.0
440 31154.0
441 31976.0
442 31765.0
443 31765.0
444 31809.0
445 31809.0
446 31809.0
447 31809.0
448 31809.0
449 31483.0
450 31578.0
451 31841.0
452 32169.0
453 32169.0
454 31752.0
455 32217.0
456 31662.0
457 31662.0
458 32374.0
459 32692.0
460 32503.0
461 32374.0
462 32374.0
463 32374.0
464 32563.0
465 32430.0
466 32280.0
467 32280.0
468 32535.0
469 32674.0
470 32420.0
471 32420.0
472 32208.0
473 32294.0
474 32124.0
475 32298.0
476 32538.0
477 33155.0
478 32644.0
479 32644.0
480 32759.0
481 32759.0
482 32922.0
483 32775.0
484 33058.0
485 33633.0
486 33633.0
487 33633.0
488 33992.0
489 33992.0
490 33992.0
491 33992.0
492 33992.0
493 33979.0
494 33979.0
495 33979.0
496 33921.0
497 33598.0
498 33598.0
499 33779.0
500 33872.0
