0 6747.0
1 7437.0
2 7437.0
3 8123.0
4 9269.0
5 9449.0
6 9566.0
7 9724.0
8 9978.0
9 10551.0
10 11632.0
11 11844.0
12 11844.0
13 12632.0
14 12632.0
15 13215.0
16 13461.0
17 13398.0
18 13967.0
19 15109.0
20 15250.0
21 15250.0
22 15668.0
23 15131.0
24 15131.0
25 15917.0
26 16280.0
27 16211.0
28 16211.0
29 16414.0
30 16414.0
31 16763.0
32 16763.0
33 16861.0
34 17454.0
35 17454.0
36 17276.0
37 17562.0
38 17543.0
39 17613.0
40 17715.0
41 17910.0
42 18204.0
43 18210.0
44 18281.0
45 18385.0
46 18809.0
47 18809.0
48 18459.0
49 18860.0
50 18860.0
51 18991.0
52 19145.0
53 19145.0
54 19145.0
55 19145.0
56 19145.0
57 18987.0
58 19117.0
59 19292.0
60 19128.0
61 19328.0
62 19547.0
63 19547.0
64 19444.0
65 19771.0
66 19771.0
67 19771.0
68 19771.0
69 19623.0
70 19868.0
71 19868.0
72 19868.0
73 20084.0
74 20084.0
75 20084.0
76 19885.0
77 20040.0
78 20040.0
79 20067.0
80 20026.0
81 20106.0
82 20321.0
83 20037.0
84 20159.0
85 20157.0
86 20102.0
87 20388.0
88 20388.0
89 20388.0
90 20111.0
91 20456.0
92 20456.0
93 20475.0
94 20597.0
95 20597.0
96 20652.0
97 20765.0
98 20765.0
99 20765.0
100 20570.0
