0 20591.0
1 21971.0
2 22989.0
3 24656.0
4 26572.0
5 26991.0
6 28731.0
7 29387.0
8 30859.0
9 32068.0
10 33429.0
11 34056.0
12 35801.0
13 37281.0
14 38519.0
15 39136.0
16 42172.0
17 43143.0
18 41739.0
19 44016.0
20 46566.0
21 46566.0
22 48655.0
23 47914.0
24 51005.0
25 51903.0
26 51903.0
27 54778.0
28 56203.0
29 56203.0
30 56203.0
31 58099.0
32 59335.0
33 62285.0
34 61446.0
35 63419.0
36 66298.0
37 66298.0
38 67246.0
39 67246.0
40 67493.0
41 69174.0
42 68731.0
43 68731.0
44 69791.0
45 72904.0
46 72904.0
47 74312.0
48 74989.0
49 74982.0
50 76864.0
51 76864.0
52 77889.0
53 78739.0
54 78739.0
55 80162.0
56 79481.0
57 81272.0
58 81272.0
59 82710.0
60 82234.0
61 82234.0
62 82461.0
63 85240.0
64 86698.0
65 86698.0
66 86623.0
67 86623.0
68 86499.0
69 86499.0
70 86935.0
71 89067.0
72 90489.0
73 90489.0
74 90489.0
75 91884.0
76 92372.0
77 92663.0
78 93612.0
79 97602.0
80 97602.0
81 97602.0
82 97602.0
83 97602.0
84 97602.0
85 97602.0
86 97723.0
87 99316.0
88 99316.0
89 99316.0
90 103614.0
91 100903.0
92 100903.0
93 101540.0
94 100897.0
95 100085.0
96 100085.0
97 101556.0
98 100364.0
99 100660.0
100 100660.0
101 100660.0
102 104894.0
103 105016.0
104 105016.0
105 104681.0
106 105482.0
107 106535.0
108 107426.0
109 107854.0
110 107854.0
111 107854.0
112 107896.0
113 107426.0
114 111386.0
115 111386.0
116 111386.0
117 108985.0
118 109496.0
119 110400.0
120 109496.0
121 111769.0
122 109526.0
123 112087.0
124 112087.0
125 111154.0
126 111154.0
127 112071.0
128 112071.0
129 114216.0
130 114921.0
131 114921.0
132 114921.0
133 114921.0
134 114921.0
135 114921.0
136 116303.0
137 116303.0
138 116374.0
139 116374.0
140 114372.0
141 114372.0
142 117532.0
143 117739.0
144 117739.0
145 117739.0
146 117739.0
147 117739.0
148 117965.0
149 122372.0
150 122372.0
151 118062.0
152 118252.0
153 118252.0
154 118077.0
155 121135.0
156 121135.0
157 121135.0
158 121135.0
159 121135.0
160 121135.0
161 121135.0
162 123251.0
163 123251.0
164 123251.0
165 120905.0
166 120717.0
167 121961.0
168 121961.0
169 121961.0
170 122945.0
171 122945.0
172 123126.0
173 123126.0
174 124802.0
175 123026.0
176 124725.0
177 124725.0
178 124725.0
179 123431.0
180 123835.0
181 123835.0
182 124434.0
183 123835.0
184 123835.0
185 123982.0
186 123982.0
187 123608.0
188 124701.0
189 123634.0
190 123796.0
191 125056.0
192 125056.0
193 126071.0
194 124814.0
195 124814.0
196 124814.0
197 125676.0
198 125113.0
199 127808.0
200 127191.0
201 127191.0
202 126622.0
203 125245.0
204 126012.0
205 127346.0
206 128131.0
207 128131.0
208 128131.0
209 128131.0
210 128131.0
211 128391.0
212 128391.0
213 128391.0
214 128391.0
215 128391.0
216 127416.0
217 127756.0
218 128895.0
219 131054.0
220 131054.0
221 130887.0
222 128419.0
223 127463.0
224 130549.0
225 130549.0
226 133889.0
227 133889.0
228 130680.0
229 130680.0
230 130680.0
231 131086.0
232 129308.0
233 129308.0
234 129308.0
235 135530.0
236 131473.0
237 131563.0
238 131563.0
239 131473.0
240 131473.0
241 131473.0
242 131072.0
243 139297.0
244 132294.0
245 132325.0
246 132325.0
247 133345.0
248 138905.0
249 138905.0
250 138905.0
251 138905.0
252 133917.0
253 133917.0
254 133917.0
255 133776.0
256 133776.0
257 133776.0
258 133776.0
259 133448.0
260 133448.0
261 136051.0
262 133123.0
263 133123.0
264 131572.0
265 130971.0
266 130971.0
267 131550.0
268 131180.0
269 131705.0
270 132529.0
271 132529.0
272 132062.0
273 135409.0
274 133030.0
275 133030.0
276 136420.0
277 136420.0
278 136420.0
279 136420.0
280 136420.0
281 136420.0
282 132915.0
283 135867.0
284 136323.0
285 138020.0
286 138020.0
287 138020.0
288 135677.0
289 135721.0
290 135721.0
291 134788.0
292 136746.0
293 136746.0
294 133716.0
295 134690.0
296 136316.0
297 135040.0
298 136757.0
299 137126.0
300 137126.0
301 137126.0
302 136905.0
303 134925.0
304 137222.0
305 136116.0
306 136116.0
307 137015.0
308 137938.0
309 135851.0
310 135851.0
311 136257.0
312 136257.0
313 136335.0
314 136335.0
315 138899.0
316 138899.0
317 138899.0
318 138899.0
319 138899.0
320 134756.0
321 133819.0
322 135780.0
323 135357.0
324 135357.0
325 135357.0
326 135357.0
327 136025.0
328 136238.0
329 136238.0
330 136238.0
331 136238.0
332 139338.0
333 137045.0
334 137045.0
335 140669.0
336 140669.0
337 140669.0
338 140669.0
339 140669.0
340 140669.0
341 140669.0
342 140669.0
343 137045.0
344 140627.0
345 140627.0
346 140627.0
347 140627.0
348 140040.0
349 138636.0
350 138636.0
351 138636.0
352 138636.0
353 137420.0
354 137420.0
355 137420.0
356 136383.0
357 136383.0
358 137499.0
359 137499.0
360 136383.0
361 136383.0
362 137108.0
363 138703.0
364 137108.0
365 139468.0
366 139468.0
367 139468.0
368 139468.0
369 140881.0
370 142201.0
371 142201.0
372 142201.0
373 139300.0
374 139300.0
375 139778.0
376 137736.0
377 138573.0
378 138982.0
379 139438.0
380 141227.0
381 141227.0
382 139630.0
383 139630.0
384 139630.0
385 139630.0
386 140326.0
387 141380.0
388 141380.0
389 141380.0
390 140790.0
391 139630.0
392 139630.0
393 139871.0
394 141493.0
395 141493.0
396 141493.0
397 138436.0
398 136835.0
399 137255.0
400 137255.0
401 140724.0
402 140724.0
403 139704.0
404 139704.0
405 139822.0
406 139822.0
407 139822.0
408 139822.0
409 138432.0
410 137849.0
411 146228.0
412 137886.0
413 139974.0
414 138064.0
415 138064.0
416 140384.0
417 143084.0
418 143084.0
419 143084.0
420 141768.0
421 138742.0
422 138742.0
423 140603.0
424 140621.0
425 144264.0
426 144264.0
427 144264.0
428 144264.0
429 144264.0
430 141410.0
431 141122.0
432 142336.0
433 140490.0
434 143712.0
435 143712.0
436 143712.0
437 143712.0
438 143416.0
439 143416.0
440 140664.0
441 145257.0
442 145257.0
443 146085.0
444 146085.0
445 146085.0
446 147061.0
447 146085.0
448 146085.0
449 146085.0
450 146085.0
451 143964.0
452 143964.0
453 143964.0
454 143964.0
455 143964.0
456 143964.0
457 143964.0
458 144570.0
459 143964.0
460 143964.0
461 143751.0
462 145263.0
463 145263.0
464 145263.0
465 143577.0
466 145776.0
467 145776.0
468 145776.0
469 145776.0
470 145776.0
471 145776.0
472 145776.0
473 145776.0
474 145776.0
475 145776.0
476 145776.0
477 146462.0
478 146462.0
479 146826.0
480 146826.0
481 146826.0
482 146826.0
483 151965.0
484 151965.0
485 147479.0
486 145456.0
487 145456.0
488 145380.0
489 145249.0
490 144287.0
491 144287.0
492 144287.0
493 144860.0
494 144287.0
495 144287.0
496 145457.0
497 144912.0
498 144912.0
499 145580.0
500 147644.0
501 147644.0
502 147644.0
503 145827.0
504 145580.0
505 145580.0
506 145596.0
507 149434.0
508 149434.0
509 145580.0
510 145580.0
511 145580.0
512 145580.0
513 145580.0
514 147508.0
515 147508.0
516 147508.0
517 150537.0
518 150537.0
519 150537.0
520 147072.0
521 148239.0
522 148239.0
523 148239.0
524 148239.0
525 148239.0
526 148239.0
527 146560.0
528 145329.0
529 145565.0
530 146031.0
531 145565.0
532 145565.0
533 145329.0
534 145689.0
535 147756.0
536 149293.0
537 147756.0
538 146337.0
539 145576.0
540 145576.0
541 145239.0
542 145239.0
543 145239.0
544 144917.0
545 146681.0
546 151953.0
547 151953.0
548 151953.0
549 151953.0
550 151953.0
551 151953.0
552 149113.0
553 147656.0
554 147656.0
555 147656.0
556 145418.0
557 145418.0
558 146555.0
559 146796.0
560 145998.0
561 148316.0
562 145281.0
563 145281.0
564 146084.0
565 149414.0
566 149414.0
567 149469.0
568 149469.0
569 149469.0
570 149469.0
571 146405.0
572 145447.0
573 146113.0
574 146113.0
575 146113.0
576 146113.0
577 146771.0
578 152873.0
579 146893.0
580 148063.0
581 148063.0
582 148063.0
583 148846.0
584 148846.0
585 149178.0
586 149178.0
587 148215.0
588 145320.0
589 145680.0
590 145680.0
591 145507.0
592 147552.0
593 147552.0
594 147552.0
595 145816.0
596 145816.0
597 146924.0
598 147940.0
599 147940.0
600 149232.0
601 149232.0
602 149572.0
603 149572.0
604 149572.0
605 149572.0
606 146707.0
607 148085.0
608 148085.0
609 146043.0
610 147425.0
611 145267.0
612 145528.0
613 145528.0
614 146339.0
615 148920.0
616 148920.0
617 148920.0
618 149370.0
619 146883.0
620 144914.0
621 144914.0
622 145275.0
623 149835.0
624 149320.0
625 149320.0
626 148769.0
627 148769.0
628 148769.0
629 147403.0
630 147403.0
631 147403.0
632 147403.0
633 147769.0
634 147403.0
635 147596.0
636 147596.0
637 147596.0
638 147596.0
639 147596.0
640 147596.0
641 147596.0
642 147596.0
643 151781.0
644 151781.0
645 151781.0
646 151781.0
647 151781.0
648 151781.0
649 151781.0
650 151781.0
651 151781.0
652 151781.0
653 151781.0
654 151781.0
655 147421.0
656 150496.0
657 150496.0
658 144577.0
659 145837.0
660 145837.0
661 146206.0
662 146047.0
663 146898.0
664 148846.0
665 148361.0
666 149423.0
667 147606.0
668 146001.0
669 149214.0
670 149214.0
671 145974.0
672 145845.0
673 147001.0
674 145845.0
675 149029.0
676 149029.0
677 148697.0
678 146429.0
679 145655.0
680 148949.0
681 148949.0
682 148949.0
683 154612.0
684 154612.0
685 154612.0
686 154612.0
687 154612.0
688 154612.0
689 151941.0
690 151941.0
691 153236.0
692 151941.0
693 151941.0
694 151941.0
695 151941.0
696 151941.0
697 151941.0
698 151941.0
699 151941.0
700 151941.0
701 151941.0
702 149491.0
703 149881.0
704 150021.0
705 149491.0
706 150050.0
707 150050.0
708 150050.0
709 150050.0
710 150713.0
711 150713.0
712 153234.0
713 153234.0
714 149613.0
715 149613.0
716 148977.0
717 148977.0
718 151980.0
719 151980.0
720 151980.0
721 151980.0
722 151806.0
723 151806.0
724 151806.0
725 151806.0
726 150881.0
727 148953.0
728 149282.0
729 150464.0
730 150905.0
731 152542.0
732 152542.0
733 152542.0
734 150416.0
735 149864.0
736 149864.0
737 150933.0
738 149864.0
739 149617.0
740 149617.0
741 149326.0
742 151980.0
743 151980.0
744 151980.0
745 151980.0
746 150477.0
747 150477.0
748 151418.0
749 151418.0
750 151418.0
751 151418.0
752 151418.0
753 147303.0
754 149335.0
755 149119.0
756 149119.0
757 148262.0
758 148475.0
759 151510.0
760 152020.0
761 149668.0
762 151581.0
763 151581.0
764 151581.0
765 151581.0
766 148039.0
767 150389.0
768 149126.0
769 149126.0
770 148558.0
771 151073.0
772 151073.0
773 151073.0
774 154359.0
775 152468.0
776 152468.0
777 151761.0
778 151761.0
779 151761.0
780 149033.0
781 150825.0
782 150825.0
783 150825.0
784 155465.0
785 155465.0
786 155465.0
787 150067.0
788 150067.0
789 150747.0
790 152136.0
791 154529.0
792 154529.0
793 154529.0
794 154529.0
795 154529.0
796 154529.0
797 157545.0
798 151730.0
799 153428.0
800 153783.0
801 154127.0
802 154127.0
803 154127.0
804 154127.0
805 154127.0
806 154127.0
807 152966.0
808 152966.0
809 152966.0
810 152966.0
811 152128.0
812 152128.0
813 152443.0
814 154164.0
815 154164.0
816 154164.0
817 154164.0
818 155517.0
819 154164.0
820 153313.0
821 154264.0
822 154264.0
823 151935.0
824 151935.0
825 151935.0
826 153293.0
827 151944.0
828 151944.0
829 153457.0
830 154396.0
831 155745.0
832 154396.0
833 157451.0
834 153758.0
835 152921.0
836 152921.0
837 154185.0
838 154185.0
839 154185.0
840 154185.0
841 154185.0
842 154185.0
843 156783.0
844 156783.0
845 156783.0
846 156783.0
847 156783.0
848 156783.0
849 156783.0
850 156157.0
851 156157.0
852 155743.0
853 155262.0
854 153724.0
855 155632.0
856 154875.0
857 154875.0
858 153668.0
859 153668.0
860 153668.0
861 152992.0
862 155192.0
863 155745.0
864 155745.0
865 155881.0
866 155881.0
867 155192.0
868 156434.0
869 156500.0
870 155192.0
871 155928.0
872 155388.0
873 157012.0
874 157012.0
875 157012.0
876 157012.0
877 155468.0
878 158976.0
879 158976.0
880 155681.0
881 157344.0
882 157344.0
883 157795.0
884 158917.0
885 158917.0
886 158917.0
887 158044.0
888 158044.0
889 158044.0
890 157229.0
891 157229.0
892 159064.0
893 157004.0
894 157004.0
895 157854.0
896 157854.0
897 157854.0
898 157004.0
899 157004.0
900 158432.0
901 158432.0
902 157591.0
903 157591.0
904 156736.0
905 158431.0
906 158431.0
907 158431.0
908 158431.0
909 158431.0
910 156857.0
911 156857.0
912 156857.0
913 160190.0
914 160190.0
915 160190.0
916 158141.0
917 158141.0
918 158141.0
919 158141.0
920 158413.0
921 158413.0
922 156263.0
923 156356.0
924 154776.0
925 154776.0
926 157331.0
927 154776.0
928 154776.0
929 156994.0
930 156994.0
931 156994.0
932 156994.0
933 155847.0
934 155847.0
935 155847.0
936 156341.0
937 155847.0
938 155847.0
939 157722.0
940 157722.0
941 159717.0
942 159717.0
943 159717.0
944 155797.0
945 155797.0
946 155797.0
947 155797.0
948 155743.0
949 154574.0
950 154574.0
951 154574.0
952 155859.0
953 156940.0
954 156940.0
955 156940.0
956 158105.0
957 155115.0
958 155115.0
959 155115.0
960 160561.0
961 156223.0
962 157612.0
963 157612.0
964 156223.0
965 156223.0
966 156223.0
967 155849.0
968 155807.0
969 154907.0
970 154907.0
971 157970.0
972 157970.0
973 157970.0
974 154907.0
975 154907.0
976 155728.0
977 159042.0
978 159042.0
979 159042.0
980 159042.0
981 159042.0
982 159716.0
983 158425.0
984 158425.0
985 154983.0
986 156497.0
987 156497.0
988 156497.0
989 156497.0
990 156497.0
991 156497.0
992 156497.0
993 155295.0
994 155262.0
995 155262.0
996 155262.0
997 157363.0
998 157363.0
999 157131.0
1000 156199.0
