0 10534.0
1 11078.0
2 11518.0
3 11871.0
4 12533.0
5 13408.0
6 14345.0
7 15421.0
8 16084.0
9 16709.0
10 16735.0
11 17517.0
12 18605.0
13 19193.0
14 19753.0
15 20630.0
16 22771.0
17 22771.0
18 23460.0
19 23861.0
20 24118.0
21 24144.0
22 25875.0
23 26281.0
24 27533.0
25 27533.0
26 27900.0
27 27900.0
28 28314.0
29 29305.0
30 30288.0
31 31775.0
32 31929.0
33 33963.0
34 33963.0
35 33963.0
36 33963.0
37 34737.0
38 36041.0
39 36041.0
40 36041.0
41 37793.0
42 37133.0
43 37602.0
44 38150.0
45 38150.0
46 38584.0
47 39296.0
48 39598.0
49 41091.0
50 41091.0
51 41091.0
52 41091.0
53 43047.0
54 41793.0
55 43945.0
56 43945.0
57 44694.0
58 43982.0
59 44022.0
60 45634.0
61 47219.0
62 45815.0
63 46371.0
64 46578.0
65 47890.0
66 47890.0
67 47890.0
68 48494.0
69 48494.0
70 48431.0
71 48655.0
72 50387.0
73 51933.0
74 51933.0
75 51933.0
76 50982.0
77 51704.0
78 51684.0
79 52194.0
80 53285.0
81 53285.0
82 53285.0
83 52632.0
84 52632.0
85 52876.0
86 53629.0
87 53629.0
88 54474.0
89 54752.0
90 54752.0
91 54997.0
92 54945.0
93 54316.0
94 55415.0
95 55415.0
96 55904.0
97 55415.0
98 57247.0
99 55929.0
100 56246.0
101 58469.0
102 57900.0
103 57541.0
104 57541.0
105 57604.0
106 57572.0
107 57572.0
108 58944.0
109 61487.0
110 61487.0
111 58575.0
112 61721.0
113 59866.0
114 59866.0
115 59498.0
116 59150.0
117 59455.0
118 60665.0
119 62388.0
120 62388.0
121 61355.0
122 61355.0
123 61355.0
124 61812.0
125 60346.0
126 62217.0
127 61656.0
128 61120.0
129 61673.0
130 61673.0
131 61453.0
132 62553.0
133 62585.0
134 63807.0
135 61894.0
136 61894.0
137 62226.0
138 62226.0
139 62561.0
140 62226.0
141 63696.0
142 63696.0
143 63800.0
144 64286.0
145 64286.0
146 64459.0
147 64459.0
148 64512.0
149 64512.0
150 63911.0
151 64019.0
152 64634.0
153 64377.0
154 64471.0
155 64471.0
156 64249.0
157 65402.0
158 65402.0
159 65402.0
160 64819.0
161 64841.0
162 66288.0
163 66288.0
164 65252.0
165 67146.0
166 65442.0
167 66510.0
168 66510.0
169 66510.0
170 66510.0
171 67339.0
172 67339.0
173 68401.0
174 68401.0
175 67028.0
176 67572.0
177 68525.0
178 68525.0
179 67659.0
180 67422.0
181 67422.0
182 67422.0
183 66630.0
184 67892.0
185 67892.0
186 67892.0
187 67892.0
188 67892.0
189 68398.0
190 67892.0
191 69157.0
192 69157.0
193 69157.0
194 68062.0
195 68062.0
196 69056.0
197 69056.0
198 69056.0
199 68806.0
200 71043.0
201 71043.0
202 71383.0
203 71402.0
204 71402.0
205 70447.0
206 70447.0
207 70447.0
208 70447.0
209 70447.0
210 70447.0
211 70447.0
212 70804.0
213 70804.0
214 71100.0
215 71100.0
216 71100.0
217 71100.0
218 70677.0
219 70593.0
220 70321.0
221 70262.0
222 70419.0
223 70419.0
224 71042.0
225 71042.0
226 70528.0
227 71022.0
228 71558.0
229 71558.0
230 71558.0
231 71022.0
232 71422.0
233 71365.0
234 71365.0
235 71365.0
236 71365.0
237 71634.0
238 71634.0
239 71634.0
240 72454.0
241 72454.0
242 72454.0
243 72217.0
244 71101.0
245 71188.0
246 73363.0
247 71034.0
248 71034.0
249 72336.0
250 72336.0
251 72336.0
252 72951.0
253 74633.0
254 74633.0
255 74633.0
256 72951.0
257 72951.0
258 72951.0
259 72951.0
260 71230.0
261 73019.0
262 72488.0
263 72379.0
264 72585.0
265 72368.0
266 72254.0
267 72407.0
268 72096.0
269 72096.0
270 72048.0
271 72342.0
272 72342.0
273 72574.0
274 72574.0
275 71986.0
276 71986.0
277 73362.0
278 73362.0
279 72970.0
280 72363.0
281 73238.0
282 73238.0
283 74022.0
284 73238.0
285 73410.0
286 73410.0
287 72905.0
288 72905.0
289 72905.0
290 73000.0
291 73227.0
292 72634.0
293 73454.0
294 73627.0
295 74287.0
296 74287.0
297 74352.0
298 73721.0
299 75092.0
300 75092.0
301 75092.0
302 75092.0
303 75092.0
304 75092.0
305 75092.0
306 74850.0
307 75078.0
308 75078.0
309 74850.0
310 74850.0
311 74850.0
312 74850.0
313 74850.0
314 74222.0
315 73466.0
316 74007.0
317 73865.0
318 73929.0
319 73929.0
320 75527.0
321 75527.0
322 74215.0
323 74732.0
324 74732.0
325 74389.0
326 73891.0
327 73891.0
328 74286.0
329 74286.0
330 73587.0
331 73888.0
332 75269.0
333 75269.0
334 75269.0
335 74147.0
336 75341.0
337 74065.0
338 73856.0
339 75601.0
340 75601.0
341 74088.0
342 76356.0
343 76356.0
344 76356.0
345 76356.0
346 76356.0
347 74447.0
348 74624.0
349 76121.0
350 76121.0
351 76121.0
352 76889.0
353 76889.0
354 76889.0
355 76889.0
356 76889.0
357 76889.0
358 76889.0
359 76889.0
360 75832.0
361 75707.0
362 75707.0
363 75147.0
364 74857.0
365 74959.0
366 74959.0
367 74850.0
368 75444.0
369 74671.0
370 74599.0
371 74599.0
372 75868.0
373 75868.0
374 75868.0
375 75528.0
376 74291.0
377 75780.0
378 75780.0
379 75780.0
380 75780.0
381 74927.0
382 74927.0
383 74927.0
384 74927.0
385 74659.0
386 74407.0
387 74604.0
388 75170.0
389 76088.0
390 76088.0
391 76088.0
392 76088.0
393 76088.0
394 75606.0
395 75222.0
396 76043.0
397 76043.0
398 75222.0
399 75989.0
400 76464.0
401 77095.0
402 77095.0
403 75989.0
404 75487.0
405 75487.0
406 74865.0
407 74865.0
408 74865.0
409 75022.0
410 74859.0
411 77459.0
412 77459.0
413 77459.0
414 77459.0
415 77459.0
416 77459.0
417 76974.0
418 76974.0
419 75503.0
420 75503.0
421 75503.0
422 75808.0
423 75808.0
424 75148.0
425 74942.0
426 76292.0
427 76292.0
428 76292.0
429 77622.0
430 77622.0
431 77622.0
432 77622.0
433 77622.0
434 77622.0
435 77622.0
436 77622.0
437 77622.0
438 77622.0
439 75843.0
440 75750.0
441 75750.0
442 76192.0
443 75993.0
444 75858.0
445 75651.0
446 76622.0
447 76622.0
448 76622.0
449 76622.0
450 75061.0
451 75061.0
452 75428.0
453 75954.0
454 75563.0
455 75421.0
456 76004.0
457 76004.0
458 76204.0
459 76351.0
460 76204.0
461 76204.0
462 76204.0
463 75567.0
464 75874.0
465 75874.0
466 75567.0
467 75567.0
468 75567.0
469 75567.0
470 75892.0
471 75892.0
472 76401.0
473 76401.0
474 76401.0
475 75721.0
476 75721.0
477 76012.0
478 75737.0
479 76291.0
480 76291.0
481 76291.0
482 76518.0
483 77153.0
484 77153.0
485 78588.0
486 78588.0
487 78588.0
488 77153.0
489 77153.0
490 75898.0
491 75898.0
492 76787.0
493 75259.0
494 75259.0
495 75259.0
496 75259.0
497 75259.0
498 75133.0
499 76482.0
500 76482.0
501 76482.0
502 75585.0
503 77338.0
504 77338.0
505 76662.0
506 76662.0
507 75822.0
508 75945.0
509 75815.0
510 75815.0
511 77569.0
512 77569.0
513 77569.0
514 77569.0
515 76582.0
516 76582.0
517 76057.0
518 76057.0
519 76057.0
520 76057.0
521 77269.0
522 77269.0
523 77269.0
524 77269.0
525 77269.0
526 77269.0
527 77403.0
528 77403.0
529 77293.0
530 77293.0
531 77633.0
532 77633.0
533 77293.0
534 77293.0
535 77293.0
536 77293.0
537 77293.0
538 77293.0
539 77293.0
540 77293.0
541 77293.0
542 77293.0
543 77293.0
544 76657.0
545 78005.0
546 78005.0
547 78005.0
548 78005.0
549 77532.0
550 77532.0
551 77532.0
552 77532.0
553 77532.0
554 76373.0
555 77535.0
556 77535.0
557 76373.0
558 76373.0
559 76373.0
560 76373.0
561 76373.0
562 77885.0
563 77885.0
564 77885.0
565 77885.0
566 78910.0
567 77699.0
568 77699.0
569 76895.0
570 77528.0
571 77528.0
572 77528.0
573 77528.0
574 76768.0
575 77676.0
576 76402.0
577 76910.0
578 76864.0
579 78128.0
580 78128.0
581 78128.0
582 76966.0
583 76966.0
584 77066.0
585 77066.0
586 77067.0
587 77067.0
588 78434.0
589 78434.0
590 78434.0
591 77783.0
592 77817.0
593 77817.0
594 77817.0
595 76495.0
596 78087.0
597 78087.0
598 78087.0
599 78087.0
600 78087.0
601 78087.0
602 78087.0
603 78087.0
604 78087.0
605 78087.0
606 78378.0
607 78378.0
608 78508.0
609 78378.0
610 78378.0
611 78087.0
612 76453.0
613 76460.0
614 76453.0
615 77310.0
616 76567.0
617 76595.0
618 77230.0
619 77910.0
620 77910.0
621 77910.0
622 77223.0
623 77223.0
624 79594.0
625 79594.0
626 79594.0
627 79594.0
628 79594.0
629 79594.0
630 79594.0
631 79594.0
632 79594.0
633 79594.0
634 79594.0
635 79594.0
636 79594.0
637 79594.0
638 79594.0
639 78943.0
640 78943.0
641 78943.0
642 78943.0
643 78943.0
644 77951.0
645 77359.0
646 77359.0
647 77075.0
648 77075.0
649 77800.0
650 77272.0
651 78354.0
652 77636.0
653 77636.0
654 77604.0
655 78544.0
656 78544.0
657 78544.0
658 78544.0
659 77228.0
660 77609.0
661 77609.0
662 77982.0
663 77927.0
664 78781.0
665 78781.0
666 78781.0
667 78781.0
668 78781.0
669 78014.0
670 78014.0
671 77712.0
672 77770.0
673 77770.0
674 77770.0
675 77770.0
676 77770.0
677 77770.0
678 78203.0
679 77770.0
680 80247.0
681 80247.0
682 80247.0
683 80247.0
684 77870.0
685 77870.0
686 77540.0
687 77540.0
688 77993.0
689 77993.0
690 77108.0
691 77982.0
692 78170.0
693 78170.0
694 76718.0
695 76876.0
696 78133.0
697 78405.0
698 78405.0
699 76903.0
700 77061.0
701 77061.0
702 77061.0
703 77061.0
704 77469.0
705 77540.0
706 78434.0
707 78434.0
708 77624.0
709 77062.0
710 77826.0
711 77937.0
712 79057.0
713 79057.0
714 79057.0
715 79057.0
716 77937.0
717 78646.0
718 77937.0
719 77381.0
720 77381.0
721 77381.0
722 77381.0
723 77381.0
724 77381.0
725 77381.0
726 77551.0
727 78254.0
728 78254.0
729 77395.0
730 77395.0
731 77647.0
732 77647.0
733 78228.0
734 77814.0
735 77647.0
736 77373.0
737 79843.0
738 77827.0
739 77894.0
740 77894.0
741 77865.0
742 80028.0
743 78295.0
744 77230.0
745 78658.0
746 78658.0
747 78658.0
748 78559.0
749 78559.0
750 79961.0
751 79961.0
752 79961.0
753 79961.0
754 79961.0
755 78219.0
756 77915.0
757 77904.0
758 78586.0
759 78586.0
760 78586.0
761 78586.0
762 78797.0
763 78797.0
764 78317.0
765 78317.0
766 78191.0
767 78191.0
768 78191.0
769 78191.0
770 79381.0
771 79381.0
772 78191.0
773 78191.0
774 78191.0
775 77718.0
776 77718.0
777 77718.0
778 78482.0
779 78162.0
780 78162.0
781 78433.0
782 78433.0
783 78433.0
784 78433.0
785 77477.0
786 78265.0
787 77255.0
788 77255.0
789 77229.0
790 77748.0
791 78499.0
792 77274.0
793 77483.0
794 78066.0
795 78771.0
796 78771.0
797 78771.0
798 78771.0
799 78850.0
800 78850.0
801 78850.0
802 78850.0
803 78850.0
804 78850.0
805 77903.0
806 77903.0
807 77781.0
808 77864.0
809 79413.0
810 78722.0
811 78722.0
812 78722.0
813 78722.0
814 78992.0
815 78992.0
816 78781.0
817 78141.0
818 78141.0
819 77550.0
820 77550.0
821 77663.0
822 77820.0
823 77745.0
824 78655.0
825 77652.0
826 77929.0
827 77929.0
828 77929.0
829 77929.0
830 77929.0
831 77678.0
832 77097.0
833 77572.0
834 77572.0
835 77655.0
836 77957.0
837 77957.0
838 78668.0
839 78668.0
840 77864.0
841 77848.0
842 77684.0
843 77963.0
844 77963.0
845 77962.0
846 77962.0
847 77962.0
848 77475.0
849 77731.0
850 77938.0
851 79033.0
852 79033.0
853 80103.0
854 80103.0
855 77948.0
856 77851.0
857 77359.0
858 77359.0
859 77359.0
860 77834.0
861 77834.0
862 77834.0
863 78247.0
864 78247.0
865 78247.0
866 78247.0
867 78392.0
868 78392.0
869 78392.0
870 78392.0
871 78392.0
872 78392.0
873 77939.0
874 77403.0
875 78325.0
876 78325.0
877 78325.0
878 78050.0
879 78050.0
880 78050.0
881 78050.0
882 77738.0
883 77609.0
884 77609.0
885 77609.0
886 77609.0
887 77411.0
888 78482.0
889 78482.0
890 77683.0
891 77349.0
892 77349.0
893 77349.0
894 77377.0
895 77947.0
896 78015.0
897 78015.0
898 78015.0
899 76849.0
900 76849.0
901 78257.0
902 78034.0
903 78034.0
904 78034.0
905 78034.0
906 78034.0
907 78034.0
908 78034.0
909 78034.0
910 78034.0
911 78034.0
912 78034.0
913 78034.0
914 78197.0
915 78197.0
916 78034.0
917 78034.0
918 78131.0
919 78412.0
920 78412.0
921 78034.0
922 77437.0
923 77437.0
924 77437.0
925 77437.0
926 77336.0
927 77336.0
928 77380.0
929 77380.0
930 77380.0
931 78016.0
932 77380.0
933 77380.0
934 77378.0
935 77378.0
936 77378.0
937 76640.0
938 77332.0
939 77332.0
940 80270.0
941 80270.0
942 80270.0
943 77267.0
944 77195.0
945 77084.0
946 77084.0
947 77092.0
948 77084.0
949 77852.0
950 77852.0
951 77852.0
952 77852.0
953 77852.0
954 78059.0
955 78256.0
956 78059.0
957 78059.0
958 78059.0
959 78059.0
960 78059.0
961 77711.0
962 77711.0
963 77647.0
964 77647.0
965 78167.0
966 78707.0
967 77647.0
968 77442.0
969 77442.0
970 77150.0
971 77216.0
972 77641.0
973 77641.0
974 78386.0
975 78386.0
976 78386.0
977 78386.0
978 78386.0
979 77095.0
980 76944.0
981 76931.0
982 76931.0
983 76931.0
984 77817.0
985 76582.0
986 77009.0
987 77702.0
988 78013.0
989 77702.0
990 79540.0
991 79540.0
992 78773.0
993 78773.0
994 79442.0
995 79442.0
996 78530.0
997 78530.0
998 77175.0
999 76762.0
1000 76762.0
1001 76676.0
1002 77155.0
1003 77155.0
1004 77298.0
1005 77632.0
1006 77298.0
1007 77155.0
1008 77155.0
1009 77155.0
1010 76447.0
1011 77083.0
1012 76988.0
1013 76988.0
1014 76988.0
1015 76988.0
1016 76988.0
1017 77608.0
1018 77866.0
1019 78087.0
1020 78087.0
1021 78087.0
1022 78087.0
1023 78087.0
1024 78087.0
1025 78228.0
1026 78228.0
1027 78228.0
1028 77321.0
1029 76887.0
1030 77150.0
1031 78116.0
1032 79036.0
1033 78965.0
1034 78561.0
1035 78561.0
1036 78561.0
1037 78561.0
1038 78561.0
1039 78561.0
1040 78561.0
1041 78235.0
1042 78235.0
1043 78235.0
1044 78251.0
1045 78182.0
1046 78182.0
1047 78600.0
1048 78600.0
1049 77970.0
1050 77970.0
1051 78266.0
1052 78266.0
1053 77970.0
1054 77970.0
1055 77970.0
1056 78530.0
1057 78530.0
1058 78901.0
1059 78901.0
1060 77937.0
1061 77400.0
1062 78321.0
1063 78321.0
1064 78037.0
1065 77926.0
1066 77926.0
1067 78161.0
1068 77718.0
1069 77718.0
1070 77158.0
1071 77158.0
1072 78147.0
1073 78147.0
1074 78147.0
1075 78147.0
1076 78147.0
1077 78147.0
1078 77827.0
1079 77829.0
1080 77829.0
1081 78099.0
1082 78099.0
1083 77714.0
1084 77714.0
1085 77733.0
1086 78424.0
1087 78424.0
1088 77733.0
1089 77282.0
1090 78005.0
1091 78005.0
1092 77951.0
1093 77729.0
1094 77729.0
1095 77395.0
1096 80012.0
1097 79052.0
1098 78150.0
1099 78150.0
1100 78150.0
1101 78134.0
1102 79269.0
1103 77384.0
1104 77384.0
1105 79043.0
1106 79043.0
1107 77716.0
1108 77716.0
1109 77829.0
1110 79193.0
1111 79193.0
1112 77716.0
1113 77716.0
1114 77716.0
1115 77371.0
1116 77461.0
1117 77860.0
1118 78011.0
1119 78011.0
1120 78634.0
1121 78179.0
1122 78179.0
1123 77583.0
1124 77583.0
1125 77201.0
1126 77201.0
1127 77974.0
1128 77623.0
1129 77390.0
1130 77390.0
1131 77313.0
1132 77651.0
1133 77313.0
1134 77383.0
1135 77383.0
1136 77383.0
1137 78389.0
1138 77313.0
1139 77313.0
1140 78516.0
1141 77807.0
1142 77313.0
1143 78165.0
1144 78165.0
1145 77905.0
1146 77947.0
1147 78265.0
1148 78265.0
1149 77947.0
1150 78049.0
1151 78049.0
1152 78049.0
1153 78049.0
1154 79169.0
1155 79130.0
1156 79130.0
1157 79130.0
1158 79130.0
1159 78716.0
1160 78716.0
1161 78716.0
1162 79395.0
1163 79395.0
1164 78561.0
1165 78561.0
1166 78561.0
1167 78561.0
1168 78561.0
1169 77642.0
1170 77839.0
1171 77839.0
1172 77884.0
1173 77844.0
1174 77839.0
1175 78513.0
1176 78124.0
1177 77590.0
1178 77885.0
1179 77862.0
1180 77327.0
1181 77732.0
1182 78424.0
1183 78424.0
1184 78424.0
1185 79096.0
1186 79096.0
1187 79396.0
1188 79396.0
1189 79396.0
1190 78432.0
1191 78432.0
1192 78281.0
1193 78281.0
1194 78056.0
1195 78056.0
1196 78068.0
1197 78068.0
1198 77964.0
1199 78101.0
1200 77964.0
1201 77964.0
1202 77964.0
1203 77964.0
1204 77964.0
1205 78840.0
1206 78987.0
1207 78730.0
1208 78730.0
1209 78730.0
1210 78730.0
1211 78730.0
1212 77848.0
1213 77848.0
1214 77420.0
1215 77420.0
1216 77297.0
1217 77788.0
1218 77411.0
1219 77927.0
1220 78648.0
1221 78648.0
1222 78648.0
1223 78648.0
1224 78272.0
1225 78272.0
1226 78272.0
1227 78272.0
1228 77927.0
1229 77563.0
1230 77495.0
1231 78425.0
1232 78425.0
1233 78425.0
1234 78425.0
1235 78425.0
1236 78425.0
1237 78425.0
1238 77615.0
1239 77615.0
1240 77756.0
1241 78279.0
1242 77845.0
1243 78510.0
1244 78510.0
1245 78628.0
1246 78510.0
1247 79594.0
1248 78119.0
1249 79131.0
1250 79131.0
1251 79131.0
1252 79131.0
1253 79131.0
1254 79131.0
1255 78139.0
1256 78055.0
1257 78055.0
1258 78220.0
1259 78257.0
1260 78257.0
1261 78257.0
1262 78257.0
1263 78257.0
1264 78257.0
1265 78257.0
1266 78645.0
1267 79061.0
1268 78731.0
1269 79401.0
1270 79401.0
1271 79401.0
1272 79401.0
1273 79401.0
1274 79401.0
1275 78104.0
1276 78043.0
1277 77668.0
1278 78597.0
1279 78597.0
1280 77691.0
1281 77691.0
1282 78209.0
1283 77602.0
1284 77602.0
1285 77602.0
1286 77602.0
1287 77207.0
1288 77400.0
1289 78412.0
1290 78412.0
1291 78412.0
1292 78412.0
1293 78606.0
1294 79577.0
1295 78606.0
1296 77843.0
1297 77547.0
1298 78207.0
1299 77547.0
1300 77578.0
1301 77547.0
1302 77490.0
1303 78550.0
1304 80328.0
1305 77736.0
1306 78096.0
1307 78096.0
1308 78196.0
1309 78196.0
1310 78196.0
1311 76904.0
1312 77076.0
1313 78862.0
1314 78862.0
1315 78862.0
1316 78862.0
1317 78366.0
1318 78366.0
1319 78366.0
1320 78366.0
1321 78366.0
1322 78623.0
1323 78623.0
1324 79301.0
1325 79301.0
1326 79301.0
1327 78588.0
1328 78588.0
1329 78588.0
1330 77903.0
1331 78240.0
1332 79462.0
1333 79462.0
1334 79462.0
1335 79462.0
1336 79462.0
1337 78329.0
1338 78329.0
1339 78329.0
1340 78256.0
1341 78256.0
1342 78596.0
1343 78256.0
1344 78256.0
1345 78256.0
1346 78256.0
1347 78256.0
1348 78033.0
1349 77592.0
1350 77592.0
1351 77784.0
1352 78144.0
1353 77784.0
1354 77784.0
1355 77784.0
1356 78065.0
1357 78481.0
1358 78887.0
1359 78604.0
1360 78604.0
1361 78604.0
1362 78604.0
1363 78604.0
1364 78604.0
1365 78604.0
1366 78762.0
1367 79968.0
1368 77667.0
1369 77857.0
1370 78361.0
1371 78361.0
1372 78361.0
1373 78335.0
1374 77524.0
1375 77677.0
1376 77854.0
1377 77854.0
1378 78670.0
1379 78670.0
1380 78444.0
1381 78444.0
1382 77869.0
1383 77869.0
1384 79265.0
1385 77494.0
1386 78043.0
1387 77356.0
1388 77680.0
1389 78051.0
1390 78051.0
1391 78051.0
1392 77680.0
1393 77680.0
1394 77680.0
1395 77680.0
1396 77647.0
1397 77647.0
1398 78107.0
1399 78220.0
1400 78220.0
1401 78220.0
1402 78107.0
1403 78107.0
1404 77453.0
1405 77990.0
1406 78425.0
1407 78425.0
1408 78056.0
1409 78056.0
1410 78056.0
1411 79318.0
1412 78056.0
1413 78056.0
1414 78069.0
1415 78069.0
1416 78763.0
1417 78056.0
1418 78056.0
1419 77743.0
1420 77580.0
1421 77891.0
1422 77705.0
1423 77492.0
1424 78366.0
1425 78366.0
1426 78366.0
1427 77801.0
1428 78178.0
1429 78178.0
1430 77801.0
1431 77801.0
1432 77608.0
1433 77917.0
1434 77917.0
1435 78166.0
1436 78166.0
1437 78166.0
1438 78983.0
1439 78166.0
1440 78166.0
1441 77917.0
1442 77917.0
1443 77917.0
1444 77558.0
1445 77558.0
1446 77073.0
1447 77073.0
1448 79561.0
1449 78621.0
1450 78621.0
1451 78172.0
1452 77635.0
1453 77469.0
1454 77469.0
1455 77095.0
1456 77095.0
1457 77208.0
1458 77624.0
1459 77582.0
1460 77582.0
1461 77582.0
1462 77343.0
1463 77343.0
1464 77343.0
1465 79337.0
1466 79337.0
1467 79337.0
1468 79337.0
1469 79337.0
1470 77731.0
1471 77522.0
1472 77522.0
1473 77522.0
1474 77522.0
1475 77522.0
1476 77440.0
1477 77958.0
1478 77958.0
1479 77958.0
1480 77958.0
1481 77402.0
1482 77739.0
1483 77739.0
1484 77810.0
1485 77896.0
1486 77896.0
1487 77896.0
1488 77809.0
1489 77239.0
1490 77503.0
1491 77836.0
1492 78037.0
1493 78037.0
1494 78037.0
1495 78037.0
1496 78037.0
1497 78624.0
1498 78594.0
1499 78594.0
1500 78594.0
1501 78492.0
1502 78492.0
1503 78492.0
1504 79329.0
1505 79329.0
1506 79329.0
1507 79329.0
1508 79329.0
1509 79329.0
1510 79329.0
1511 79329.0
1512 78490.0
1513 78490.0
1514 78490.0
1515 78409.0
1516 78409.0
1517 78902.0
1518 78902.0
1519 78065.0
1520 78393.0
1521 78393.0
1522 78393.0
1523 78393.0
1524 77821.0
1525 77821.0
1526 77821.0
1527 77913.0
1528 77821.0
1529 78379.0
1530 78508.0
1531 78379.0
1532 79023.0
1533 78379.0
1534 79137.0
1535 78183.0
1536 78183.0
1537 78514.0
1538 79233.0
1539 79233.0
1540 79233.0
1541 79233.0
1542 79233.0
1543 79233.0
1544 79233.0
1545 80136.0
1546 80136.0
1547 79233.0
1548 79233.0
1549 79233.0
1550 80441.0
1551 79389.0
1552 78502.0
1553 79166.0
1554 78791.0
1555 79648.0
1556 79648.0
1557 79648.0
1558 78502.0
1559 78502.0
1560 78502.0
1561 78254.0
1562 78507.0
1563 78560.0
1564 78275.0
1565 79084.0
1566 78452.0
1567 78452.0
1568 78229.0
1569 78482.0
1570 78482.0
1571 79160.0
1572 79160.0
1573 79160.0
1574 79160.0
1575 79160.0
1576 80107.0
1577 78553.0
1578 78553.0
1579 79383.0
1580 79383.0
1581 78472.0
1582 78131.0
1583 78131.0
1584 78131.0
1585 77977.0
1586 78209.0
1587 78523.0
1588 78209.0
1589 78892.0
1590 78892.0
1591 78892.0
1592 78892.0
1593 78892.0
1594 78099.0
1595 78055.0
1596 78265.0
1597 78216.0
1598 78115.0
1599 78543.0
1600 78543.0
1601 78543.0
1602 78668.0
1603 79620.0
1604 79424.0
1605 79424.0
1606 79424.0
1607 78621.0
1608 78621.0
1609 78621.0
1610 78882.0
1611 77969.0
1612 77969.0
1613 78015.0
1614 77969.0
1615 79280.0
1616 78096.0
1617 78952.0
1618 77581.0
1619 78156.0
1620 78156.0
1621 78156.0
1622 78974.0
1623 79370.0
1624 79370.0
1625 78974.0
1626 77627.0
1627 79115.0
1628 79115.0
1629 79115.0
1630 79115.0
1631 79115.0
1632 78135.0
1633 78135.0
1634 78880.0
1635 78880.0
1636 78880.0
1637 77340.0
1638 77435.0
1639 78374.0
1640 79664.0
1641 78374.0
1642 77427.0
1643 77590.0
1644 77427.0
1645 77851.0
1646 78425.0
1647 77875.0
1648 78345.0
1649 78549.0
1650 78549.0
1651 78727.0
1652 78668.0
1653 78668.0
1654 77280.0
1655 77280.0
1656 78584.0
1657 78584.0
1658 79915.0
1659 79915.0
1660 79915.0
1661 79915.0
1662 79915.0
1663 79915.0
1664 79915.0
1665 79915.0
1666 79915.0
1667 79915.0
1668 79734.0
1669 79734.0
1670 79734.0
1671 79734.0
1672 79734.0
1673 79734.0
1674 79734.0
1675 79734.0
1676 79734.0
1677 79734.0
1678 79734.0
1679 77898.0
1680 78596.0
1681 78596.0
1682 77898.0
1683 78089.0
1684 78954.0
1685 78693.0
1686 78923.0
1687 78923.0
1688 78923.0
1689 79336.0
1690 79336.0
1691 79336.0
1692 78573.0
1693 78027.0
1694 78879.0
1695 78879.0
1696 78915.0
1697 78915.0
1698 78572.0
1699 78572.0
1700 78572.0
1701 78572.0
1702 78572.0
1703 78572.0
1704 79470.0
1705 78359.0
1706 78254.0
1707 78254.0
1708 78767.0
1709 78767.0
1710 78767.0
1711 78767.0
1712 78767.0
1713 78767.0
1714 78728.0
1715 78233.0
1716 77971.0
1717 79969.0
1718 79969.0
1719 78608.0
1720 78536.0
1721 78536.0
1722 78663.0
1723 78746.0
1724 78944.0
1725 78944.0
1726 78944.0
1727 78944.0
1728 78944.0
1729 77931.0
1730 78539.0
1731 78418.0
1732 78043.0
1733 78043.0
1734 78218.0
1735 78218.0
1736 77893.0
1737 77893.0
1738 77893.0
1739 77893.0
1740 77893.0
1741 79230.0
1742 78999.0
1743 78999.0
1744 78914.0
1745 78914.0
1746 78914.0
1747 78914.0
1748 77620.0
1749 78009.0
1750 78681.0
1751 79228.0
1752 78681.0
1753 78681.0
1754 77812.0
1755 77812.0
1756 77812.0
1757 77812.0
1758 77499.0
1759 76940.0
1760 77489.0
1761 77489.0
1762 77329.0
1763 78151.0
1764 78151.0
1765 79556.0
1766 79556.0
1767 79556.0
1768 79046.0
1769 79046.0
1770 77737.0
1771 78081.0
1772 78081.0
1773 78081.0
1774 79315.0
1775 79315.0
1776 79142.0
1777 78470.0
1778 78470.0
1779 78470.0
1780 78470.0
1781 78470.0
1782 77518.0
1783 77518.0
1784 77518.0
1785 77998.0
1786 78297.0
1787 78256.0
1788 78256.0
1789 78696.0
1790 79175.0
1791 79175.0
1792 79175.0
1793 79175.0
1794 79175.0
1795 78097.0
1796 78097.0
1797 78097.0
1798 77960.0
1799 77960.0
1800 78487.0
1801 79039.0
1802 79039.0
1803 79039.0
1804 78127.0
1805 78086.0
1806 78086.0
1807 79154.0
1808 79154.0
1809 79154.0
1810 79154.0
1811 78094.0
1812 78094.0
1813 78094.0
1814 78094.0
1815 78094.0
1816 78094.0
1817 78094.0
1818 78063.0
1819 78063.0
1820 78063.0
1821 78406.0
1822 78599.0
1823 78406.0
1824 78544.0
1825 78544.0
1826 78650.0
1827 78650.0
1828 78882.0
1829 78882.0
1830 78882.0
1831 77962.0
1832 80495.0
1833 80495.0
1834 80495.0
1835 79281.0
1836 78216.0
1837 78399.0
1838 78476.0
1839 77873.0
1840 78516.0
1841 78516.0
1842 77938.0
1843 78004.0
1844 78445.0
1845 78220.0
1846 78382.0
1847 77954.0
1848 77954.0
1849 78097.0
1850 79053.0
1851 77539.0
1852 79413.0
1853 79413.0
1854 79825.0
1855 79825.0
1856 79825.0
1857 79825.0
1858 79825.0
1859 79825.0
1860 79825.0
1861 79825.0
1862 78278.0
1863 78278.0
1864 78278.0
1865 78278.0
1866 78278.0
1867 78278.0
1868 78811.0
1869 78811.0
1870 78811.0
1871 78811.0
1872 78811.0
1873 78811.0
1874 78811.0
1875 78811.0
1876 78811.0
1877 78811.0
1878 78196.0
1879 77109.0
1880 78957.0
1881 78957.0
1882 78957.0
1883 77830.0
1884 77830.0
1885 78368.0
1886 78368.0
1887 78368.0
1888 78368.0
1889 77527.0
1890 78207.0
1891 77602.0
1892 77337.0
1893 78182.0
1894 77450.0
1895 77579.0
1896 77579.0
1897 77852.0
1898 78171.0
1899 78171.0
1900 77953.0
1901 77541.0
1902 77541.0
1903 78091.0
1904 78091.0
1905 78679.0
1906 78679.0
1907 79314.0
1908 79314.0
1909 78106.0
1910 79037.0
1911 79037.0
1912 79037.0
1913 79037.0
1914 78366.0
1915 78366.0
1916 78366.0
1917 78366.0
1918 78345.0
1919 78472.0
1920 79776.0
1921 79776.0
1922 78472.0
1923 78897.0
1924 78897.0
1925 80426.0
1926 78566.0
1927 78566.0
1928 79188.0
1929 78934.0
1930 78934.0
1931 78934.0
1932 78934.0
1933 78566.0
1934 78566.0
1935 78834.0
1936 78834.0
1937 78786.0
1938 79105.0
1939 78944.0
1940 78944.0
1941 78944.0
1942 78786.0
1943 78404.0
1944 78356.0
1945 78356.0
1946 78057.0
1947 78814.0
1948 78533.0
1949 78533.0
1950 78022.0
1951 78565.0
1952 78598.0
1953 78565.0
1954 78565.0
1955 78723.0
1956 78723.0
1957 79997.0
1958 79997.0
1959 79997.0
1960 79997.0
1961 79997.0
1962 79997.0
1963 79997.0
1964 79265.0
1965 78723.0
1966 78723.0
1967 78723.0
1968 78723.0
1969 78723.0
1970 78723.0
1971 78723.0
1972 78723.0
1973 77583.0
1974 77788.0
1975 77788.0
1976 77788.0
1977 77788.0
1978 78770.0
1979 78770.0
1980 78625.0
1981 78101.0
1982 77931.0
1983 77869.0
1984 77574.0
1985 77413.0
1986 77341.0
1987 77565.0
1988 78073.0
1989 78073.0
1990 77898.0
1991 77898.0
1992 79132.0
1993 78264.0
1994 78264.0
1995 78264.0
1996 78264.0
1997 78264.0
1998 78652.0
1999 78652.0
2000 78652.0
