0 4895.0
1 5120.0
2 5480.0
3 5480.0
4 6243.0
5 6769.0
6 7312.0
7 7128.0
8 7715.0
9 7801.0
10 7945.0
11 8376.0
12 8797.0
13 8797.0
14 8734.0
15 9385.0
16 9459.0
17 9450.0
18 9558.0
19 10149.0
20 10096.0
21 10105.0
22 10413.0
23 10535.0
24 10871.0
25 10871.0
26 10946.0
27 11160.0
28 11160.0
29 11160.0
30 11160.0
31 11329.0
32 11329.0
33 11329.0
34 11378.0
35 11763.0
36 11763.0
37 11763.0
38 11877.0
39 11877.0
40 11746.0
41 12162.0
42 12162.0
43 12022.0
44 12108.0
45 12185.0
46 12158.0
47 12158.0
48 12147.0
49 12315.0
50 12023.0
51 12154.0
52 12359.0
53 12359.0
54 12359.0
55 12490.0
56 12490.0
57 12490.0
58 12622.0
59 12622.0
60 12962.0
61 12639.0
62 12615.0
63 12651.0
64 12627.0
65 12699.0
66 12627.0
67 12627.0
68 12749.0
69 12880.0
70 12880.0
71 12880.0
72 12909.0
73 12909.0
74 12909.0
75 12910.0
76 12915.0
77 12915.0
78 13179.0
79 13312.0
80 13346.0
81 12965.0
82 13108.0
83 13116.0
84 13109.0
85 13103.0
86 13230.0
87 13230.0
88 13343.0
89 13230.0
90 13230.0
91 13230.0
92 13230.0
93 13195.0
94 13190.0
95 13190.0
96 13190.0
97 13190.0
98 13191.0
99 13191.0
100 13191.0
101 13191.0
102 13191.0
103 13195.0
104 13195.0
105 13195.0
106 13195.0
107 13195.0
108 13195.0
109 13195.0
110 13195.0
111 13195.0
112 13195.0
113 13195.0
114 13195.0
115 13195.0
116 13197.0
117 13197.0
118 13197.0
119 13197.0
120 13197.0
121 13197.0
122 13197.0
123 13197.0
124 13197.0
125 13197.0
126 13197.0
127 13197.0
128 13197.0
129 13197.0
130 13197.0
131 13197.0
132 13197.0
133 13197.0
134 13197.0
135 13197.0
136 13197.0
137 13197.0
138 13197.0
139 13197.0
140 13197.0
141 13197.0
142 13197.0
143 13197.0
144 13212.0
145 13212.0
146 13266.0
147 13266.0
148 13266.0
149 13266.0
150 13266.0
151 13266.0
152 13266.0
153 13266.0
154 13266.0
155 13266.0
156 13266.0
157 13266.0
158 13266.0
159 13266.0
160 13266.0
161 13266.0
162 13287.0
163 13266.0
164 13266.0
165 13266.0
166 13266.0
167 13266.0
168 13266.0
169 13266.0
170 13266.0
171 13266.0
172 13266.0
173 13266.0
174 13266.0
175 13266.0
176 13266.0
177 13266.0
178 13266.0
179 13266.0
180 13266.0
181 13266.0
182 13266.0
183 13266.0
184 13287.0
185 13287.0
186 13287.0
187 13287.0
188 13287.0
189 13287.0
190 13287.0
191 13287.0
192 13287.0
193 13287.0
194 13287.0
195 13287.0
196 13287.0
197 13287.0
198 13287.0
199 13287.0
200 13287.0
201 13287.0
202 13287.0
203 13287.0
204 13287.0
205 13287.0
206 13287.0
207 13287.0
208 13287.0
209 13287.0
210 13287.0
211 13287.0
212 13287.0
213 13287.0
214 13287.0
215 13287.0
216 13287.0
217 13287.0
218 13287.0
219 13287.0
220 13287.0
221 13287.0
222 13287.0
223 13287.0
224 13287.0
225 13287.0
226 13287.0
227 13287.0
228 13287.0
229 13287.0
230 13287.0
231 13287.0
232 13294.0
233 13294.0
234 13294.0
235 13294.0
236 13287.0
237 13287.0
238 13287.0
239 13287.0
240 13287.0
241 13287.0
242 13287.0
243 13287.0
244 13287.0
245 13287.0
246 13287.0
247 13287.0
248 13287.0
249 13287.0
250 13287.0
251 13287.0
252 13287.0
253 13287.0
254 13287.0
255 13287.0
256 13287.0
257 13287.0
258 13287.0
259 13287.0
260 13287.0
261 13287.0
262 13287.0
263 13287.0
264 13287.0
265 13287.0
266 13287.0
267 13287.0
268 13287.0
269 13287.0
270 13287.0
271 13287.0
272 13287.0
273 13287.0
274 13287.0
275 13287.0
276 13287.0
277 13287.0
278 13287.0
279 13287.0
280 13287.0
281 13287.0
282 13287.0
283 13287.0
284 13287.0
285 13287.0
286 13287.0
287 13287.0
288 13287.0
289 13287.0
290 13287.0
291 13287.0
292 13287.0
293 13287.0
294 13287.0
295 13287.0
296 13287.0
297 13287.0
298 13287.0
299 13287.0
300 13287.0
301 13287.0
302 13287.0
303 13287.0
304 13287.0
305 13287.0
306 13287.0
307 13287.0
308 13287.0
309 13287.0
310 13287.0
311 13287.0
312 13287.0
313 13287.0
314 13287.0
315 13287.0
316 13287.0
317 13287.0
318 13287.0
319 13287.0
320 13287.0
321 13287.0
322 13287.0
323 13287.0
324 13287.0
325 13287.0
326 13287.0
327 13287.0
328 13287.0
329 13287.0
330 13287.0
331 13287.0
332 13287.0
333 13287.0
334 13287.0
335 13287.0
336 13287.0
337 13287.0
338 13287.0
339 13287.0
340 13287.0
341 13287.0
342 13287.0
343 13287.0
344 13287.0
345 13287.0
346 13287.0
347 13287.0
348 13287.0
349 13287.0
350 13287.0
351 13287.0
352 13287.0
353 13287.0
354 13287.0
355 13287.0
356 13287.0
357 13287.0
358 13287.0
359 13287.0
360 13287.0
361 13287.0
362 13287.0
363 13305.0
364 13305.0
365 13305.0
366 13305.0
367 13305.0
368 13305.0
369 13305.0
370 13305.0
371 13305.0
372 13305.0
373 13305.0
374 13305.0
375 13305.0
376 13305.0
377 13305.0
378 13305.0
379 13305.0
380 13305.0
381 13305.0
382 13305.0
383 13305.0
384 13305.0
385 13305.0
386 13305.0
387 13305.0
388 13305.0
389 13305.0
390 13305.0
391 13305.0
392 13305.0
393 13305.0
394 13305.0
395 13305.0
396 13305.0
397 13305.0
398 13305.0
399 13305.0
400 13305.0
401 13305.0
402 13305.0
403 13305.0
404 13305.0
405 13305.0
406 13305.0
407 13305.0
408 13305.0
409 13305.0
410 13305.0
411 13305.0
412 13305.0
413 13305.0
414 13305.0
415 13325.0
416 13305.0
417 13305.0
418 13305.0
419 13305.0
420 13305.0
421 13305.0
422 13305.0
423 13305.0
424 13305.0
425 13305.0
426 13305.0
427 13305.0
428 13305.0
429 13305.0
430 13305.0
431 13305.0
432 13305.0
433 13305.0
434 13305.0
435 13305.0
436 13305.0
437 13305.0
438 13305.0
439 13325.0
440 13305.0
441 13305.0
442 13305.0
443 13305.0
444 13305.0
445 13305.0
446 13305.0
447 13305.0
448 13305.0
449 13305.0
450 13305.0
451 13305.0
452 13305.0
453 13305.0
454 13305.0
455 13305.0
456 13305.0
457 13305.0
458 13305.0
459 13305.0
460 13305.0
461 13305.0
462 13305.0
463 13305.0
464 13305.0
465 13305.0
466 13305.0
467 13305.0
468 13305.0
469 13305.0
470 13305.0
471 13305.0
472 13305.0
473 13305.0
474 13305.0
475 13305.0
476 13305.0
477 13305.0
478 13305.0
479 13305.0
480 13305.0
481 13305.0
482 13305.0
483 13305.0
484 13305.0
485 13305.0
486 13305.0
487 13305.0
488 13305.0
489 13305.0
490 13305.0
491 13305.0
492 13305.0
493 13305.0
494 13305.0
495 13305.0
496 13305.0
497 13305.0
498 13305.0
499 13305.0
500 13305.0
