0 5191.0
1 5611.0
2 6151.0
3 7609.0
4 7648.0
5 10039.0
6 10039.0
7 10039.0
8 12037.0
9 9949.0
10 10560.0
11 11246.0
12 11246.0
13 11310.0
14 12439.0
15 12611.0
16 12611.0
17 12439.0
18 12255.0
19 14287.0
20 14560.0
21 14560.0
22 14524.0
23 14753.0
24 14753.0
25 15165.0
26 15165.0
27 15165.0
28 15388.0
29 15388.0
30 15388.0
31 15383.0
32 16346.0
33 16744.0
34 16620.0
35 16620.0
36 17503.0
37 17503.0
38 17503.0
39 17717.0
40 17848.0
41 17717.0
42 18083.0
43 18043.0
44 18857.0
45 18638.0
46 18638.0
47 18638.0
48 19951.0
49 19366.0
50 20649.0
51 18810.0
52 19088.0
53 20281.0
54 20281.0
55 20176.0
56 21455.0
57 21455.0
58 21066.0
59 21066.0
60 20663.0
61 22008.0
62 22008.0
63 22008.0
64 22008.0
65 22609.0
66 22609.0
67 22609.0
68 22609.0
69 22609.0
70 22609.0
71 22609.0
72 22806.0
73 22864.0
74 22864.0
75 23680.0
76 23249.0
77 23249.0
78 22945.0
79 22945.0
80 22772.0
81 22772.0
82 22941.0
83 23263.0
84 23198.0
85 23768.0
86 23768.0
87 23847.0
88 24220.0
89 24741.0
90 24741.0
91 24480.0
92 24440.0
93 24440.0
94 24458.0
95 24710.0
96 24745.0
97 25130.0
98 25061.0
99 25061.0
100 25172.0
101 25415.0
102 25458.0
103 25172.0
104 25379.0
105 25379.0
106 25379.0
107 25599.0
108 25476.0
109 25560.0
110 25884.0
111 26024.0
112 26024.0
113 26024.0
114 25909.0
115 25886.0
116 25886.0
117 25886.0
118 26711.0
119 26765.0
120 26236.0
121 26236.0
122 26507.0
123 26737.0
124 26737.0
125 26997.0
126 27109.0
127 26966.0
128 26966.0
129 27101.0
130 28702.0
131 28930.0
132 28930.0
133 28930.0
134 28234.0
135 28234.0
136 28234.0
137 28097.0
138 28262.0
139 28262.0
140 28284.0
141 28702.0
142 28702.0
143 28567.0
144 28565.0
145 28715.0
146 28698.0
147 28738.0
148 28770.0
149 28770.0
150 28770.0
151 28930.0
152 28944.0
153 28944.0
154 28931.0
155 29187.0
156 29187.0
157 29187.0
158 29187.0
159 29187.0
160 29187.0
161 29187.0
162 29204.0
163 29204.0
164 29204.0
165 29204.0
166 29204.0
167 29204.0
168 29204.0
169 29204.0
170 29204.0
171 29204.0
172 29204.0
173 29204.0
174 29204.0
175 29204.0
176 29204.0
177 29204.0
178 29204.0
179 29204.0
180 29204.0
181 29204.0
182 29204.0
183 29204.0
184 29204.0
185 29204.0
186 29204.0
187 29204.0
188 29204.0
189 29204.0
190 29204.0
191 29204.0
192 29204.0
193 29204.0
194 29204.0
195 29204.0
196 29204.0
197 29204.0
198 29204.0
199 29204.0
200 29204.0
201 29204.0
202 29204.0
203 29204.0
204 29204.0
205 29204.0
206 29204.0
207 29204.0
208 29204.0
209 29204.0
210 29204.0
211 29204.0
212 29204.0
213 29204.0
214 29204.0
215 29204.0
216 29204.0
217 29204.0
218 29204.0
219 29204.0
220 29204.0
221 29204.0
222 29204.0
223 29204.0
224 29204.0
225 29204.0
226 29204.0
227 29204.0
228 29204.0
229 29204.0
230 29204.0
231 29204.0
232 29204.0
233 29204.0
234 29204.0
235 29204.0
236 29204.0
237 29204.0
238 29204.0
239 29204.0
240 29204.0
241 29204.0
242 29204.0
243 29204.0
244 29204.0
245 29204.0
246 29204.0
247 29204.0
248 29204.0
249 29204.0
250 29204.0
251 29204.0
252 29204.0
253 29204.0
254 29204.0
255 29204.0
256 29204.0
257 29204.0
258 29204.0
259 29204.0
260 29204.0
261 29204.0
262 29204.0
263 29204.0
264 29204.0
265 29204.0
266 29204.0
267 29204.0
268 29204.0
269 29204.0
270 29204.0
271 29204.0
272 29204.0
273 29204.0
274 29204.0
275 29204.0
276 29204.0
277 29204.0
278 29204.0
279 29204.0
280 29204.0
281 29204.0
282 29204.0
283 29204.0
284 29204.0
285 29204.0
286 29204.0
287 29204.0
288 29204.0
289 29204.0
290 29204.0
291 29204.0
292 29204.0
293 29204.0
294 29204.0
295 29204.0
296 29204.0
297 29204.0
298 29204.0
299 29204.0
300 29204.0
301 29204.0
302 29204.0
303 29204.0
304 29204.0
305 29204.0
306 29204.0
307 29204.0
308 29204.0
309 29204.0
310 29204.0
311 29204.0
312 29204.0
313 29204.0
314 29204.0
315 29204.0
316 29204.0
317 29204.0
318 29204.0
319 29204.0
320 29204.0
321 29204.0
322 29204.0
323 29204.0
324 29204.0
325 29204.0
326 29204.0
327 29204.0
328 29204.0
329 29204.0
330 29204.0
331 29204.0
332 29204.0
333 29204.0
334 29204.0
335 29204.0
336 29204.0
337 29204.0
338 29204.0
339 29204.0
340 29204.0
341 29204.0
342 29204.0
343 29204.0
344 29204.0
345 29204.0
346 29204.0
347 29204.0
348 29204.0
349 29204.0
350 29204.0
351 29204.0
352 29204.0
353 29204.0
354 29204.0
355 29204.0
356 29204.0
357 29204.0
358 29204.0
359 29204.0
360 29204.0
361 29204.0
362 29204.0
363 29204.0
364 29204.0
365 29204.0
366 29204.0
367 29204.0
368 29204.0
369 29204.0
370 29204.0
371 29204.0
372 29204.0
373 29204.0
374 29204.0
375 29204.0
376 29204.0
377 29204.0
378 29204.0
379 29204.0
380 29204.0
381 29204.0
382 29204.0
383 29204.0
384 29204.0
385 29204.0
386 29204.0
387 29204.0
388 29204.0
389 29204.0
390 29204.0
391 29204.0
392 29204.0
393 29204.0
394 29204.0
395 29204.0
396 29204.0
397 29204.0
398 29204.0
399 29204.0
400 29204.0
401 29204.0
402 29204.0
403 29204.0
404 29204.0
405 29204.0
406 29204.0
407 29204.0
408 29204.0
409 29204.0
410 29204.0
411 29204.0
412 29204.0
413 29204.0
414 29204.0
415 29204.0
416 29204.0
417 29204.0
418 29204.0
419 29204.0
420 29204.0
421 29204.0
422 29204.0
423 29204.0
424 29204.0
425 29204.0
426 29204.0
427 29204.0
428 29204.0
429 29204.0
430 29204.0
431 29204.0
432 29204.0
433 29204.0
434 29204.0
435 29204.0
436 29204.0
437 29204.0
438 29204.0
439 29204.0
440 29204.0
441 29204.0
442 29204.0
443 29204.0
444 29204.0
445 29204.0
446 29204.0
447 29204.0
448 29204.0
449 29204.0
450 29204.0
451 29204.0
452 29204.0
453 29204.0
454 29204.0
455 29204.0
456 29204.0
457 29204.0
458 29204.0
459 29204.0
460 29204.0
461 29204.0
462 29204.0
463 29204.0
464 29204.0
465 29204.0
466 29204.0
467 29204.0
468 29204.0
469 29204.0
470 29204.0
471 29204.0
472 29204.0
473 29204.0
474 29204.0
475 29204.0
476 29204.0
477 29204.0
478 29204.0
479 29204.0
480 29204.0
481 29204.0
482 29204.0
483 29204.0
484 29204.0
485 29204.0
486 29204.0
487 29204.0
488 29204.0
489 29204.0
490 29204.0
491 29204.0
492 29204.0
493 29204.0
494 29204.0
495 29204.0
496 29204.0
497 29204.0
498 29204.0
499 29204.0
500 29204.0
501 29204.0
502 29204.0
503 29204.0
504 29204.0
505 29204.0
506 29204.0
507 29204.0
508 29204.0
509 29204.0
510 29204.0
511 29204.0
512 29204.0
513 29204.0
514 29204.0
515 29204.0
516 29204.0
517 29204.0
518 29204.0
519 29204.0
520 29204.0
521 29204.0
522 29204.0
523 29204.0
524 29204.0
525 29204.0
526 29204.0
527 29204.0
528 29204.0
529 29204.0
530 29204.0
531 29204.0
532 29204.0
533 29204.0
534 29204.0
535 29204.0
536 29204.0
537 29204.0
538 29204.0
539 29204.0
540 29204.0
541 29204.0
542 29204.0
543 29204.0
544 29204.0
545 29204.0
546 29204.0
547 29204.0
548 29204.0
549 29204.0
550 29204.0
551 29204.0
552 29204.0
553 29204.0
554 29204.0
555 29204.0
556 29204.0
557 29204.0
558 29204.0
559 29204.0
560 29204.0
561 29204.0
562 29204.0
563 29204.0
564 29204.0
565 29204.0
566 29204.0
567 29204.0
568 29204.0
569 29204.0
570 29204.0
571 29204.0
572 29204.0
573 29204.0
574 29204.0
575 29204.0
576 29204.0
577 29204.0
578 29204.0
579 29204.0
580 29204.0
581 29204.0
582 29204.0
583 29204.0
584 29204.0
585 29204.0
586 29204.0
587 29204.0
588 29204.0
589 29204.0
590 29204.0
591 29204.0
592 29204.0
593 29204.0
594 29204.0
595 29204.0
596 29204.0
597 29204.0
598 29204.0
599 29204.0
600 29204.0
601 29204.0
602 29204.0
603 29204.0
604 29204.0
605 29204.0
606 29204.0
607 29204.0
608 29204.0
609 29204.0
610 29204.0
611 29204.0
612 29204.0
613 29204.0
614 29204.0
615 29204.0
616 29204.0
617 29204.0
618 29204.0
619 29204.0
620 29204.0
621 29204.0
622 29204.0
623 29204.0
624 29204.0
625 29204.0
626 29204.0
627 29204.0
628 29204.0
629 29204.0
630 29204.0
631 29204.0
632 29204.0
633 29204.0
634 29204.0
635 29204.0
636 29204.0
637 29204.0
638 29204.0
639 29204.0
640 29204.0
641 29204.0
642 29204.0
643 29204.0
644 29204.0
645 29204.0
646 29204.0
647 29204.0
648 29204.0
649 29204.0
650 29204.0
651 29204.0
652 29204.0
653 29204.0
654 29204.0
655 29204.0
656 29204.0
657 29204.0
658 29204.0
659 29204.0
660 29204.0
661 29204.0
662 29204.0
663 29204.0
664 29204.0
665 29204.0
666 29204.0
667 29204.0
668 29204.0
669 29204.0
670 29204.0
671 29204.0
672 29204.0
673 29204.0
674 29204.0
675 29204.0
676 29204.0
677 29204.0
678 29204.0
679 29204.0
680 29204.0
681 29204.0
682 29204.0
683 29204.0
684 29204.0
685 29204.0
686 29204.0
687 29204.0
688 29204.0
689 29204.0
690 29204.0
691 29204.0
692 29204.0
693 29204.0
694 29204.0
695 29204.0
696 29204.0
697 29204.0
698 29204.0
699 29204.0
700 29204.0
701 29204.0
702 29204.0
703 29204.0
704 29204.0
705 29204.0
706 29204.0
707 29204.0
708 29204.0
709 29204.0
710 29204.0
711 29204.0
712 29204.0
713 29204.0
714 29204.0
715 29204.0
716 29204.0
717 29204.0
718 29204.0
719 29204.0
720 29204.0
721 29204.0
722 29204.0
723 29204.0
724 29204.0
725 29204.0
726 29204.0
727 29204.0
728 29286.0
729 29286.0
730 29286.0
731 29286.0
732 29316.0
733 29316.0
734 29316.0
735 29316.0
736 29316.0
737 29316.0
738 29316.0
739 29316.0
740 29316.0
741 29316.0
742 29316.0
743 29316.0
744 29316.0
745 29316.0
746 29316.0
747 29316.0
748 29316.0
749 29316.0
750 29316.0
751 29316.0
752 29316.0
753 29316.0
754 29316.0
755 29316.0
756 29316.0
757 29316.0
758 29316.0
759 29316.0
760 29316.0
761 29316.0
762 29316.0
763 29316.0
764 29316.0
765 29316.0
766 29316.0
767 29316.0
768 29316.0
769 29316.0
770 29316.0
771 29316.0
772 29316.0
773 29316.0
774 29316.0
775 29316.0
776 29316.0
777 29316.0
778 29316.0
779 29316.0
780 29316.0
781 29316.0
782 29316.0
783 29316.0
784 29316.0
785 29316.0
786 29316.0
787 29316.0
788 29316.0
789 29316.0
790 29316.0
791 29316.0
792 29316.0
793 29316.0
794 29316.0
795 29316.0
796 29316.0
797 29316.0
798 29316.0
799 29316.0
800 29316.0
801 29316.0
802 29316.0
803 29316.0
804 29316.0
805 29316.0
806 29316.0
807 29316.0
808 29316.0
809 29316.0
810 29316.0
811 29316.0
812 29316.0
813 29316.0
814 29316.0
815 29316.0
816 29316.0
817 29316.0
818 29316.0
819 29316.0
820 29316.0
821 29316.0
822 29316.0
823 29316.0
824 29316.0
825 29316.0
826 29316.0
827 29316.0
828 29316.0
829 29316.0
830 29316.0
831 29316.0
832 29316.0
833 29316.0
834 29316.0
835 29316.0
836 29316.0
837 29316.0
838 29316.0
839 29316.0
840 29316.0
841 29316.0
842 29316.0
843 29316.0
844 29316.0
845 29316.0
846 29316.0
847 29316.0
848 29316.0
849 29316.0
850 29316.0
851 29316.0
852 29316.0
853 29316.0
854 29316.0
855 29316.0
856 29316.0
857 29316.0
858 29316.0
859 29316.0
860 29316.0
861 29316.0
862 29316.0
863 29316.0
864 29316.0
865 29316.0
866 29316.0
867 29316.0
868 29316.0
869 29316.0
870 29316.0
871 29316.0
872 29316.0
873 29316.0
874 29316.0
875 29316.0
876 29316.0
877 29316.0
878 29316.0
879 29316.0
880 29316.0
881 29316.0
882 29316.0
883 29316.0
884 29316.0
885 29316.0
886 29316.0
887 29316.0
888 29316.0
889 29316.0
890 29316.0
891 29316.0
892 29316.0
893 29316.0
894 29316.0
895 29316.0
896 29316.0
897 29316.0
898 29316.0
899 29316.0
900 29316.0
901 29316.0
902 29316.0
903 29316.0
904 29316.0
905 29316.0
906 29316.0
907 29316.0
908 29316.0
909 29316.0
910 29316.0
911 29316.0
912 29316.0
913 29316.0
914 29316.0
915 29316.0
916 29316.0
917 29316.0
918 29316.0
919 29316.0
920 29316.0
921 29316.0
922 29316.0
923 29316.0
924 29316.0
925 29316.0
926 29316.0
927 29316.0
928 29316.0
929 29316.0
930 29316.0
931 29316.0
932 29316.0
933 29316.0
934 29316.0
935 29316.0
936 29316.0
937 29316.0
938 29316.0
939 29316.0
940 29316.0
941 29316.0
942 29316.0
943 29316.0
944 29316.0
945 29316.0
946 29316.0
947 29316.0
948 29316.0
949 29316.0
950 29316.0
951 29316.0
952 29316.0
953 29316.0
954 29316.0
955 29316.0
956 29316.0
957 29316.0
958 29316.0
959 29316.0
960 29316.0
961 29316.0
962 29316.0
963 29316.0
964 29316.0
965 29316.0
966 29316.0
967 29316.0
968 29316.0
969 29316.0
970 29316.0
971 29316.0
972 29316.0
973 29316.0
974 29316.0
975 29316.0
976 29316.0
977 29316.0
978 29316.0
979 29316.0
980 29316.0
981 29316.0
982 29316.0
983 29316.0
984 29316.0
985 29316.0
986 29316.0
987 29316.0
988 29316.0
989 29316.0
990 29316.0
991 29316.0
992 29316.0
993 29316.0
994 29316.0
995 29316.0
996 29316.0
997 29316.0
998 29316.0
999 29316.0
1000 29316.0
