0 13422.0
1 14196.0
2 15076.0
3 17863.0
4 17863.0
5 17863.0
6 19261.0
7 21002.0
8 20771.0
9 22242.0
10 23064.0
11 24110.0
12 26238.0
13 28036.0
14 27138.0
15 30841.0
16 30418.0
17 31065.0
18 33159.0
19 33159.0
20 35136.0
21 35136.0
22 37790.0
23 38832.0
24 39619.0
25 39619.0
26 40592.0
27 41846.0
28 42194.0
29 42700.0
30 45049.0
31 45070.0
32 45070.0
33 49332.0
34 49332.0
35 49122.0
36 50567.0
37 49655.0
38 51317.0
39 51317.0
40 53842.0
41 53842.0
42 53842.0
43 54050.0
44 56168.0
45 56296.0
46 58772.0
47 58772.0
48 58772.0
49 58772.0
50 58873.0
51 59085.0
52 60571.0
53 63404.0
54 61670.0
55 63217.0
56 61450.0
57 63451.0
58 64201.0
59 64201.0
60 64201.0
61 65133.0
62 65133.0
63 66181.0
64 66181.0
65 67022.0
66 69437.0
67 69437.0
68 68034.0
69 68266.0
70 69485.0
71 69485.0
72 69997.0
73 69322.0
74 69825.0
75 71372.0
76 72079.0
77 72505.0
78 73259.0
79 73426.0
80 74433.0
81 74433.0
82 75491.0
83 79315.0
84 75491.0
85 75491.0
86 75483.0
87 75483.0
88 75483.0
89 77646.0
90 75848.0
91 75848.0
92 77893.0
93 77893.0
94 77893.0
95 78252.0
96 78252.0
97 76949.0
98 78651.0
99 78651.0
100 79624.0
101 79624.0
102 80303.0
103 80303.0
104 80966.0
105 80966.0
106 80224.0
107 81242.0
108 81242.0
109 79709.0
110 81123.0
111 81312.0
112 82165.0
113 82165.0
114 85136.0
115 85136.0
116 85136.0
117 83974.0
118 83974.0
119 83974.0
120 85092.0
121 85092.0
122 85092.0
123 83896.0
124 83896.0
125 84570.0
126 87154.0
127 87968.0
128 89688.0
129 89688.0
130 87154.0
131 87154.0
132 87154.0
133 87154.0
134 87154.0
135 87421.0
136 87515.0
137 87515.0
138 88949.0
139 88951.0
140 88951.0
141 88951.0
142 88949.0
143 88949.0
144 88949.0
145 92232.0
146 92232.0
147 92232.0
148 92232.0
149 92232.0
150 92232.0
151 89570.0
152 89570.0
153 90056.0
154 91635.0
155 91632.0
156 92191.0
157 93158.0
158 93158.0
159 93158.0
160 92721.0
161 92483.0
162 92483.0
163 93752.0
164 91679.0
165 93570.0
166 92005.0
167 91747.0
168 91747.0
169 92130.0
170 92139.0
171 93001.0
172 93001.0
173 95979.0
174 95979.0
175 94255.0
176 94255.0
177 94255.0
178 94255.0
179 94255.0
180 97470.0
181 97470.0
182 97470.0
183 97470.0
184 99901.0
185 99901.0
186 99901.0
187 93985.0
188 93985.0
189 94589.0
190 94589.0
191 94589.0
192 96803.0
193 95101.0
194 95648.0
195 95058.0
196 95474.0
197 97188.0
198 97188.0
199 97532.0
200 97532.0
201 97532.0
202 97532.0
203 101173.0
204 97532.0
205 97532.0
206 97532.0
207 97532.0
208 97532.0
209 96892.0
210 95657.0
211 98576.0
212 98576.0
213 98576.0
214 98576.0
215 98576.0
216 98576.0
217 98576.0
218 98518.0
219 97690.0
220 96908.0
221 96778.0
222 98642.0
223 97924.0
224 99747.0
225 99747.0
226 99747.0
227 99747.0
228 99747.0
229 97551.0
230 97551.0
231 99484.0
232 99484.0
233 99484.0
234 99408.0
235 98436.0
236 100383.0
237 100202.0
238 100202.0
239 98303.0
240 98303.0
241 98303.0
242 97725.0
243 99499.0
244 99499.0
245 99923.0
246 99923.0
247 99923.0
248 102168.0
249 102168.0
250 99923.0
251 102356.0
252 101102.0
253 101102.0
254 101102.0
255 101102.0
256 99733.0
257 99500.0
258 100057.0
259 100777.0
260 101762.0
261 101762.0
262 101762.0
263 102152.0
264 101762.0
265 100857.0
266 100851.0
267 100517.0
268 99919.0
269 100718.0
270 101392.0
271 100718.0
272 100718.0
273 102258.0
274 102119.0
275 102318.0
276 103081.0
277 103081.0
278 103081.0
279 103081.0
280 103081.0
281 103081.0
282 103705.0
283 103705.0
284 103705.0
285 103705.0
286 103536.0
287 103079.0
288 103079.0
289 103079.0
290 103079.0
291 103345.0
292 103999.0
293 103079.0
294 103032.0
295 102007.0
296 102801.0
297 103372.0
298 103460.0
299 102007.0
300 102007.0
301 102801.0
302 102801.0
303 102801.0
304 102801.0
305 102801.0
306 102825.0
307 101866.0
308 102642.0
309 105583.0
310 103031.0
311 103031.0
312 103093.0
313 104433.0
314 104433.0
315 104433.0
316 104433.0
317 104433.0
318 103925.0
319 104348.0
320 104348.0
321 104348.0
322 102353.0
323 102157.0
324 103615.0
325 106564.0
326 106564.0
327 106564.0
328 106564.0
329 106564.0
330 107080.0
331 107080.0
332 106564.0
333 106564.0
334 106564.0
335 104079.0
336 103806.0
337 104316.0
338 104316.0
339 104316.0
340 104316.0
341 104316.0
342 104944.0
343 106758.0
344 106758.0
345 104976.0
346 104976.0
347 106934.0
348 104164.0
349 104434.0
350 106673.0
351 106661.0
352 106661.0
353 106661.0
354 106661.0
355 106661.0
356 106661.0
357 106251.0
358 106695.0
359 106251.0
360 106251.0
361 106251.0
362 108434.0
363 108434.0
364 106261.0
365 106261.0
366 106261.0
367 106884.0
368 107125.0
369 106951.0
370 108968.0
371 107500.0
372 107500.0
373 107500.0
374 106794.0
375 106794.0
376 106794.0
377 106794.0
378 109184.0
379 107376.0
380 107742.0
381 108670.0
382 108670.0
383 108670.0
384 108670.0
385 108670.0
386 108987.0
387 108987.0
388 108987.0
389 108987.0
390 108670.0
391 108670.0
392 108670.0
393 110623.0
394 108709.0
395 108709.0
396 108670.0
397 109021.0
398 110667.0
399 109127.0
400 109021.0
401 109021.0
402 109021.0
403 109021.0
404 109021.0
405 110196.0
406 110964.0
407 110964.0
408 110964.0
409 111452.0
410 111452.0
411 111452.0
412 111452.0
413 110245.0
414 110245.0
415 110245.0
416 111930.0
417 111930.0
418 112554.0
419 111930.0
420 110733.0
421 112777.0
422 112777.0
423 111023.0
424 109492.0
425 109492.0
426 109492.0
427 108983.0
428 109295.0
429 109025.0
430 109806.0
431 111382.0
432 111382.0
433 111382.0
434 109513.0
435 113280.0
436 113280.0
437 113280.0
438 110183.0
439 111663.0
440 111663.0
441 110956.0
442 110956.0
443 110956.0
444 110707.0
445 110707.0
446 110857.0
447 111597.0
448 112313.0
449 112313.0
450 111597.0
451 111597.0
452 111597.0
453 111612.0
454 112276.0
455 112276.0
456 112276.0
457 112276.0
458 112276.0
459 111765.0
460 111765.0
461 111765.0
462 112640.0
463 112640.0
464 112640.0
465 112640.0
466 112640.0
467 112640.0
468 111587.0
469 111170.0
470 111170.0
471 112074.0
472 115901.0
473 115901.0
474 115901.0
475 114362.0
476 114362.0
477 114766.0
478 115717.0
479 115717.0
480 116184.0
481 115697.0
482 112808.0
483 112808.0
484 113022.0
485 112729.0
486 113208.0
487 113208.0
488 114640.0
489 114640.0
490 114640.0
491 113201.0
492 111896.0
493 115388.0
494 115388.0
495 115388.0
496 112493.0
497 114486.0
498 114320.0
499 114320.0
500 114320.0
501 113312.0
502 113312.0
503 113581.0
504 113581.0
505 115615.0
506 115615.0
507 115615.0
508 112090.0
509 111637.0
510 112345.0
511 112345.0
512 112345.0
513 112345.0
514 112345.0
515 112345.0
516 112198.0
517 111891.0
518 111891.0
519 111891.0
520 112704.0
521 114379.0
522 110731.0
523 111778.0
524 111709.0
525 111709.0
526 113516.0
527 113516.0
528 112167.0
529 111558.0
530 113124.0
531 112104.0
532 112104.0
533 112698.0
534 112698.0
535 112104.0
536 115111.0
537 115111.0
538 115111.0
539 115184.0
540 115184.0
541 115184.0
542 115184.0
543 115184.0
544 114088.0
545 114088.0
546 114088.0
547 114088.0
548 114206.0
549 114206.0
550 114206.0
551 112416.0
552 112501.0
553 113879.0
554 113879.0
555 113879.0
556 113879.0
557 113333.0
558 113045.0
559 112626.0
560 114154.0
561 114154.0
562 114154.0
563 114154.0
564 114154.0
565 113250.0
566 113857.0
567 115404.0
568 115404.0
569 114689.0
570 113528.0
571 113528.0
572 113528.0
573 114491.0
574 113528.0
575 116845.0
576 116845.0
577 116845.0
578 116845.0
579 116845.0
580 116845.0
581 116845.0
582 117281.0
583 117281.0
584 117281.0
585 117281.0
586 114521.0
587 114521.0
588 113927.0
589 113927.0
590 114908.0
591 114908.0
592 118015.0
593 118015.0
594 114908.0
595 114707.0
596 113743.0
597 114216.0
598 114532.0
599 114532.0
600 114532.0
601 114532.0
602 116978.0
603 116978.0
604 116978.0
605 114532.0
606 114532.0
607 113930.0
608 117611.0
609 117611.0
610 117611.0
611 117611.0
612 117611.0
613 117611.0
614 115338.0
615 116305.0
616 116305.0
617 116305.0
618 118463.0
619 118463.0
620 118463.0
621 118463.0
622 118463.0
623 118463.0
624 115895.0
625 114470.0
626 114470.0
627 114470.0
628 114470.0
629 114470.0
630 115336.0
631 116881.0
632 116881.0
633 115477.0
634 115477.0
635 115379.0
636 115991.0
637 116429.0
638 117282.0
639 116429.0
640 116429.0
641 117972.0
642 117972.0
643 117972.0
644 116767.0
645 116767.0
646 115903.0
647 117218.0
648 116990.0
649 116990.0
650 118813.0
651 116855.0
652 116855.0
653 116855.0
654 116855.0
655 118770.0
656 118770.0
657 120327.0
658 118770.0
659 118770.0
660 116271.0
661 117456.0
662 117965.0
663 117965.0
664 117456.0
665 117848.0
666 117848.0
667 117848.0
668 117848.0
669 116782.0
670 117082.0
671 117082.0
672 116285.0
673 117459.0
674 117459.0
675 116141.0
676 115892.0
677 116049.0
678 116049.0
679 116480.0
680 116149.0
681 116149.0
682 116149.0
683 116143.0
684 116143.0
685 118684.0
686 118684.0
687 117611.0
688 119503.0
689 117416.0
690 116773.0
691 116773.0
692 117615.0
693 116971.0
694 117804.0
695 118064.0
696 118341.0
697 118341.0
698 118341.0
699 118341.0
700 118341.0
701 118341.0
702 118341.0
703 118341.0
704 116819.0
705 118461.0
706 118461.0
707 119153.0
708 119153.0
709 119153.0
710 118850.0
711 118850.0
712 118850.0
713 118850.0
714 118850.0
715 118850.0
716 119519.0
717 119519.0
718 117677.0
719 120373.0
720 120373.0
721 119887.0
722 118908.0
723 118908.0
724 118908.0
725 118908.0
726 118633.0
727 118633.0
728 118633.0
729 118662.0
730 118662.0
731 118662.0
732 118662.0
733 118936.0
734 124728.0
735 124728.0
736 124728.0
737 124728.0
738 124728.0
739 124728.0
740 120586.0
741 120586.0
742 120586.0
743 118908.0
744 118908.0
745 119867.0
746 117003.0
747 118373.0
748 118373.0
749 119057.0
750 119057.0
751 119057.0
752 118276.0
753 118276.0
754 118276.0
755 118276.0
756 118276.0
757 118276.0
758 118276.0
759 118080.0
760 118080.0
761 118080.0
762 117925.0
763 117925.0
764 117925.0
765 117925.0
766 117925.0
767 117925.0
768 117925.0
769 120260.0
770 120260.0
771 120052.0
772 120052.0
773 120052.0
774 120052.0
775 120052.0
776 118204.0
777 118204.0
778 118204.0
779 118264.0
780 120095.0
781 120095.0
782 118264.0
783 118264.0
784 118264.0
785 118264.0
786 118264.0
787 118087.0
788 118087.0
789 118087.0
790 118087.0
791 119251.0
792 117499.0
793 120640.0
794 117499.0
795 116399.0
796 117981.0
797 117338.0
798 116753.0
799 115539.0
800 116945.0
801 118063.0
802 119658.0
803 119658.0
804 119658.0
805 119658.0
806 119658.0
807 119658.0
808 116573.0
809 117187.0
810 117187.0
811 117187.0
812 117187.0
813 117345.0
814 118043.0
815 117345.0
816 117345.0
817 119778.0
818 119778.0
819 119778.0
820 120848.0
821 120848.0
822 120848.0
823 120848.0
824 120848.0
825 120848.0
826 116972.0
827 118322.0
828 118509.0
829 118509.0
830 118509.0
831 118509.0
832 119006.0
833 119006.0
834 118509.0
835 118509.0
836 118509.0
837 120280.0
838 120280.0
839 117259.0
840 118044.0
841 119098.0
842 119098.0
843 119374.0
844 119374.0
845 119374.0
846 119374.0
847 119914.0
848 119914.0
849 119374.0
850 119374.0
851 119374.0
852 117329.0
853 117422.0
854 117329.0
855 117678.0
856 117678.0
857 117183.0
858 118183.0
859 118183.0
860 117525.0
861 120943.0
862 120233.0
863 120233.0
864 120233.0
865 120233.0
866 120233.0
867 118249.0
868 118249.0
869 118498.0
870 118885.0
871 120742.0
872 120742.0
873 120742.0
874 120742.0
875 120747.0
876 120747.0
877 120747.0
878 120747.0
879 118030.0
880 120697.0
881 120697.0
882 119722.0
883 119722.0
884 119722.0
885 119722.0
886 119722.0
887 119039.0
888 119039.0
889 119039.0
890 118503.0
891 119722.0
892 118205.0
893 118539.0
894 118726.0
895 119668.0
896 119751.0
897 119751.0
898 120584.0
899 120085.0
900 120085.0
901 120085.0
902 120085.0
903 120085.0
904 120085.0
905 119261.0
906 122793.0
907 122793.0
908 122793.0
909 122283.0
910 122967.0
911 122283.0
912 122283.0
913 122283.0
914 120466.0
915 120466.0
916 120466.0
917 119221.0
918 119383.0
919 119221.0
920 121081.0
921 121081.0
922 121081.0
923 121081.0
924 122123.0
925 122123.0
926 122123.0
927 122123.0
928 122123.0
929 122123.0
930 122123.0
931 122123.0
932 120759.0
933 120759.0
934 120371.0
935 119044.0
936 119044.0
937 120342.0
938 120956.0
939 120342.0
940 121710.0
941 119772.0
942 121263.0
943 121263.0
944 121263.0
945 121263.0
946 121263.0
947 121263.0
948 120641.0
949 120641.0
950 121857.0
951 121857.0
952 121857.0
953 119862.0
954 121176.0
955 119751.0
956 122910.0
957 120009.0
958 119938.0
959 119772.0
960 120481.0
961 120804.0
962 121678.0
963 121678.0
964 120795.0
965 120795.0
966 120795.0
967 120795.0
968 120795.0
969 120795.0
970 122093.0
971 122093.0
972 122131.0
973 122131.0
974 122131.0
975 122487.0
976 122487.0
977 122487.0
978 122487.0
979 122961.0
980 120457.0
981 120568.0
982 120466.0
983 122012.0
984 120601.0
985 120601.0
986 123029.0
987 123029.0
988 121052.0
989 121052.0
990 121903.0
991 120107.0
992 119994.0
993 125302.0
994 120569.0
995 119994.0
996 121068.0
997 121068.0
998 121068.0
999 121068.0
1000 122831.0
