0 3596.0
1 4338.0
2 5038.0
3 5315.0
4 5611.0
5 5804.0
6 6522.0
7 6596.0
8 6985.0
9 6658.0
10 6852.0
11 7366.0
12 7366.0
13 7366.0
14 7555.0
15 7885.0
16 8211.0
17 8244.0
18 8211.0
19 8302.0
20 8555.0
21 8802.0
22 8802.0
23 8934.0
24 8958.0
25 9050.0
26 9050.0
27 9050.0
28 8832.0
29 8924.0
30 9071.0
31 9071.0
32 9037.0
33 9331.0
34 9331.0
35 9331.0
36 9331.0
37 9484.0
38 9367.0
39 9567.0
40 9814.0
41 9969.0
42 9969.0
43 9969.0
44 9969.0
45 10005.0
46 10015.0
47 10067.0
48 10116.0
49 10116.0
50 10095.0
51 10295.0
52 10376.0
53 10376.0
54 10376.0
55 10443.0
56 10443.0
57 10543.0
58 10543.0
59 10543.0
60 10543.0
61 10543.0
62 10490.0
63 10490.0
64 10577.0
65 10577.0
66 10577.0
67 10577.0
68 10577.0
69 10577.0
70 10577.0
71 10577.0
72 10577.0
73 10577.0
74 10577.0
75 10577.0
76 10577.0
77 10577.0
78 10577.0
79 10577.0
80 10577.0
81 10577.0
82 10577.0
83 10577.0
84 10577.0
85 10577.0
86 10577.0
87 10577.0
88 10577.0
89 10577.0
90 10577.0
91 10577.0
92 10577.0
93 10577.0
94 10577.0
95 10577.0
96 10577.0
97 10577.0
98 10577.0
99 10577.0
100 10577.0
101 10577.0
102 10577.0
103 10577.0
104 10577.0
105 10577.0
106 10577.0
107 10577.0
108 10577.0
109 10577.0
110 10577.0
111 10577.0
112 10577.0
113 10577.0
114 10577.0
115 10577.0
116 10577.0
117 10577.0
118 10577.0
119 10577.0
120 10577.0
121 10577.0
122 10577.0
123 10577.0
124 10577.0
125 10577.0
126 10577.0
127 10577.0
128 10577.0
129 10577.0
130 10577.0
131 10577.0
132 10577.0
133 10634.0
134 10634.0
135 10594.0
136 10594.0
137 10577.0
138 10577.0
139 10577.0
140 10577.0
141 10577.0
142 10577.0
143 10577.0
144 10577.0
145 10577.0
146 10577.0
147 10577.0
148 10577.0
149 10577.0
150 10577.0
151 10577.0
152 10577.0
153 10577.0
154 10577.0
155 10577.0
156 10577.0
157 10577.0
158 10577.0
159 10577.0
160 10577.0
161 10577.0
162 10577.0
163 10577.0
164 10577.0
165 10577.0
166 10577.0
167 10577.0
168 10577.0
169 10577.0
170 10577.0
171 10577.0
172 10577.0
173 10577.0
174 10577.0
175 10577.0
176 10577.0
177 10577.0
178 10577.0
179 10577.0
180 10577.0
181 10577.0
182 10577.0
183 10577.0
184 10577.0
185 10577.0
186 10577.0
187 10580.0
188 10580.0
189 10580.0
190 10580.0
191 10580.0
192 10580.0
193 10580.0
194 10580.0
195 10580.0
196 10580.0
197 10580.0
198 10580.0
199 10580.0
200 10580.0
201 10580.0
202 10580.0
203 10580.0
204 10580.0
205 10580.0
206 10580.0
207 10580.0
208 10580.0
209 10580.0
210 10580.0
211 10580.0
212 10580.0
213 10580.0
214 10580.0
215 10580.0
216 10580.0
217 10580.0
218 10580.0
219 10580.0
220 10580.0
221 10580.0
222 10580.0
223 10580.0
224 10580.0
225 10580.0
226 10580.0
227 10580.0
228 10580.0
229 10580.0
230 10580.0
231 10580.0
232 10580.0
233 10580.0
234 10580.0
235 10580.0
236 10580.0
237 10580.0
238 10580.0
239 10580.0
240 10580.0
241 10580.0
242 10580.0
243 10580.0
244 10580.0
245 10580.0
246 10580.0
247 10580.0
248 10580.0
249 10580.0
250 10580.0
251 10580.0
252 10580.0
253 10580.0
254 10580.0
255 10580.0
256 10580.0
257 10580.0
258 10580.0
259 10580.0
260 10580.0
261 10580.0
262 10580.0
263 10580.0
264 10580.0
265 10580.0
266 10580.0
267 10580.0
268 10580.0
269 10580.0
270 10580.0
271 10580.0
272 10580.0
273 10580.0
274 10580.0
275 10580.0
276 10580.0
277 10580.0
278 10580.0
279 10580.0
280 10580.0
281 10580.0
282 10580.0
283 10580.0
284 10580.0
285 10580.0
286 10580.0
287 10580.0
288 10580.0
289 10580.0
290 10580.0
291 10580.0
292 10580.0
293 10580.0
294 10580.0
295 10580.0
296 10580.0
297 10580.0
298 10580.0
299 10580.0
300 10580.0
301 10580.0
302 10580.0
303 10580.0
304 10580.0
305 10580.0
306 10582.0
307 10582.0
308 10582.0
309 10582.0
310 10582.0
311 10582.0
312 10582.0
313 10582.0
314 10582.0
315 10582.0
316 10582.0
317 10582.0
318 10582.0
319 10582.0
320 10582.0
321 10582.0
322 10582.0
323 10582.0
324 10582.0
325 10582.0
326 10582.0
327 10582.0
328 10582.0
329 10582.0
330 10582.0
331 10582.0
332 10582.0
333 10582.0
334 10582.0
335 10582.0
336 10582.0
337 10582.0
338 10582.0
339 10582.0
340 10582.0
341 10582.0
342 10582.0
343 10582.0
344 10582.0
345 10582.0
346 10582.0
347 10582.0
348 10582.0
349 10582.0
350 10582.0
351 10582.0
352 10582.0
353 10582.0
354 10582.0
355 10582.0
356 10582.0
357 10582.0
358 10582.0
359 10582.0
360 10582.0
361 10582.0
362 10582.0
363 10582.0
364 10582.0
365 10582.0
366 10582.0
367 10582.0
368 10582.0
369 10582.0
370 10582.0
371 10582.0
372 10582.0
373 10582.0
374 10582.0
375 10582.0
376 10582.0
377 10582.0
378 10582.0
379 10582.0
380 10582.0
381 10582.0
382 10582.0
383 10582.0
384 10582.0
385 10582.0
386 10582.0
387 10582.0
388 10582.0
389 10582.0
390 10582.0
391 10582.0
392 10582.0
393 10582.0
394 10582.0
395 10582.0
396 10582.0
397 10582.0
398 10582.0
399 10582.0
400 10582.0
401 10582.0
402 10582.0
403 10582.0
404 10582.0
405 10582.0
406 10582.0
407 10582.0
408 10582.0
409 10582.0
410 10582.0
411 10582.0
412 10582.0
413 10627.0
414 10627.0
415 10627.0
416 10627.0
417 10627.0
418 10627.0
419 10627.0
420 10627.0
421 10627.0
422 10627.0
423 10627.0
424 10627.0
425 10627.0
426 10627.0
427 10627.0
428 10627.0
429 10627.0
430 10627.0
431 10627.0
432 10627.0
433 10627.0
434 10627.0
435 10627.0
436 10627.0
437 10627.0
438 10627.0
439 10627.0
440 10627.0
441 10627.0
442 10627.0
443 10627.0
444 10627.0
445 10627.0
446 10627.0
447 10627.0
448 10627.0
449 10627.0
450 10627.0
451 10627.0
452 10627.0
453 10627.0
454 10627.0
455 10627.0
456 10627.0
457 10627.0
458 10627.0
459 10627.0
460 10627.0
461 10627.0
462 10627.0
463 10627.0
464 10627.0
465 10627.0
466 10627.0
467 10627.0
468 10627.0
469 10627.0
470 10627.0
471 10627.0
472 10627.0
473 10627.0
474 10627.0
475 10627.0
476 10627.0
477 10627.0
478 10627.0
479 10627.0
480 10627.0
481 10627.0
482 10627.0
483 10627.0
484 10627.0
485 10627.0
486 10627.0
487 10627.0
488 10627.0
489 10627.0
490 10627.0
491 10627.0
492 10627.0
493 10627.0
494 10627.0
495 10627.0
496 10627.0
497 10627.0
498 10627.0
499 10627.0
500 10627.0
501 10627.0
502 10627.0
503 10627.0
504 10627.0
505 10627.0
506 10627.0
507 10627.0
508 10627.0
509 10627.0
510 10627.0
511 10627.0
512 10627.0
513 10627.0
514 10627.0
515 10627.0
516 10627.0
517 10627.0
518 10627.0
519 10627.0
520 10627.0
521 10627.0
522 10627.0
523 10627.0
524 10627.0
525 10627.0
526 10627.0
527 10627.0
528 10627.0
529 10627.0
530 10627.0
531 10627.0
532 10627.0
533 10627.0
534 10627.0
535 10627.0
536 10627.0
537 10627.0
538 10627.0
539 10627.0
540 10627.0
541 10627.0
542 10627.0
543 10627.0
544 10627.0
545 10627.0
546 10627.0
547 10627.0
548 10627.0
549 10627.0
550 10627.0
551 10627.0
552 10627.0
553 10627.0
554 10627.0
555 10627.0
556 10627.0
557 10627.0
558 10627.0
559 10627.0
560 10627.0
561 10627.0
562 10627.0
563 10627.0
564 10627.0
565 10627.0
566 10627.0
567 10627.0
568 10627.0
569 10627.0
570 10627.0
571 10627.0
572 10627.0
573 10627.0
574 10627.0
575 10627.0
576 10627.0
577 10627.0
578 10627.0
579 10627.0
580 10627.0
581 10627.0
582 10627.0
583 10627.0
584 10627.0
585 10627.0
586 10627.0
587 10627.0
588 10627.0
589 10627.0
590 10627.0
591 10627.0
592 10627.0
593 10627.0
594 10627.0
595 10627.0
596 10627.0
597 10627.0
598 10627.0
599 10627.0
600 10627.0
601 10627.0
602 10627.0
603 10627.0
604 10627.0
605 10627.0
606 10627.0
607 10627.0
608 10627.0
609 10627.0
610 10627.0
611 10627.0
612 10627.0
613 10627.0
614 10627.0
615 10627.0
616 10627.0
617 10627.0
618 10627.0
619 10627.0
620 10627.0
621 10627.0
622 10627.0
623 10627.0
624 10627.0
625 10627.0
626 10627.0
627 10627.0
628 10627.0
629 10627.0
630 10627.0
631 10627.0
632 10627.0
633 10627.0
634 10627.0
635 10627.0
636 10627.0
637 10627.0
638 10627.0
639 10627.0
640 10627.0
641 10627.0
642 10627.0
643 10627.0
644 10627.0
645 10627.0
646 10627.0
647 10627.0
648 10627.0
649 10627.0
650 10627.0
651 10627.0
652 10627.0
653 10627.0
654 10627.0
655 10627.0
656 10627.0
657 10627.0
658 10627.0
659 10627.0
660 10627.0
661 10627.0
662 10627.0
663 10627.0
664 10627.0
665 10627.0
666 10627.0
667 10627.0
668 10627.0
669 10627.0
670 10627.0
671 10627.0
672 10627.0
673 10627.0
674 10627.0
675 10627.0
676 10627.0
677 10627.0
678 10627.0
679 10653.0
680 10653.0
681 10653.0
682 10653.0
683 10627.0
684 10627.0
685 10627.0
686 10627.0
687 10627.0
688 10627.0
689 10627.0
690 10627.0
691 10627.0
692 10627.0
693 10627.0
694 10627.0
695 10627.0
696 10627.0
697 10627.0
698 10627.0
699 10627.0
700 10627.0
701 10627.0
702 10627.0
703 10627.0
704 10627.0
705 10627.0
706 10627.0
707 10627.0
708 10627.0
709 10627.0
710 10627.0
711 10627.0
712 10627.0
713 10627.0
714 10627.0
715 10627.0
716 10627.0
717 10627.0
718 10627.0
719 10627.0
720 10627.0
721 10627.0
722 10627.0
723 10627.0
724 10627.0
725 10627.0
726 10627.0
727 10627.0
728 10627.0
729 10627.0
730 10627.0
731 10627.0
732 10627.0
733 10627.0
734 10627.0
735 10627.0
736 10627.0
737 10627.0
738 10627.0
739 10627.0
740 10627.0
741 10627.0
742 10627.0
743 10627.0
744 10627.0
745 10627.0
746 10627.0
747 10627.0
748 10627.0
749 10627.0
750 10627.0
751 10627.0
752 10627.0
753 10627.0
754 10627.0
755 10627.0
756 10627.0
757 10627.0
758 10639.0
759 10639.0
760 10627.0
761 10627.0
762 10627.0
763 10627.0
764 10627.0
765 10627.0
766 10627.0
767 10627.0
768 10627.0
769 10627.0
770 10627.0
771 10627.0
772 10627.0
773 10627.0
774 10627.0
775 10627.0
776 10627.0
777 10627.0
778 10627.0
779 10627.0
780 10627.0
781 10627.0
782 10634.0
783 10634.0
784 10627.0
785 10627.0
786 10627.0
787 10627.0
788 10627.0
789 10627.0
790 10627.0
791 10627.0
792 10627.0
793 10627.0
794 10627.0
795 10627.0
796 10627.0
797 10627.0
798 10627.0
799 10627.0
800 10627.0
801 10627.0
802 10627.0
803 10644.0
804 10644.0
805 10644.0
806 10644.0
807 10644.0
808 10644.0
809 10644.0
810 10644.0
811 10644.0
812 10644.0
813 10627.0
814 10627.0
815 10627.0
816 10627.0
817 10627.0
818 10627.0
819 10627.0
820 10627.0
821 10627.0
822 10627.0
823 10627.0
824 10627.0
825 10627.0
826 10627.0
827 10627.0
828 10627.0
829 10627.0
830 10627.0
831 10641.0
832 10627.0
833 10627.0
834 10627.0
835 10627.0
836 10627.0
837 10627.0
838 10627.0
839 10627.0
840 10627.0
841 10627.0
842 10627.0
843 10627.0
844 10627.0
845 10627.0
846 10627.0
847 10627.0
848 10627.0
849 10627.0
850 10627.0
851 10627.0
852 10627.0
853 10627.0
854 10627.0
855 10627.0
856 10627.0
857 10627.0
858 10627.0
859 10627.0
860 10627.0
861 10627.0
862 10627.0
863 10627.0
864 10627.0
865 10627.0
866 10627.0
867 10627.0
868 10627.0
869 10627.0
870 10627.0
871 10627.0
872 10627.0
873 10627.0
874 10627.0
875 10627.0
876 10644.0
877 10644.0
878 10644.0
879 10644.0
880 10644.0
881 10644.0
882 10644.0
883 10644.0
884 10644.0
885 10644.0
886 10644.0
887 10644.0
888 10644.0
889 10644.0
890 10644.0
891 10644.0
892 10644.0
893 10644.0
894 10644.0
895 10644.0
896 10644.0
897 10644.0
898 10644.0
899 10644.0
900 10644.0
901 10644.0
902 10644.0
903 10644.0
904 10644.0
905 10644.0
906 10644.0
907 10644.0
908 10644.0
909 10644.0
910 10644.0
911 10644.0
912 10644.0
913 10644.0
914 10644.0
915 10644.0
916 10644.0
917 10644.0
918 10644.0
919 10644.0
920 10644.0
921 10644.0
922 10644.0
923 10644.0
924 10644.0
925 10644.0
926 10644.0
927 10644.0
928 10644.0
929 10644.0
930 10644.0
931 10644.0
932 10644.0
933 10644.0
934 10644.0
935 10644.0
936 10644.0
937 10644.0
938 10644.0
939 10644.0
940 10644.0
941 10644.0
942 10644.0
943 10644.0
944 10644.0
945 10644.0
946 10644.0
947 10644.0
948 10644.0
949 10644.0
950 10644.0
951 10644.0
952 10644.0
953 10644.0
954 10644.0
955 10644.0
956 10644.0
957 10644.0
958 10644.0
959 10644.0
960 10644.0
961 10644.0
962 10644.0
963 10644.0
964 10644.0
965 10644.0
966 10644.0
967 10644.0
968 10644.0
969 10644.0
970 10644.0
971 10644.0
972 10644.0
973 10644.0
974 10644.0
975 10644.0
976 10644.0
977 10644.0
978 10644.0
979 10644.0
980 10644.0
981 10644.0
982 10644.0
983 10644.0
984 10644.0
985 10644.0
986 10644.0
987 10644.0
988 10644.0
989 10644.0
990 10644.0
991 10644.0
992 10644.0
993 10644.0
994 10644.0
995 10644.0
996 10644.0
997 10644.0
998 10644.0
999 10644.0
1000 10644.0
