0 6329.0
1 6899.0
2 7464.0
3 7986.0
4 8387.0
5 8870.0
6 9688.0
7 10773.0
8 11147.0
9 11244.0
10 11632.0
11 12815.0
12 12931.0
13 13370.0
14 13809.0
15 14094.0
16 14408.0
17 14822.0
18 15354.0
19 15892.0
20 15935.0
21 16846.0
22 17286.0
23 17421.0
24 18766.0
25 18849.0
26 18849.0
27 19378.0
28 20399.0
29 20441.0
30 20440.0
31 22011.0
32 22011.0
33 22011.0
34 22073.0
35 22306.0
36 22333.0
37 23486.0
38 23486.0
39 23836.0
40 23836.0
41 23836.0
42 24506.0
43 24506.0
44 24670.0
45 24910.0
46 25698.0
47 25698.0
48 25698.0
49 25698.0
50 25955.0
51 25955.0
52 26144.0
53 26707.0
54 27264.0
55 27359.0
56 27379.0
57 27379.0
58 27666.0
59 27915.0
60 27843.0
61 27843.0
62 29136.0
63 29136.0
64 29136.0
65 29136.0
66 28775.0
67 28956.0
68 29595.0
69 29595.0
70 29948.0
71 29948.0
72 29948.0
73 29948.0
74 30525.0
75 30559.0
76 30363.0
77 30292.0
78 30531.0
79 30965.0
80 30965.0
81 31580.0
82 31580.0
83 30965.0
84 30965.0
85 31561.0
86 31066.0
87 31320.0
88 31949.0
89 31949.0
90 31873.0
91 31926.0
92 32160.0
93 32160.0
94 32252.0
95 32269.0
96 32160.0
97 32160.0
98 32567.0
99 32638.0
100 32451.0
101 32451.0
102 32657.0
103 32657.0
104 32837.0
105 32837.0
106 32837.0
107 32850.0
108 33418.0
109 33418.0
110 33418.0
111 33418.0
112 33418.0
113 33418.0
114 33418.0
115 33677.0
116 32959.0
117 33115.0
118 33746.0
119 33746.0
120 34114.0
121 34114.0
122 32947.0
123 33485.0
124 33485.0
125 33509.0
126 33534.0
127 33534.0
128 33742.0
129 33742.0
130 33864.0
131 35052.0
132 35052.0
133 35052.0
134 35052.0
135 35052.0
136 35052.0
137 34688.0
138 34688.0
139 34735.0
140 35385.0
141 34206.0
142 34206.0
143 34702.0
144 34702.0
145 34253.0
146 34253.0
147 34253.0
148 34617.0
149 33944.0
150 33842.0
151 33746.0
152 34423.0
153 34092.0
154 34670.0
155 34670.0
156 34175.0
157 34175.0
158 34588.0
159 34588.0
160 34588.0
161 34301.0
162 34932.0
163 34932.0
164 34932.0
165 34714.0
166 34609.0
167 35089.0
168 34629.0
169 34629.0
170 35018.0
171 34742.0
172 34835.0
173 34835.0
174 35195.0
175 35195.0
176 35195.0
177 35195.0
178 35195.0
179 35195.0
180 35357.0
181 35357.0
182 35357.0
183 35357.0
184 36459.0
185 35119.0
186 36278.0
187 36278.0
188 35370.0
189 35370.0
190 35370.0
191 35370.0
192 35348.0
193 35430.0
194 35430.0
195 35552.0
196 35279.0
197 35279.0
198 35279.0
199 35279.0
200 35279.0
201 35081.0
202 35081.0
203 35624.0
204 35624.0
205 35624.0
206 35624.0
207 35604.0
208 35185.0
209 35185.0
210 35551.0
211 36189.0
212 35761.0
213 35761.0
214 35761.0
215 36168.0
216 35635.0
217 35635.0
218 35635.0
219 35633.0
220 35633.0
221 35159.0
222 35417.0
223 35785.0
224 35413.0
225 36003.0
226 36003.0
227 36003.0
228 35413.0
229 35813.0
230 35813.0
231 35496.0
232 35619.0
233 35619.0
234 35821.0
235 35821.0
236 35821.0
237 35821.0
238 36060.0
239 36106.0
240 36037.0
241 37210.0
242 37210.0
243 36037.0
244 35969.0
245 36285.0
246 36285.0
247 36075.0
248 35795.0
249 35837.0
250 35795.0
251 36110.0
252 36358.0
253 36358.0
254 36358.0
255 36358.0
256 36563.0
257 36563.0
258 36563.0
259 36563.0
260 36563.0
261 35786.0
262 36060.0
263 36336.0
264 36336.0
265 36336.0
266 36336.0
267 36336.0
268 36228.0
269 36228.0
270 36228.0
271 36228.0
272 36028.0
273 36143.0
274 36143.0
275 35986.0
276 36137.0
277 36374.0
278 36374.0
279 36460.0
280 36155.0
281 36137.0
282 35945.0
283 35945.0
284 35945.0
285 36188.0
286 36188.0
287 36188.0
288 36188.0
289 36098.0
290 35889.0
291 36826.0
292 36193.0
293 36561.0
294 36193.0
295 36193.0
296 36193.0
297 36193.0
298 36791.0
299 36791.0
300 36137.0
301 36259.0
302 36394.0
303 36394.0
304 36394.0
305 36318.0
306 37004.0
307 36011.0
308 36011.0
309 36011.0
310 36011.0
311 36958.0
312 36958.0
313 36792.0
314 36656.0
315 36656.0
316 36462.0
317 36462.0
318 36462.0
319 36462.0
320 36462.0
321 36462.0
322 36016.0
323 36439.0
324 36016.0
325 36797.0
326 36797.0
327 36815.0
328 36815.0
329 35984.0
330 36226.0
331 36226.0
332 36226.0
333 36226.0
334 36760.0
335 36760.0
336 36989.0
337 37083.0
338 37083.0
339 36366.0
340 36366.0
341 36366.0
342 36366.0
343 36366.0
344 37001.0
345 37001.0
346 37001.0
347 36620.0
348 36341.0
349 36679.0
350 36679.0
351 37114.0
352 37114.0
353 36477.0
354 36620.0
355 36423.0
356 37065.0
357 36511.0
358 36511.0
359 36511.0
360 36511.0
361 36511.0
362 36511.0
363 36393.0
364 36500.0
365 36997.0
366 36997.0
367 36997.0
368 36997.0
369 36997.0
370 36997.0
371 36997.0
372 36997.0
373 36997.0
374 36997.0
375 36997.0
376 36875.0
377 36875.0
378 36871.0
379 37112.0
380 37112.0
381 37079.0
382 36600.0
383 37070.0
384 37070.0
385 37070.0
386 37251.0
387 37251.0
388 37070.0
389 37070.0
390 36992.0
391 37202.0
392 37202.0
393 37202.0
394 37401.0
395 37401.0
396 37401.0
397 37045.0
398 37045.0
399 37045.0
400 37045.0
401 37045.0
402 37045.0
403 37045.0
404 37045.0
405 37050.0
406 37070.0
407 37050.0
408 37050.0
409 37107.0
410 37297.0
411 37297.0
412 37297.0
413 37297.0
414 37960.0
415 37208.0
416 37200.0
417 36869.0
418 36909.0
419 36869.0
420 36869.0
421 37920.0
422 37920.0
423 36972.0
424 36972.0
425 37432.0
426 37631.0
427 37631.0
428 37631.0
429 37631.0
430 37243.0
431 37243.0
432 37558.0
433 37558.0
434 36905.0
435 36905.0
436 36996.0
437 36905.0
438 37543.0
439 37543.0
440 37543.0
441 37543.0
442 37304.0
443 37886.0
444 37886.0
445 37226.0
446 37226.0
447 37883.0
448 37198.0
449 37408.0
450 37149.0
451 37546.0
452 37967.0
453 37967.0
454 37967.0
455 37967.0
456 37610.0
457 37881.0
458 37610.0
459 37806.0
460 37806.0
461 38234.0
462 37848.0
463 38105.0
464 38009.0
465 38009.0
466 37701.0
467 37701.0
468 38049.0
469 38049.0
470 38049.0
471 38049.0
472 38049.0
473 38049.0
474 38049.0
475 38619.0
476 38049.0
477 38049.0
478 37945.0
479 37945.0
480 37938.0
481 37744.0
482 37744.0
483 37744.0
484 37744.0
485 37744.0
486 37295.0
487 37470.0
488 37838.0
489 37838.0
490 37838.0
491 38072.0
492 38076.0
493 38076.0
494 38076.0
495 38076.0
496 38527.0
497 38527.0
498 38452.0
499 38314.0
500 38314.0
501 38314.0
502 38314.0
503 38314.0
504 38314.0
505 38314.0
506 38314.0
507 38314.0
508 37651.0
509 37792.0
510 37792.0
511 37792.0
512 37792.0
513 38426.0
514 38426.0
515 37792.0
516 37612.0
517 37490.0
518 37490.0
519 37490.0
520 37848.0
521 37848.0
522 37691.0
523 37691.0
524 37906.0
525 37906.0
526 37906.0
527 37906.0
528 37619.0
529 38617.0
530 38617.0
531 38617.0
532 38617.0
533 37634.0
534 37507.0
535 37489.0
536 37611.0
537 37728.0
538 37728.0
539 37728.0
540 37728.0
541 37951.0
542 37951.0
543 37951.0
544 37951.0
545 37916.0
546 37916.0
547 38040.0
548 38490.0
549 38699.0
550 38699.0
551 38853.0
552 38853.0
553 38826.0
554 38531.0
555 38531.0
556 38531.0
557 38531.0
558 39009.0
559 39009.0
560 39009.0
561 38560.0
562 38560.0
563 38560.0
564 38380.0
565 38353.0
566 38353.0
567 38215.0
568 38215.0
569 38465.0
570 38537.0
571 38704.0
572 38261.0
573 38261.0
574 38551.0
575 38551.0
576 38690.0
577 38551.0
578 38539.0
579 38539.0
580 38540.0
581 38540.0
582 38540.0
583 38730.0
584 38730.0
585 39085.0
586 39085.0
587 38540.0
588 38359.0
589 38704.0
590 38704.0
591 38704.0
592 38879.0
593 38879.0
594 39273.0
595 38704.0
596 38524.0
597 38524.0
598 38695.0
599 38901.0
600 38901.0
601 39078.0
602 38667.0
603 39310.0
604 39310.0
605 39014.0
606 39014.0
607 39014.0
608 38947.0
609 38947.0
610 39745.0
611 38801.0
612 38801.0
613 39055.0
614 39214.0
615 39020.0
616 39020.0
617 38801.0
618 38801.0
619 39595.0
620 38847.0
621 38847.0
622 38847.0
623 38847.0
624 39179.0
625 39179.0
626 39179.0
627 39300.0
628 39300.0
629 39300.0
630 39300.0
631 39300.0
632 39300.0
633 39300.0
634 39433.0
635 39300.0
636 39300.0
637 39300.0
638 39443.0
639 39443.0
640 39092.0
641 39092.0
642 39010.0
643 39010.0
644 39010.0
645 38977.0
646 39212.0
647 38977.0
648 38784.0
649 38792.0
650 39559.0
651 39559.0
652 39559.0
653 39559.0
654 39384.0
655 39384.0
656 39384.0
657 39932.0
658 39932.0
659 39932.0
660 39932.0
661 39432.0
662 39094.0
663 38998.0
664 39350.0
665 39350.0
666 40188.0
667 40188.0
668 39612.0
669 39174.0
670 39271.0
671 39271.0
672 39906.0
673 39906.0
674 39906.0
675 39906.0
676 39906.0
677 39166.0
678 39385.0
679 39385.0
680 39385.0
681 39385.0
682 39348.0
683 39763.0
684 39166.0
685 39088.0
686 39088.0
687 38743.0
688 39217.0
689 39597.0
690 39217.0
691 39934.0
692 39934.0
693 39949.0
694 39613.0
695 39670.0
696 39670.0
697 39482.0
698 39482.0
699 39482.0
700 39422.0
701 38744.0
702 39233.0
703 39233.0
704 39233.0
705 39233.0
706 39233.0
707 39821.0
708 38877.0
709 38789.0
710 38789.0
711 39004.0
712 39004.0
713 38757.0
714 38757.0
715 38757.0
716 38609.0
717 38947.0
718 38411.0
719 38411.0
720 39046.0
721 39089.0
722 39089.0
723 39089.0
724 39089.0
725 39089.0
726 39089.0
727 38996.0
728 38996.0
729 38996.0
730 38720.0
731 38720.0
732 38984.0
733 38984.0
734 39002.0
735 39002.0
736 38837.0
737 39727.0
738 39141.0
739 39141.0
740 39226.0
741 39226.0
742 39226.0
743 39226.0
744 39226.0
745 39226.0
746 39226.0
747 39579.0
748 39579.0
749 39053.0
750 39053.0
751 39311.0
752 39093.0
753 39093.0
754 39362.0
755 39362.0
756 39362.0
757 39362.0
758 39093.0
759 38817.0
760 38985.0
761 39003.0
762 38781.0
763 39055.0
764 39055.0
765 38936.0
766 38838.0
767 38720.0
768 38487.0
769 38654.0
770 38992.0
771 38992.0
772 38992.0
773 39558.0
774 39558.0
775 39558.0
776 38720.0
777 38578.0
778 38763.0
779 39347.0
780 39347.0
781 39189.0
782 39189.0
783 38891.0
784 38856.0
785 39018.0
786 39460.0
787 39541.0
788 39541.0
789 39541.0
790 39541.0
791 39541.0
792 39323.0
793 39239.0
794 39239.0
795 39757.0
796 39239.0
797 39116.0
798 39801.0
799 39185.0
800 39185.0
801 39012.0
802 39239.0
803 39239.0
804 39480.0
805 39193.0
806 39249.0
807 39193.0
808 39610.0
809 40431.0
810 40431.0
811 40431.0
812 40431.0
813 40431.0
814 40431.0
815 40431.0
816 40431.0
817 40431.0
818 40431.0
819 40431.0
820 40431.0
821 40431.0
822 40431.0
823 39375.0
824 39972.0
825 39237.0
826 39507.0
827 39750.0
828 40008.0
829 39750.0
830 39750.0
831 39323.0
832 39323.0
833 39508.0
834 40112.0
835 39062.0
836 39149.0
837 39472.0
838 39448.0
839 39448.0
840 39448.0
841 39448.0
842 39448.0
843 39448.0
844 40083.0
845 40083.0
846 39543.0
847 39543.0
848 39513.0
849 40240.0
850 40428.0
851 40428.0
852 39960.0
853 39491.0
854 39491.0
855 39972.0
856 39523.0
857 39523.0
858 40214.0
859 40214.0
860 40214.0
861 39505.0
862 40381.0
863 40381.0
864 40350.0
865 40350.0
866 40350.0
867 40350.0
868 40350.0
869 40350.0
870 40350.0
871 40350.0
872 39876.0
873 39735.0
874 39507.0
875 39637.0
876 39621.0
877 40853.0
878 40853.0
879 40853.0
880 40052.0
881 40052.0
882 40052.0
883 40333.0
884 40333.0
885 40333.0
886 40333.0
887 40333.0
888 39907.0
889 39907.0
890 39907.0
891 39934.0
892 40158.0
893 40784.0
894 40188.0
895 40188.0
896 40237.0
897 40448.0
898 40448.0
899 40448.0
900 40448.0
901 40448.0
902 40448.0
903 40161.0
904 40161.0
905 40161.0
906 40611.0
907 40611.0
908 40611.0
909 40611.0
910 40611.0
911 40624.0
912 40624.0
913 40611.0
914 40611.0
915 40625.0
916 40625.0
917 40625.0
918 40611.0
919 40909.0
920 40670.0
921 40670.0
922 40670.0
923 40670.0
924 40670.0
925 41350.0
926 41350.0
927 41350.0
928 41350.0
929 41350.0
930 41350.0
931 40700.0
932 40700.0
933 40780.0
934 40780.0
935 40780.0
936 40743.0
937 40874.0
938 41197.0
939 41197.0
940 41197.0
941 40920.0
942 40920.0
943 40920.0
944 40769.0
945 40769.0
946 41248.0
947 41248.0
948 41248.0
949 41248.0
950 41248.0
951 41605.0
952 41605.0
953 41500.0
954 41319.0
955 41319.0
956 41231.0
957 41231.0
958 41231.0
959 41231.0
960 41231.0
961 40966.0
962 40966.0
963 41154.0
964 41342.0
965 40966.0
966 41029.0
967 40953.0
968 40815.0
969 40965.0
970 40965.0
971 41320.0
972 41320.0
973 41171.0
974 41857.0
975 41171.0
976 41473.0
977 41473.0
978 41075.0
979 41381.0
980 41852.0
981 41381.0
982 41404.0
983 41381.0
984 41310.0
985 41310.0
986 41586.0
987 41586.0
988 41586.0
989 41586.0
990 41586.0
991 41312.0
992 41997.0
993 41997.0
994 42140.0
995 42140.0
996 42140.0
997 41876.0
998 41876.0
999 41876.0
1000 41834.0

