0 5831.0
1 6657.0
2 6794.0
3 7342.0
4 7671.0
5 8631.0
6 9316.0
7 9382.0
8 10055.0
9 11034.0
10 11194.0
11 11336.0
12 11919.0
13 11986.0
14 12489.0
15 13208.0
16 13208.0
17 13909.0
18 14336.0
19 14824.0
20 15316.0
21 15319.0
22 15782.0
23 16575.0
24 16766.0
25 17735.0
26 17972.0
27 18675.0
28 18675.0
29 18892.0
30 19169.0
31 18867.0
32 19844.0
33 20396.0
34 20908.0
35 22094.0
36 22094.0
37 22094.0
38 22896.0
39 22941.0
40 22941.0
41 22896.0
42 22777.0
43 23137.0
44 23137.0
45 23137.0
46 23517.0
47 23742.0
48 23742.0
49 25276.0
50 25199.0
51 25199.0
52 25199.0
53 25199.0
54 25199.0
55 25199.0
56 25199.0
57 26128.0
58 26128.0
59 25618.0
60 26253.0
61 26253.0
62 26253.0
63 26253.0
64 26209.0
65 26246.0
66 26055.0
67 26076.0
68 26076.0
69 26511.0
70 26999.0
71 26413.0
72 27049.0
73 27566.0
74 27931.0
75 27931.0
76 28047.0
77 28047.0
78 28059.0
79 28059.0
80 28047.0
81 28047.0
82 28209.0
83 28209.0
84 28209.0
85 28438.0
86 29044.0
87 29485.0
88 29485.0
89 29044.0
90 29044.0
91 28291.0
92 28291.0
93 28676.0
94 29020.0
95 29249.0
96 29020.0
97 29099.0
98 29099.0
99 29020.0
100 28966.0
101 28966.0
102 28909.0
103 28823.0
104 29312.0
105 29027.0
106 29027.0
107 29084.0
108 29387.0
109 29387.0
110 30004.0
111 30004.0
112 29398.0
113 29398.0
114 29398.0
115 29058.0
116 28967.0
117 28967.0
118 29250.0
119 29250.0
120 29307.0
121 29307.0
122 29307.0
123 29307.0
124 29307.0
125 29359.0
126 29630.0
127 29630.0
128 29630.0
129 29533.0
130 29438.0
131 29438.0
132 29438.0
133 29308.0
134 29239.0
135 29666.0
136 29666.0
137 29666.0
138 29466.0
139 29466.0
140 29466.0
141 29038.0
142 29254.0
143 29254.0
144 29728.0
145 29848.0
146 29848.0
147 31462.0
148 31462.0
149 31462.0
150 29676.0
151 29676.0
152 29676.0
153 29676.0
154 29676.0
155 29676.0
156 29676.0
157 29720.0
158 29823.0
159 29823.0
160 29823.0
161 29720.0
162 29720.0
163 29796.0
164 29796.0
165 29941.0
166 29796.0
167 30286.0
168 30185.0
169 30185.0
170 29453.0
171 30112.0
172 30112.0
173 30112.0
174 30112.0
175 29941.0
176 30093.0
177 30215.0
178 30215.0
179 30215.0
180 30426.0
181 30426.0
182 30426.0
183 30419.0
184 30419.0
185 30419.0
186 30419.0
187 30342.0
188 30354.0
189 30354.0
190 30354.0
191 30599.0
192 30599.0
193 31087.0
194 31242.0
195 31242.0
196 31242.0
197 30808.0
198 30820.0
199 30798.0
200 30798.0
201 30979.0
202 30979.0
203 30979.0
204 30979.0
205 30956.0
206 31140.0
207 31140.0
208 31248.0
209 31129.0
210 31088.0
211 31088.0
212 31021.0
213 31021.0
214 31021.0
215 31021.0
216 31091.0
217 30766.0
218 31146.0
219 31099.0
220 31113.0
221 31113.0
222 31113.0
223 30893.0
224 31042.0
225 31042.0
226 30835.0
227 31045.0
228 31244.0
229 31243.0
230 31345.0
231 31064.0
232 30674.0
233 31179.0
234 31848.0
235 30921.0
236 30921.0
237 30921.0
238 30715.0
239 31390.0
240 31457.0
241 31457.0
242 30983.0
243 31787.0
244 31681.0
245 31681.0
246 31681.0
247 31681.0
248 31805.0
249 31805.0
250 31805.0
251 31333.0
252 31333.0
253 31209.0
254 31209.0
255 32162.0
256 32162.0
257 32162.0
258 32162.0
259 32162.0
260 32162.0
261 32162.0
262 32162.0
263 32030.0
264 31695.0
265 31695.0
266 32062.0
267 32062.0
268 32062.0
269 31776.0
270 31688.0
271 31688.0
272 31935.0
273 31935.0
274 31320.0
275 31945.0
276 31455.0
277 31787.0
278 31787.0
279 31787.0
280 31787.0
281 31787.0
282 32256.0
283 31418.0
284 31518.0
285 31418.0
286 31518.0
287 31518.0
288 31621.0
289 31650.0
290 31650.0
291 31650.0
292 31650.0
293 31650.0
294 31650.0
295 31595.0
296 31957.0
297 31882.0
298 31587.0
299 31587.0
300 31847.0
301 31847.0
302 32013.0
303 32013.0
304 31847.0
305 31877.0
306 31955.0
307 31877.0
308 31816.0
309 32222.0
310 32060.0
311 32060.0
312 32060.0
313 31918.0
314 32362.0
315 32362.0
316 32362.0
317 32952.0
318 32952.0
319 32952.0
320 32952.0
321 32025.0
322 32398.0
323 32398.0
324 32374.0
325 32374.0
326 31918.0
327 31918.0
328 32549.0
329 32549.0
330 32549.0
331 32205.0
332 32268.0
333 32268.0
334 32268.0
335 32268.0
336 32989.0
337 32268.0
338 32268.0
339 32268.0
340 32135.0
341 32135.0
342 32221.0
343 33253.0
344 33253.0
345 32637.0
346 32637.0
347 32520.0
348 32520.0
349 32520.0
350 32520.0
351 32991.0
352 32991.0
353 32634.0
354 32634.0
355 32634.0
356 32669.0
357 32459.0
358 32680.0
359 32982.0
360 32982.0
361 32982.0
362 33115.0
363 33585.0
364 33585.0
365 32954.0
366 32878.0
367 32878.0
368 32878.0
369 32774.0
370 32508.0
371 33132.0
372 33132.0
373 32664.0
374 32487.0
375 32487.0
376 32487.0
377 33412.0
378 33412.0
379 32947.0
380 33207.0
381 33207.0
382 33207.0
383 32807.0
384 33126.0
385 33016.0
386 33016.0
387 33016.0
388 32488.0
389 32488.0
390 32973.0
391 33205.0
392 33205.0
393 33205.0
394 33205.0
395 33193.0
396 32998.0
397 32998.0
398 32940.0
399 32483.0
400 32483.0
401 32643.0
402 32554.0
403 32554.0
404 32696.0
405 32696.0
406 33317.0
407 33317.0
408 33124.0
409 33124.0
410 33124.0
411 33124.0
412 33146.0
413 33082.0
414 33515.0
415 33515.0
416 33515.0
417 33515.0
418 33571.0
419 33625.0
420 33625.0
421 34002.0
422 34002.0
423 34002.0
424 34002.0
425 34002.0
426 33370.0
427 33655.0
428 33655.0
429 33829.0
430 33829.0
431 33829.0
432 33514.0
433 33514.0
434 33514.0
435 33472.0
436 33667.0
437 33667.0
438 33667.0
439 33667.0
440 33388.0
441 33388.0
442 33388.0
443 33151.0
444 34353.0
445 34353.0
446 34353.0
447 34353.0
448 34353.0
449 33408.0
450 33408.0
451 33408.0
452 33317.0
453 33094.0
454 33094.0
455 33221.0
456 33221.0
457 33375.0
458 33716.0
459 33461.0
460 33150.0
461 34055.0
462 33674.0
463 33674.0
464 33674.0
465 33674.0
466 33674.0
467 33504.0
468 33312.0
469 33557.0
470 33557.0
471 33431.0
472 33431.0
473 33683.0
474 33431.0
475 33485.0
476 33909.0
477 33909.0
478 33909.0
479 33909.0
480 33909.0
481 33623.0
482 33559.0
483 33818.0
484 33818.0
485 34068.0
486 34068.0
487 34068.0
488 34068.0
489 34068.0
490 34068.0
491 34068.0
492 33560.0
493 33560.0
494 33560.0
495 33560.0
496 33560.0
497 33405.0
498 33405.0
499 33405.0
500 33620.0
