0 5452.0
1 5867.0
2 6611.0
3 6795.0
4 7389.0
5 7389.0
6 7963.0
7 8103.0
8 9041.0
9 8840.0
10 9332.0
11 9540.0
12 10067.0
13 10066.0
14 10066.0
15 10596.0
16 10709.0
17 11133.0
18 10876.0
19 11400.0
20 11400.0
21 11423.0
22 11717.0
23 11717.0
24 11944.0
25 11863.0
26 12144.0
27 12406.0
28 12406.0
29 12503.0
30 12503.0
31 12503.0
32 12528.0
33 12528.0
34 12691.0
35 12691.0
36 12673.0
37 12807.0
38 13200.0
39 13011.0
40 13081.0
41 13081.0
42 13322.0
43 13322.0
44 13322.0
45 13322.0
46 13081.0
47 13127.0
48 13101.0
49 13131.0
50 13131.0
51 13333.0
52 13269.0
53 13269.0
54 13269.0
55 13406.0
56 13330.0
57 13330.0
58 13352.0
59 13352.0
60 13352.0
61 13525.0
62 13640.0
63 13640.0
64 13525.0
65 13525.0
66 13525.0
67 13552.0
68 13552.0
69 13542.0
70 13582.0
71 13542.0
72 13543.0
73 13583.0
74 13784.0
75 13784.0
76 13784.0
77 13784.0
78 13678.0
79 13657.0
80 13662.0
81 13714.0
82 13714.0
83 13714.0
84 13812.0
85 13933.0
86 13933.0
87 13829.0
88 13862.0
89 13839.0
90 13839.0
91 13821.0
92 13829.0
93 13863.0
94 13863.0
95 13884.0
96 13884.0
97 13908.0
98 13908.0
99 13908.0
100 13908.0
