0 21300.0
1 21382.0
2 24122.0
3 24122.0
4 25291.0
5 27480.0
6 28458.0
7 28660.0
8 28925.0
9 30915.0
10 32698.0
11 33633.0
12 33633.0
13 36762.0
14 37283.0
15 37283.0
16 37962.0
17 40266.0
18 40074.0
19 41110.0
20 42765.0
21 44127.0
22 45542.0
23 47689.0
24 49651.0
25 49651.0
26 48366.0
27 50844.0
28 50915.0
29 50915.0
30 53683.0
31 55781.0
32 56165.0
33 56210.0
34 58821.0
35 58821.0
36 59606.0
37 60147.0
38 61626.0
39 61626.0
40 65604.0
41 65604.0
42 65604.0
43 65604.0
44 65604.0
45 65604.0
46 67690.0
47 67690.0
48 68303.0
49 68303.0
50 69490.0
51 71011.0
52 68292.0
53 68772.0
54 70900.0
55 70921.0
56 71189.0
57 72796.0
58 71906.0
59 71906.0
60 72736.0
61 73121.0
62 76596.0
63 76596.0
64 76596.0
65 76596.0
66 76596.0
67 76596.0
68 77372.0
69 76596.0
70 78126.0
71 78126.0
72 78559.0
73 78559.0
74 78559.0
75 79017.0
76 80885.0
77 85797.0
78 85797.0
79 85797.0
80 85797.0
81 85797.0
82 83574.0
83 83574.0
84 83802.0
85 83396.0
86 83396.0
87 83396.0
88 82006.0
89 82647.0
90 84005.0
91 84005.0
92 86335.0
93 86335.0
94 86335.0
95 86335.0
96 86894.0
97 87876.0
98 87876.0
99 89478.0
100 87168.0
101 87168.0
102 87168.0
103 87168.0
104 87168.0
105 87168.0
106 88760.0
107 87168.0
108 88998.0
109 90179.0
110 90179.0
111 89643.0
112 89010.0
113 89445.0
114 92254.0
115 89647.0
116 91824.0
117 91824.0
118 91824.0
119 91824.0
120 90585.0
121 90264.0
122 90264.0
123 93790.0
124 93790.0
125 93790.0
126 91712.0
127 91712.0
128 90422.0
129 90422.0
130 92155.0
131 93437.0
132 93437.0
133 93437.0
134 94968.0
135 94968.0
136 94968.0
137 91615.0
138 93633.0
139 94713.0
140 94713.0
141 96917.0
142 94713.0
143 94713.0
144 94713.0
145 93180.0
146 94460.0
147 94460.0
148 94970.0
149 98073.0
150 98073.0
151 95928.0
152 95928.0
153 95928.0
154 96433.0
155 96433.0
156 96884.0
157 96884.0
158 97803.0
159 97803.0
160 97803.0
161 102341.0
162 102341.0
163 97803.0
164 97803.0
165 96656.0
166 96656.0
167 97299.0
168 97299.0
169 97299.0
170 100834.0
171 100834.0
172 98571.0
173 98571.0
174 98571.0
175 99088.0
176 99088.0
177 98571.0
178 100245.0
179 100245.0
180 100245.0
181 100245.0
182 100229.0
183 100229.0
184 100229.0
185 99402.0
186 100499.0
187 100499.0
188 100850.0
189 100850.0
190 100850.0
191 102244.0
192 102244.0
193 101800.0
194 103775.0
195 103362.0
196 101666.0
197 105027.0
198 101666.0
199 103997.0
200 103061.0
201 101666.0
202 101783.0
203 102468.0
204 104001.0
205 103542.0
206 103151.0
207 101459.0
208 102018.0
209 105215.0
210 105730.0
211 102343.0
212 103481.0
213 103481.0
214 101494.0
215 103232.0
216 103232.0
217 103232.0
218 103232.0
219 103232.0
220 103319.0
221 103232.0
222 104788.0
223 104788.0
224 102199.0
225 103185.0
226 103185.0
227 104969.0
228 104969.0
229 104969.0
230 104969.0
231 104023.0
232 104023.0
233 104023.0
234 107681.0
235 107681.0
236 107681.0
237 107610.0
238 107610.0
239 107610.0
240 108562.0
241 107610.0
242 107610.0
243 107610.0
244 107610.0
245 106344.0
246 106344.0
247 104974.0
248 104974.0
249 105926.0
250 106700.0
251 106700.0
252 104768.0
253 104768.0
254 105650.0
255 105822.0
256 103798.0
257 103614.0
258 103614.0
259 106031.0
260 106031.0
261 104536.0
262 104536.0
263 105130.0
264 107693.0
265 107693.0
266 107693.0
267 107693.0
268 107693.0
269 107693.0
270 107693.0
271 107693.0
272 107693.0
273 105614.0
274 108672.0
275 108076.0
276 106978.0
277 106519.0
278 106519.0
279 106519.0
280 110371.0
281 112659.0
282 112659.0
283 109381.0
284 109381.0
285 105544.0
286 105544.0
287 104902.0
288 107527.0
289 105981.0
290 106309.0
291 109276.0
292 109276.0
293 109276.0
294 109193.0
295 108681.0
296 108681.0
297 108681.0
298 108681.0
299 109063.0
300 109896.0
301 109896.0
302 109293.0
303 108119.0
304 108119.0
305 109120.0
306 111548.0
307 111548.0
308 110128.0
309 110128.0
310 110128.0
311 110128.0
312 110128.0
313 108122.0
314 109073.0
315 116158.0
316 116158.0
317 116158.0
318 116158.0
319 109774.0
320 109774.0
321 110230.0
322 110230.0
323 112875.0
324 110112.0
325 110112.0
326 110112.0
327 110032.0
328 110032.0
329 109874.0
330 112414.0
331 109475.0
332 111572.0
333 109475.0
334 110888.0
335 113421.0
336 113421.0
337 113421.0
338 113421.0
339 113314.0
340 113314.0
341 113314.0
342 113314.0
343 113433.0
344 114263.0
345 114263.0
346 114263.0
347 114263.0
348 114263.0
349 114263.0
350 113314.0
351 113702.0
352 113702.0
353 113702.0
354 112561.0
355 115663.0
356 115663.0
357 115663.0
358 115663.0
359 115663.0
360 115663.0
361 112754.0
362 113701.0
363 112754.0
364 111481.0
365 112432.0
366 112919.0
367 115508.0
368 115508.0
369 114337.0
370 114337.0
371 114337.0
372 114337.0
373 112277.0
374 112556.0
375 113321.0
376 115056.0
377 115056.0
378 115056.0
379 116961.0
380 115056.0
381 115056.0
382 115056.0
383 115056.0
384 115056.0
385 115878.0
386 115878.0
387 116304.0
388 116304.0
389 116241.0
390 116241.0
391 116241.0
392 116241.0
393 116241.0
394 116241.0
395 113657.0
396 114609.0
397 114609.0
398 113416.0
399 114167.0
400 114577.0
401 115461.0
402 115461.0
403 115461.0
404 114928.0
405 116011.0
406 116011.0
407 116011.0
408 116011.0
409 115142.0
410 115142.0
411 115142.0
412 115142.0
413 115142.0
414 114897.0
415 115995.0
416 115707.0
417 116441.0
418 118032.0
419 117653.0
420 119345.0
421 116607.0
422 116360.0
423 119029.0
424 119029.0
425 119029.0
426 116582.0
427 116582.0
428 116582.0
429 116582.0
430 117794.0
431 117794.0
432 117794.0
433 117794.0
434 117794.0
435 118857.0
436 118857.0
437 118857.0
438 118857.0
439 118857.0
440 119670.0
441 118857.0
442 116013.0
443 116148.0
444 121916.0
445 121916.0
446 121916.0
447 117443.0
448 117443.0
449 118743.0
450 117443.0
451 118249.0
452 117443.0
453 119210.0
454 119210.0
455 121614.0
456 121614.0
457 121614.0
458 121614.0
459 121614.0
460 121614.0
461 121614.0
462 121614.0
463 121614.0
464 121614.0
465 118384.0
466 119058.0
467 119058.0
468 119058.0
469 119568.0
470 119568.0
471 119568.0
472 119568.0
473 119568.0
474 119568.0
475 117317.0
476 117931.0
477 117931.0
478 118153.0
479 118720.0
480 118720.0
481 119071.0
482 117453.0
483 118545.0
484 119633.0
485 121208.0
486 119633.0
487 118185.0
488 118185.0
489 118185.0
490 118449.0
491 118962.0
492 119861.0
493 119861.0
494 119861.0
495 119861.0
496 119861.0
497 122709.0
498 122709.0
499 122709.0
500 120321.0
501 119861.0
502 119861.0
503 122828.0
504 122828.0
505 121374.0
506 121374.0
507 120227.0
508 120227.0
509 120227.0
510 121915.0
511 122175.0
512 122175.0
513 122175.0
514 122175.0
515 120474.0
516 120918.0
517 120918.0
518 120474.0
519 120474.0
520 120474.0
521 121023.0
522 121992.0
523 121992.0
524 121992.0
525 121951.0
526 121951.0
527 120327.0
528 123447.0
529 123447.0
530 123447.0
531 123447.0
532 123447.0
533 123447.0
534 120556.0
535 122429.0
536 122429.0
537 122429.0
538 122429.0
539 120318.0
540 120318.0
541 119586.0
542 126362.0
543 123534.0
544 120963.0
545 120963.0
546 120863.0
547 121828.0
548 120221.0
549 120221.0
550 122288.0
551 122288.0
552 122288.0
553 126049.0
554 126049.0
555 119511.0
556 119356.0
557 120628.0
558 120292.0
559 120292.0
560 120935.0
561 126511.0
562 121341.0
563 121341.0
564 122371.0
565 122403.0
566 123565.0
567 123565.0
568 123565.0
569 123565.0
570 123565.0
571 124093.0
572 125458.0
573 124999.0
574 123005.0
575 123005.0
576 123005.0
577 128444.0
578 128444.0
579 128444.0
580 128444.0
581 124024.0
582 124054.0
583 124054.0
584 125685.0
585 125461.0
586 125461.0
587 124024.0
588 125758.0
589 124596.0
590 124596.0
591 124596.0
592 124596.0
593 125032.0
594 125032.0
595 125032.0
596 123606.0
597 124861.0
598 124965.0
599 124965.0
600 124965.0
601 124779.0
602 127070.0
603 127202.0
604 124610.0
605 126011.0
606 126011.0
607 124240.0
608 124240.0
609 129060.0
610 129060.0
611 129060.0
612 129060.0
613 125965.0
614 123436.0
615 123214.0
616 122521.0
617 127106.0
618 127106.0
619 126451.0
620 126451.0
621 126451.0
622 126451.0
623 126451.0
624 126204.0
625 127034.0
626 128100.0
627 128100.0
628 128100.0
629 128100.0
630 127091.0
631 129850.0
632 128436.0
633 128436.0
634 128538.0
635 128538.0
636 130605.0
637 130605.0
638 130605.0
639 125876.0
640 125876.0
641 128302.0
642 129502.0
643 129502.0
644 129502.0
645 129502.0
646 127171.0
647 126559.0
648 128503.0
649 128503.0
650 128503.0
651 128503.0
652 128503.0
653 128049.0
654 128049.0
655 126892.0
656 126735.0
657 126303.0
658 126303.0
659 127930.0
660 127930.0
661 129659.0
662 127327.0
663 126303.0
664 125949.0
665 125750.0
666 131190.0
667 131190.0
668 130178.0
669 130178.0
670 130178.0
671 130178.0
672 130178.0
673 130276.0
674 130890.0
675 130890.0
676 130890.0
677 134364.0
678 134364.0
679 134364.0
680 134364.0
681 134364.0
682 134364.0
683 127514.0
684 128027.0
685 128913.0
686 129704.0
687 130071.0
688 130071.0
689 129704.0
690 129704.0
691 132081.0
692 129704.0
693 130080.0
694 128832.0
695 128832.0
696 128832.0
697 129244.0
698 129244.0
699 129244.0
700 129894.0
701 129894.0
702 130466.0
703 128967.0
704 128565.0
705 128516.0
706 128516.0
707 128918.0
708 130527.0
709 130527.0
710 128621.0
711 128516.0
712 128516.0
713 129329.0
714 129329.0
715 128303.0
716 129832.0
717 133164.0
718 133164.0
719 131485.0
720 131485.0
721 131485.0
722 131485.0
723 131485.0
724 131485.0
725 131485.0
726 130119.0
727 130119.0
728 130119.0
729 128621.0
730 130308.0
731 130308.0
732 130308.0
733 131384.0
734 131384.0
735 131384.0
736 132738.0
737 132738.0
738 131452.0
739 131519.0
740 131519.0
741 132402.0
742 132402.0
743 132402.0
744 131041.0
745 131041.0
746 129615.0
747 129108.0
748 131312.0
749 133044.0
750 133164.0
751 133044.0
752 133044.0
753 133044.0
754 133044.0
755 133044.0
756 133044.0
757 129150.0
758 130163.0
759 130163.0
760 130163.0
761 130163.0
762 130163.0
763 130163.0
764 133842.0
765 133842.0
766 130719.0
767 136580.0
768 131028.0
769 130077.0
770 129758.0
771 129758.0
772 129352.0
773 129972.0
774 130377.0
775 131302.0
776 131302.0
777 131987.0
778 131564.0
779 132923.0
780 130858.0
781 130858.0
782 130748.0
783 133782.0
784 133782.0
785 134628.0
786 134628.0
787 134628.0
788 130970.0
789 130970.0
790 130970.0
791 133059.0
792 130970.0
793 131469.0
794 131469.0
795 131078.0
796 131665.0
797 132087.0
798 132769.0
799 132769.0
800 131665.0
801 131665.0
802 131665.0
803 131665.0
804 131665.0
805 130404.0
806 130391.0
807 130547.0
808 130547.0
809 130987.0
810 130987.0
811 130987.0
812 130756.0
813 130756.0
814 132821.0
815 131998.0
816 131998.0
817 131582.0
818 134903.0
819 132894.0
820 132894.0
821 132894.0
822 132894.0
823 130296.0
824 130296.0
825 131154.0
826 129574.0
827 130524.0
828 130524.0
829 132202.0
830 132202.0
831 132202.0
832 132202.0
833 132202.0
834 132202.0
835 132202.0
836 132202.0
837 129506.0
838 130505.0
839 130505.0
840 130505.0
841 130505.0
842 130505.0
843 130604.0
844 131881.0
845 131881.0
846 131881.0
847 132366.0
848 130505.0
849 135937.0
850 131341.0
851 131341.0
852 133714.0
853 133714.0
854 133714.0
855 133714.0
856 131341.0
857 130422.0
858 130422.0
859 130965.0
860 130965.0
861 130965.0
862 130965.0
863 130965.0
864 130965.0
865 132882.0
866 134049.0
867 134049.0
868 134049.0
869 134049.0
870 134049.0
871 133477.0
872 133477.0
873 133477.0
874 135401.0
875 135329.0
876 135329.0
877 135331.0
878 135331.0
879 135080.0
880 135080.0
881 135080.0
882 136820.0
883 136820.0
884 135041.0
885 136463.0
886 136463.0
887 136463.0
888 136463.0
889 136463.0
890 136463.0
891 136463.0
892 136463.0
893 136463.0
894 136463.0
895 132759.0
896 132450.0
897 132450.0
898 133998.0
899 133998.0
900 136424.0
901 136424.0
902 136424.0
903 136424.0
904 136424.0
905 132362.0
906 131826.0
907 131826.0
908 131826.0
909 131832.0
910 131832.0
911 132275.0
912 132275.0
913 136099.0
914 136099.0
915 136844.0
916 133343.0
917 133343.0
918 134004.0
919 134004.0
920 134004.0
921 134114.0
922 134114.0
923 134114.0
924 139385.0
925 132327.0
926 134163.0
927 134203.0
928 137390.0
929 137390.0
930 134232.0
931 134232.0
932 132855.0
933 134861.0
934 135496.0
935 136836.0
936 137239.0
937 137239.0
938 137239.0
939 137239.0
940 136077.0
941 136077.0
942 136077.0
943 137874.0
944 138511.0
945 138511.0
946 138511.0
947 136077.0
948 136077.0
949 136253.0
950 136253.0
951 136077.0
952 137964.0
953 137964.0
954 134831.0
955 135390.0
956 135390.0
957 135390.0
958 136117.0
959 136928.0
960 135726.0
961 135726.0
962 136412.0
963 138596.0
964 138596.0
965 138596.0
966 136191.0
967 137249.0
968 135810.0
969 135810.0
970 134774.0
971 135650.0
972 135882.0
973 135674.0
974 135674.0
975 135674.0
976 135674.0
977 136901.0
978 134456.0
979 135112.0
980 136435.0
981 135112.0
982 135112.0
983 136837.0
984 140649.0
985 137823.0
986 137823.0
987 139662.0
988 139662.0
989 139662.0
990 139662.0
991 143251.0
992 139662.0
993 139662.0
994 139662.0
995 139662.0
996 139662.0
997 139662.0
998 139662.0
999 139662.0
1000 139662.0
