0 5337.0
1 5591.0
2 6030.0
3 6307.0
4 6916.0
5 7313.0
6 7734.0
7 8038.0
8 8235.0
9 8686.0
10 8975.0
11 8975.0
12 9585.0
13 9783.0
14 10432.0
15 10499.0
16 10580.0
17 10634.0
18 10772.0
19 11366.0
20 11194.0
21 11217.0
22 11654.0
23 11971.0
24 11971.0
25 12109.0
26 12109.0
27 12205.0
28 12517.0
29 12517.0
30 12517.0
31 12517.0
32 12777.0
33 12777.0
34 12825.0
35 12777.0
36 12846.0
37 12772.0
38 12743.0
39 12875.0
40 12875.0
41 12875.0
42 12875.0
43 13414.0
44 13414.0
45 13414.0
46 13414.0
47 13005.0
48 13291.0
49 13179.0
50 13179.0
51 13264.0
52 13242.0
53 13264.0
54 13469.0
55 13334.0
56 13418.0
57 13533.0
58 13533.0
59 13533.0
60 13577.0
61 13548.0
62 13422.0
63 13643.0
64 13643.0
65 13643.0
66 13734.0
67 13576.0
68 13642.0
69 13676.0
70 13843.0
71 13843.0
72 13724.0
73 13685.0
74 13701.0
75 13701.0
76 13701.0
77 13701.0
78 13701.0
79 13803.0
80 13767.0
81 13756.0
82 13776.0
83 13849.0
84 13845.0
85 13842.0
86 13975.0
87 13975.0
88 13975.0
89 13975.0
90 14010.0
91 14009.0
92 14009.0
93 14009.0
94 14010.0
95 14010.0
96 14023.0
97 14023.0
98 14023.0
99 14023.0
100 14027.0
101 14027.0
102 14027.0
103 14027.0
104 14027.0
105 14027.0
106 14027.0
107 14027.0
108 14027.0
109 14027.0
110 14027.0
111 14027.0
112 14027.0
113 14027.0
114 14027.0
115 14027.0
116 14027.0
117 14027.0
118 14027.0
119 14027.0
120 14027.0
121 14027.0
122 14027.0
123 14027.0
124 14027.0
125 14027.0
126 14027.0
127 14027.0
128 14027.0
129 14027.0
130 14027.0
131 14027.0
132 14027.0
133 14027.0
134 14027.0
135 14027.0
136 14027.0
137 14027.0
138 14027.0
139 14027.0
140 14027.0
141 14027.0
142 14027.0
143 14027.0
144 14027.0
145 14027.0
146 14027.0
147 14027.0
148 14027.0
149 14027.0
150 14027.0
151 14027.0
152 14027.0
153 14027.0
154 14027.0
155 14027.0
156 14027.0
157 14027.0
158 14027.0
159 14027.0
160 14027.0
161 14027.0
162 14027.0
163 14027.0
164 14027.0
165 14027.0
166 14027.0
167 14027.0
168 14027.0
169 14027.0
170 14027.0
171 14027.0
172 14027.0
173 14027.0
174 14027.0
175 14027.0
176 14027.0
177 14027.0
178 14027.0
179 14027.0
180 14027.0
181 14027.0
182 14027.0
183 14027.0
184 14027.0
185 14027.0
186 14027.0
187 14027.0
188 14027.0
189 14027.0
190 14027.0
191 14027.0
192 14027.0
193 14027.0
194 14027.0
195 14027.0
196 14027.0
197 14027.0
198 14027.0
199 14027.0
200 14027.0
201 14027.0
202 14027.0
203 14027.0
204 14027.0
205 14027.0
206 14027.0
207 14027.0
208 14027.0
209 14027.0
210 14027.0
211 14027.0
212 14027.0
213 14027.0
214 14027.0
215 14027.0
216 14027.0
217 14027.0
218 14027.0
219 14027.0
220 14027.0
221 14027.0
222 14027.0
223 14027.0
224 14027.0
225 14027.0
226 14027.0
227 14027.0
228 14027.0
229 14027.0
230 14027.0
231 14027.0
232 14027.0
233 14027.0
234 14027.0
235 14027.0
236 14027.0
237 14027.0
238 14027.0
239 14027.0
240 14027.0
241 14027.0
242 14027.0
243 14027.0
244 14027.0
245 14027.0
246 14027.0
247 14027.0
248 14027.0
249 14027.0
250 14027.0
251 14027.0
252 14027.0
253 14027.0
254 14027.0
255 14027.0
256 14027.0
257 14027.0
258 14027.0
259 14027.0
260 14027.0
261 14027.0
262 14027.0
263 14027.0
264 14027.0
265 14027.0
266 14027.0
267 14027.0
268 14027.0
269 14027.0
270 14027.0
271 14027.0
272 14027.0
273 14027.0
274 14027.0
275 14027.0
276 14027.0
277 14027.0
278 14027.0
279 14027.0
280 14027.0
281 14027.0
282 14027.0
283 14027.0
284 14027.0
285 14027.0
286 14027.0
287 14027.0
288 14027.0
289 14027.0
290 14027.0
291 14027.0
292 14027.0
293 14027.0
294 14027.0
295 14027.0
296 14027.0
297 14029.0
298 14029.0
299 14029.0
300 14029.0
301 14029.0
302 14029.0
303 14029.0
304 14029.0
305 14029.0
306 14029.0
307 14029.0
308 14029.0
309 14029.0
310 14029.0
311 14054.0
312 14054.0
313 14054.0
314 14054.0
315 14054.0
316 14054.0
317 14054.0
318 14054.0
319 14054.0
320 14029.0
321 14029.0
322 14029.0
323 14029.0
324 14029.0
325 14029.0
326 14029.0
327 14029.0
328 14029.0
329 14029.0
330 14029.0
331 14029.0
332 14029.0
333 14029.0
334 14029.0
335 14029.0
336 14054.0
337 14049.0
338 14049.0
339 14049.0
340 14049.0
341 14049.0
342 14054.0
343 14054.0
344 14054.0
345 14054.0
346 14054.0
347 14054.0
348 14054.0
349 14054.0
350 14054.0
351 14054.0
352 14054.0
353 14054.0
354 14054.0
355 14054.0
356 14054.0
357 14054.0
358 14054.0
359 14056.0
360 14054.0
361 14054.0
362 14054.0
363 14054.0
364 14054.0
365 14054.0
366 14054.0
367 14054.0
368 14054.0
369 14054.0
370 14054.0
371 14054.0
372 14054.0
373 14054.0
374 14054.0
375 14054.0
376 14054.0
377 14054.0
378 14054.0
379 14054.0
380 14056.0
381 14056.0
382 14054.0
383 14054.0
384 14054.0
385 14054.0
386 14054.0
387 14054.0
388 14054.0
389 14054.0
390 14054.0
391 14054.0
392 14054.0
393 14054.0
394 14054.0
395 14054.0
396 14054.0
397 14054.0
398 14054.0
399 14054.0
400 14054.0
401 14054.0
402 14054.0
403 14054.0
404 14054.0
405 14054.0
406 14054.0
407 14054.0
408 14054.0
409 14054.0
410 14054.0
411 14054.0
412 14054.0
413 14054.0
414 14054.0
415 14054.0
416 14054.0
417 14054.0
418 14054.0
419 14054.0
420 14054.0
421 14054.0
422 14054.0
423 14054.0
424 14054.0
425 14054.0
426 14054.0
427 14054.0
428 14054.0
429 14054.0
430 14054.0
431 14054.0
432 14054.0
433 14054.0
434 14054.0
435 14054.0
436 14054.0
437 14054.0
438 14054.0
439 14054.0
440 14054.0
441 14054.0
442 14054.0
443 14054.0
444 14054.0
445 14054.0
446 14054.0
447 14054.0
448 14054.0
449 14054.0
450 14054.0
451 14054.0
452 14054.0
453 14054.0
454 14054.0
455 14054.0
456 14054.0
457 14054.0
458 14054.0
459 14054.0
460 14054.0
461 14054.0
462 14054.0
463 14054.0
464 14054.0
465 14054.0
466 14054.0
467 14054.0
468 14054.0
469 14054.0
470 14054.0
471 14054.0
472 14054.0
473 14054.0
474 14054.0
475 14054.0
476 14054.0
477 14054.0
478 14054.0
479 14054.0
480 14054.0
481 14054.0
482 14054.0
483 14054.0
484 14054.0
485 14054.0
486 14054.0
487 14054.0
488 14054.0
489 14054.0
490 14054.0
491 14054.0
492 14054.0
493 14054.0
494 14054.0
495 14054.0
496 14054.0
497 14054.0
498 14054.0
499 14054.0
500 14054.0
501 14054.0
502 14054.0
503 14054.0
504 14054.0
505 14054.0
506 14054.0
507 14054.0
508 14054.0
509 14054.0
510 14054.0
511 14054.0
512 14054.0
513 14054.0
514 14054.0
515 14054.0
516 14054.0
517 14054.0
518 14054.0
519 14054.0
520 14054.0
521 14054.0
522 14054.0
523 14054.0
524 14054.0
525 14054.0
526 14054.0
527 14054.0
528 14054.0
529 14054.0
530 14054.0
531 14054.0
532 14054.0
533 14054.0
534 14054.0
535 14054.0
536 14054.0
537 14054.0
538 14054.0
539 14054.0
540 14054.0
541 14054.0
542 14054.0
543 14054.0
544 14054.0
545 14054.0
546 14054.0
547 14054.0
548 14054.0
549 14054.0
550 14054.0
551 14054.0
552 14054.0
553 14054.0
554 14054.0
555 14054.0
556 14054.0
557 14054.0
558 14054.0
559 14054.0
560 14054.0
561 14054.0
562 14054.0
563 14054.0
564 14054.0
565 14054.0
566 14054.0
567 14054.0
568 14054.0
569 14054.0
570 14054.0
571 14054.0
572 14054.0
573 14054.0
574 14054.0
575 14054.0
576 14054.0
577 14054.0
578 14054.0
579 14054.0
580 14054.0
581 14054.0
582 14054.0
583 14054.0
584 14054.0
585 14054.0
586 14054.0
587 14054.0
588 14054.0
589 14054.0
590 14054.0
591 14054.0
592 14054.0
593 14054.0
594 14054.0
595 14054.0
596 14054.0
597 14054.0
598 14054.0
599 14054.0
600 14054.0
601 14054.0
602 14054.0
603 14054.0
604 14054.0
605 14054.0
606 14054.0
607 14054.0
608 14054.0
609 14054.0
610 14054.0
611 14054.0
612 14054.0
613 14054.0
614 14054.0
615 14056.0
616 14054.0
617 14054.0
618 14054.0
619 14054.0
620 14054.0
621 14054.0
622 14054.0
623 14054.0
624 14054.0
625 14054.0
626 14054.0
627 14054.0
628 14054.0
629 14054.0
630 14054.0
631 14054.0
632 14054.0
633 14054.0
634 14054.0
635 14054.0
636 14054.0
637 14054.0
638 14054.0
639 14054.0
640 14054.0
641 14054.0
642 14054.0
643 14054.0
644 14054.0
645 14054.0
646 14054.0
647 14054.0
648 14054.0
649 14054.0
650 14054.0
651 14054.0
652 14054.0
653 14054.0
654 14054.0
655 14054.0
656 14054.0
657 14054.0
658 14054.0
659 14054.0
660 14054.0
661 14054.0
662 14054.0
663 14054.0
664 14054.0
665 14054.0
666 14054.0
667 14054.0
668 14054.0
669 14054.0
670 14054.0
671 14054.0
672 14054.0
673 14054.0
674 14054.0
675 14054.0
676 14054.0
677 14054.0
678 14054.0
679 14054.0
680 14054.0
681 14054.0
682 14054.0
683 14054.0
684 14054.0
685 14054.0
686 14054.0
687 14054.0
688 14054.0
689 14054.0
690 14054.0
691 14054.0
692 14054.0
693 14054.0
694 14054.0
695 14054.0
696 14054.0
697 14054.0
698 14054.0
699 14054.0
700 14054.0
701 14054.0
702 14054.0
703 14056.0
704 14056.0
705 14056.0
706 14056.0
707 14056.0
708 14056.0
709 14056.0
710 14056.0
711 14056.0
712 14056.0
713 14056.0
714 14056.0
715 14056.0
716 14056.0
717 14054.0
718 14054.0
719 14054.0
720 14054.0
721 14054.0
722 14054.0
723 14054.0
724 14054.0
725 14054.0
726 14054.0
727 14054.0
728 14054.0
729 14054.0
730 14054.0
731 14054.0
732 14054.0
733 14054.0
734 14054.0
735 14054.0
736 14054.0
737 14054.0
738 14054.0
739 14054.0
740 14054.0
741 14054.0
742 14054.0
743 14054.0
744 14054.0
745 14054.0
746 14054.0
747 14054.0
748 14054.0
749 14054.0
750 14054.0
751 14054.0
752 14054.0
753 14054.0
754 14054.0
755 14054.0
756 14054.0
757 14054.0
758 14054.0
759 14054.0
760 14054.0
761 14054.0
762 14054.0
763 14054.0
764 14054.0
765 14054.0
766 14054.0
767 14054.0
768 14054.0
769 14054.0
770 14054.0
771 14054.0
772 14054.0
773 14054.0
774 14054.0
775 14054.0
776 14054.0
777 14054.0
778 14054.0
779 14054.0
780 14054.0
781 14054.0
782 14054.0
783 14054.0
784 14054.0
785 14054.0
786 14054.0
787 14054.0
788 14054.0
789 14054.0
790 14054.0
791 14054.0
792 14054.0
793 14054.0
794 14054.0
795 14054.0
796 14054.0
797 14054.0
798 14054.0
799 14054.0
800 14054.0
801 14054.0
802 14054.0
803 14054.0
804 14054.0
805 14054.0
806 14054.0
807 14054.0
808 14054.0
809 14054.0
810 14054.0
811 14054.0
812 14054.0
813 14054.0
814 14054.0
815 14054.0
816 14054.0
817 14054.0
818 14054.0
819 14054.0
820 14054.0
821 14054.0
822 14054.0
823 14054.0
824 14054.0
825 14054.0
826 14054.0
827 14054.0
828 14054.0
829 14054.0
830 14054.0
831 14054.0
832 14054.0
833 14054.0
834 14054.0
835 14054.0
836 14054.0
837 14054.0
838 14054.0
839 14054.0
840 14054.0
841 14054.0
842 14054.0
843 14054.0
844 14054.0
845 14054.0
846 14054.0
847 14054.0
848 14054.0
849 14054.0
850 14054.0
851 14054.0
852 14054.0
853 14054.0
854 14054.0
855 14054.0
856 14054.0
857 14054.0
858 14054.0
859 14054.0
860 14054.0
861 14054.0
862 14054.0
863 14054.0
864 14054.0
865 14054.0
866 14054.0
867 14054.0
868 14054.0
869 14054.0
870 14054.0
871 14054.0
872 14054.0
873 14054.0
874 14054.0
875 14054.0
876 14054.0
877 14054.0
878 14054.0
879 14054.0
880 14054.0
881 14054.0
882 14054.0
883 14054.0
884 14054.0
885 14054.0
886 14054.0
887 14054.0
888 14054.0
889 14054.0
890 14054.0
891 14054.0
892 14054.0
893 14054.0
894 14054.0
895 14054.0
896 14054.0
897 14054.0
898 14054.0
899 14054.0
900 14054.0
901 14054.0
902 14054.0
903 14054.0
904 14054.0
905 14054.0
906 14054.0
907 14054.0
908 14054.0
909 14054.0
910 14054.0
911 14054.0
912 14054.0
913 14054.0
914 14054.0
915 14054.0
916 14054.0
917 14054.0
918 14054.0
919 14054.0
920 14054.0
921 14054.0
922 14054.0
923 14054.0
924 14054.0
925 14054.0
926 14054.0
927 14054.0
928 14054.0
929 14054.0
930 14054.0
931 14054.0
932 14054.0
933 14054.0
934 14054.0
935 14054.0
936 14054.0
937 14054.0
938 14054.0
939 14054.0
940 14054.0
941 14054.0
942 14054.0
943 14054.0
944 14054.0
945 14054.0
946 14054.0
947 14054.0
948 14054.0
949 14054.0
950 14054.0
951 14054.0
952 14054.0
953 14054.0
954 14054.0
955 14054.0
956 14054.0
957 14054.0
958 14054.0
959 14054.0
960 14054.0
961 14054.0
962 14054.0
963 14054.0
964 14054.0
965 14054.0
966 14054.0
967 14054.0
968 14054.0
969 14054.0
970 14054.0
971 14054.0
972 14054.0
973 14054.0
974 14054.0
975 14054.0
976 14054.0
977 14054.0
978 14054.0
979 14054.0
980 14054.0
981 14054.0
982 14054.0
983 14054.0
984 14054.0
985 14054.0
986 14054.0
987 14054.0
988 14054.0
989 14054.0
990 14054.0
991 14054.0
992 14054.0
993 14054.0
994 14054.0
995 14054.0
996 14054.0
997 14054.0
998 14054.0
999 14054.0
1000 14054.0
