0 6199.0
1 6579.0
2 7447.0
3 7760.0
4 8279.0
5 8747.0
6 9867.0
7 11136.0
8 11623.0
9 11623.0
10 11122.0
11 11458.0
12 12071.0
13 12696.0
14 13379.0
15 13402.0
16 13953.0
17 14708.0
18 14419.0
19 15007.0
20 16031.0
21 15669.0
22 16012.0
23 16212.0
24 16833.0
25 17206.0
26 17700.0
27 18493.0
28 19444.0
29 19444.0
30 20051.0
31 20051.0
32 19637.0
33 19745.0
34 20930.0
35 20930.0
36 20930.0
37 20930.0
38 22383.0
39 22383.0
40 22339.0
41 22260.0
42 23011.0
43 24331.0
44 24331.0
45 23020.0
46 23020.0
47 24134.0
48 24134.0
49 24134.0
50 24812.0
51 24812.0
52 24812.0
53 24922.0
54 25133.0
55 26129.0
56 26129.0
57 25356.0
58 25785.0
59 25609.0
60 25435.0
61 26910.0
62 27130.0
63 27130.0
64 27130.0
65 27176.0
66 27020.0
67 27182.0
68 27522.0
69 27522.0
70 27522.0
71 27522.0
72 27522.0
73 27522.0
74 28006.0
75 28461.0
76 28461.0
77 28461.0
78 28461.0
79 28461.0
80 28839.0
81 29453.0
82 29453.0
83 29453.0
84 29083.0
85 28638.0
86 28839.0
87 28839.0
88 29278.0
89 29278.0
90 29453.0
91 30009.0
92 30543.0
93 29575.0
94 29575.0
95 29726.0
96 30447.0
97 30447.0
98 30447.0
99 30447.0
100 30514.0
