0 4508.0
1 5171.0
2 5171.0
3 5408.0
4 5465.0
5 6274.0
6 6585.0
7 6585.0
8 7230.0
9 7230.0
10 7754.0
11 7956.0
12 8124.0
13 8124.0
14 8350.0
15 8489.0
16 8928.0
17 8928.0
18 8981.0
19 9361.0
20 9432.0
21 9244.0
22 9584.0
23 9584.0
24 9776.0
25 9776.0
26 9860.0
27 9776.0
28 9792.0
29 10264.0
30 10264.0
31 10469.0
32 10603.0
33 10603.0
34 10535.0
35 10535.0
36 10535.0
37 10535.0
38 11019.0
39 10955.0
40 10856.0
41 10908.0
42 10908.0
43 10908.0
44 10908.0
45 10908.0
46 10924.0
47 11119.0
48 11119.0
49 10991.0
50 11058.0
51 11031.0
52 11019.0
53 11110.0
54 11113.0
55 11160.0
56 11225.0
57 11284.0
58 11284.0
59 11332.0
60 11464.0
61 11417.0
62 11417.0
63 11332.0
64 11332.0
65 11348.0
66 11348.0
67 11358.0
68 11358.0
69 11358.0
70 11356.0
71 11356.0
72 11356.0
73 11358.0
74 11356.0
75 11399.0
76 11399.0
77 11399.0
78 11397.0
79 11397.0
80 11397.0
81 11397.0
82 11397.0
83 11397.0
84 11399.0
85 11462.0
86 11462.0
87 11462.0
88 11464.0
89 11464.0
90 11464.0
91 11464.0
92 11464.0
93 11464.0
94 11464.0
95 11464.0
96 11464.0
97 11464.0
98 11464.0
99 11464.0
100 11464.0
