0 5622.0
1 5991.0
2 6254.0
3 6805.0
4 7295.0
5 8054.0
6 7600.0
7 8098.0
8 9096.0
9 9096.0
10 9287.0
11 9579.0
12 10343.0
13 10516.0
14 10625.0
15 10888.0
16 11705.0
17 11705.0
18 12215.0
19 12312.0
20 12490.0
21 12461.0
22 12793.0
23 12987.0
24 13295.0
25 13224.0
26 13522.0
27 13810.0
28 13810.0
29 13810.0
30 14377.0
31 14377.0
32 14377.0
33 14493.0
34 14681.0
35 14681.0
36 14994.0
37 15265.0
38 14994.0
39 15073.0
40 14994.0
41 15058.0
42 15058.0
43 15200.0
44 15279.0
45 15509.0
46 15509.0
47 15447.0
48 15515.0
49 15422.0
50 15395.0
51 16123.0
52 15986.0
53 15680.0
54 15680.0
55 15796.0
56 15921.0
57 15989.0
58 16124.0
59 16552.0
60 16552.0
61 16895.0
62 16895.0
63 16895.0
64 16681.0
65 16681.0
66 16681.0
67 16763.0
68 16980.0
69 16763.0
70 16817.0
71 16817.0
72 16788.0
73 16788.0
74 17100.0
75 17100.0
76 17100.0
77 17381.0
78 17393.0
79 17393.0
80 17393.0
81 17393.0
82 17354.0
83 17354.0
84 17181.0
85 17181.0
86 17278.0
87 17254.0
88 17470.0
89 17624.0
90 17511.0
91 17356.0
92 17436.0
93 17610.0
94 17670.0
95 17772.0
96 17772.0
97 17772.0
98 17610.0
99 17668.0
100 17693.0
101 17693.0
102 17789.0
103 17789.0
104 17712.0
105 17791.0
106 17794.0
107 17803.0
108 17848.0
109 17862.0
110 17978.0
111 17978.0
112 17978.0
113 17978.0
114 17975.0
115 17975.0
116 18001.0
117 18008.0
118 18008.0
119 18026.0
120 18040.0
121 18048.0
122 18048.0
123 18048.0
124 18061.0
125 18061.0
126 18061.0
127 18067.0
128 18067.0
129 18069.0
130 18067.0
131 18084.0
132 18085.0
133 18084.0
134 18086.0
135 18129.0
136 18129.0
137 18129.0
138 18129.0
139 18090.0
140 18090.0
141 18089.0
142 18090.0
143 18090.0
144 18090.0
145 18090.0
146 18090.0
147 18090.0
148 18126.0
149 18126.0
150 18126.0
151 18126.0
152 18126.0
153 18126.0
154 18090.0
155 18090.0
156 18090.0
157 18090.0
158 18090.0
159 18090.0
160 18090.0
161 18090.0
162 18090.0
163 18090.0
164 18090.0
165 18090.0
166 18090.0
167 18090.0
168 18090.0
169 18090.0
170 18090.0
171 18090.0
172 18090.0
173 18090.0
174 18090.0
175 18090.0
176 18090.0
177 18090.0
178 18090.0
179 18090.0
180 18090.0
181 18090.0
182 18090.0
183 18090.0
184 18090.0
185 18090.0
186 18090.0
187 18090.0
188 18090.0
189 18090.0
190 18090.0
191 18090.0
192 18090.0
193 18090.0
194 18090.0
195 18090.0
196 18090.0
197 18090.0
198 18090.0
199 18090.0
200 18090.0
201 18090.0
202 18090.0
203 18090.0
204 18090.0
205 18090.0
206 18090.0
207 18090.0
208 18090.0
209 18090.0
210 18090.0
211 18090.0
212 18090.0
213 18090.0
214 18090.0
215 18090.0
216 18090.0
217 18090.0
218 18090.0
219 18090.0
220 18090.0
221 18090.0
222 18090.0
223 18090.0
224 18090.0
225 18090.0
226 18090.0
227 18090.0
228 18090.0
229 18090.0
230 18090.0
231 18090.0
232 18090.0
233 18090.0
234 18090.0
235 18090.0
236 18090.0
237 18090.0
238 18090.0
239 18090.0
240 18090.0
241 18090.0
242 18090.0
243 18090.0
244 18090.0
245 18090.0
246 18090.0
247 18090.0
248 18090.0
249 18090.0
250 18090.0
251 18090.0
252 18090.0
253 18090.0
254 18090.0
255 18090.0
256 18090.0
257 18090.0
258 18090.0
259 18090.0
260 18090.0
261 18090.0
262 18090.0
263 18090.0
264 18090.0
265 18090.0
266 18090.0
267 18090.0
268 18090.0
269 18090.0
270 18090.0
271 18090.0
272 18090.0
273 18090.0
274 18090.0
275 18090.0
276 18090.0
277 18090.0
278 18090.0
279 18090.0
280 18090.0
281 18090.0
282 18090.0
283 18090.0
284 18090.0
285 18090.0
286 18090.0
287 18090.0
288 18090.0
289 18090.0
290 18090.0
291 18090.0
292 18090.0
293 18090.0
294 18090.0
295 18090.0
296 18090.0
297 18090.0
298 18090.0
299 18090.0
300 18090.0
301 18090.0
302 18090.0
303 18090.0
304 18090.0
305 18090.0
306 18090.0
307 18090.0
308 18090.0
309 18090.0
310 18090.0
311 18090.0
312 18090.0
313 18090.0
314 18090.0
315 18090.0
316 18090.0
317 18090.0
318 18090.0
319 18090.0
320 18090.0
321 18090.0
322 18090.0
323 18090.0
324 18090.0
325 18090.0
326 18090.0
327 18090.0
328 18090.0
329 18090.0
330 18142.0
331 18142.0
332 18142.0
333 18142.0
334 18142.0
335 18142.0
336 18142.0
337 18142.0
338 18142.0
339 18142.0
340 18142.0
341 18142.0
342 18142.0
343 18142.0
344 18142.0
345 18142.0
346 18142.0
347 18142.0
348 18142.0
349 18142.0
350 18142.0
351 18142.0
352 18142.0
353 18142.0
354 18142.0
355 18142.0
356 18142.0
357 18142.0
358 18142.0
359 18142.0
360 18142.0
361 18142.0
362 18142.0
363 18142.0
364 18142.0
365 18142.0
366 18142.0
367 18142.0
368 18142.0
369 18142.0
370 18142.0
371 18142.0
372 18142.0
373 18142.0
374 18142.0
375 18142.0
376 18142.0
377 18142.0
378 18142.0
379 18142.0
380 18142.0
381 18142.0
382 18142.0
383 18142.0
384 18142.0
385 18142.0
386 18142.0
387 18142.0
388 18142.0
389 18142.0
390 18142.0
391 18142.0
392 18142.0
393 18142.0
394 18142.0
395 18142.0
396 18142.0
397 18142.0
398 18142.0
399 18142.0
400 18142.0
401 18142.0
402 18142.0
403 18142.0
404 18142.0
405 18142.0
406 18142.0
407 18142.0
408 18142.0
409 18142.0
410 18142.0
411 18142.0
412 18142.0
413 18142.0
414 18142.0
415 18142.0
416 18142.0
417 18142.0
418 18142.0
419 18142.0
420 18142.0
421 18142.0
422 18142.0
423 18142.0
424 18142.0
425 18142.0
426 18142.0
427 18142.0
428 18142.0
429 18142.0
430 18142.0
431 18142.0
432 18142.0
433 18142.0
434 18142.0
435 18142.0
436 18142.0
437 18142.0
438 18142.0
439 18142.0
440 18142.0
441 18142.0
442 18142.0
443 18142.0
444 18142.0
445 18142.0
446 18142.0
447 18142.0
448 18142.0
449 18142.0
450 18142.0
451 18142.0
452 18142.0
453 18142.0
454 18142.0
455 18142.0
456 18142.0
457 18142.0
458 18142.0
459 18142.0
460 18142.0
461 18142.0
462 18142.0
463 18142.0
464 18142.0
465 18142.0
466 18142.0
467 18142.0
468 18142.0
469 18142.0
470 18142.0
471 18142.0
472 18142.0
473 18142.0
474 18142.0
475 18142.0
476 18142.0
477 18142.0
478 18142.0
479 18142.0
480 18142.0
481 18142.0
482 18142.0
483 18142.0
484 18142.0
485 18142.0
486 18142.0
487 18142.0
488 18142.0
489 18142.0
490 18142.0
491 18142.0
492 18142.0
493 18142.0
494 18142.0
495 18142.0
496 18142.0
497 18142.0
498 18142.0
499 18142.0
500 18142.0
501 18142.0
502 18142.0
503 18142.0
504 18142.0
505 18142.0
506 18142.0
507 18142.0
508 18142.0
509 18142.0
510 18142.0
511 18142.0
512 18142.0
513 18142.0
514 18142.0
515 18142.0
516 18142.0
517 18142.0
518 18142.0
519 18142.0
520 18142.0
521 18142.0
522 18142.0
523 18142.0
524 18142.0
525 18142.0
526 18142.0
527 18142.0
528 18142.0
529 18142.0
530 18142.0
531 18142.0
532 18142.0
533 18142.0
534 18142.0
535 18142.0
536 18142.0
537 18142.0
538 18142.0
539 18142.0
540 18142.0
541 18142.0
542 18142.0
543 18142.0
544 18142.0
545 18142.0
546 18142.0
547 18142.0
548 18142.0
549 18142.0
550 18142.0
551 18142.0
552 18142.0
553 18142.0
554 18142.0
555 18142.0
556 18142.0
557 18142.0
558 18142.0
559 18142.0
560 18142.0
561 18142.0
562 18142.0
563 18142.0
564 18142.0
565 18142.0
566 18142.0
567 18142.0
568 18142.0
569 18142.0
570 18142.0
571 18142.0
572 18142.0
573 18142.0
574 18142.0
575 18142.0
576 18142.0
577 18142.0
578 18142.0
579 18142.0
580 18142.0
581 18142.0
582 18142.0
583 18142.0
584 18142.0
585 18142.0
586 18142.0
587 18142.0
588 18142.0
589 18142.0
590 18142.0
591 18142.0
592 18142.0
593 18142.0
594 18142.0
595 18142.0
596 18142.0
597 18142.0
598 18142.0
599 18142.0
600 18142.0
601 18142.0
602 18142.0
603 18142.0
604 18142.0
605 18142.0
606 18142.0
607 18142.0
608 18142.0
609 18142.0
610 18142.0
611 18142.0
612 18142.0
613 18142.0
614 18142.0
615 18142.0
616 18142.0
617 18142.0
618 18142.0
619 18142.0
620 18142.0
621 18142.0
622 18142.0
623 18142.0
624 18142.0
625 18142.0
626 18142.0
627 18142.0
628 18142.0
629 18142.0
630 18142.0
631 18142.0
632 18142.0
633 18142.0
634 18142.0
635 18142.0
636 18142.0
637 18142.0
638 18142.0
639 18142.0
640 18142.0
641 18142.0
642 18142.0
643 18142.0
644 18142.0
645 18142.0
646 18142.0
647 18142.0
648 18142.0
649 18142.0
650 18142.0
651 18142.0
652 18142.0
653 18142.0
654 18142.0
655 18142.0
656 18142.0
657 18142.0
658 18142.0
659 18142.0
660 18142.0
661 18142.0
662 18142.0
663 18142.0
664 18142.0
665 18142.0
666 18142.0
667 18142.0
668 18142.0
669 18142.0
670 18142.0
671 18142.0
672 18142.0
673 18142.0
674 18142.0
675 18142.0
676 18142.0
677 18142.0
678 18142.0
679 18142.0
680 18142.0
681 18142.0
682 18142.0
683 18142.0
684 18142.0
685 18142.0
686 18142.0
687 18142.0
688 18142.0
689 18142.0
690 18142.0
691 18142.0
692 18142.0
693 18142.0
694 18142.0
695 18142.0
696 18142.0
697 18142.0
698 18142.0
699 18142.0
700 18142.0
701 18142.0
702 18142.0
703 18142.0
704 18142.0
705 18142.0
706 18142.0
707 18142.0
708 18142.0
709 18142.0
710 18142.0
711 18142.0
712 18142.0
713 18142.0
714 18142.0
715 18142.0
716 18142.0
717 18142.0
718 18142.0
719 18142.0
720 18142.0
721 18142.0
722 18142.0
723 18142.0
724 18142.0
725 18142.0
726 18142.0
727 18142.0
728 18142.0
729 18142.0
730 18142.0
731 18142.0
732 18142.0
733 18142.0
734 18142.0
735 18142.0
736 18142.0
737 18142.0
738 18142.0
739 18142.0
740 18142.0
741 18142.0
742 18142.0
743 18142.0
744 18142.0
745 18142.0
746 18142.0
747 18142.0
748 18142.0
749 18142.0
750 18142.0
751 18142.0
752 18142.0
753 18142.0
754 18142.0
755 18142.0
756 18142.0
757 18142.0
758 18142.0
759 18142.0
760 18142.0
761 18142.0
762 18142.0
763 18142.0
764 18142.0
765 18142.0
766 18142.0
767 18142.0
768 18142.0
769 18142.0
770 18142.0
771 18142.0
772 18142.0
773 18142.0
774 18142.0
775 18142.0
776 18142.0
777 18142.0
778 18142.0
779 18142.0
780 18142.0
781 18142.0
782 18142.0
783 18142.0
784 18142.0
785 18142.0
786 18142.0
787 18142.0
788 18142.0
789 18142.0
790 18142.0
791 18142.0
792 18142.0
793 18142.0
794 18142.0
795 18142.0
796 18142.0
797 18142.0
798 18142.0
799 18142.0
800 18142.0
801 18142.0
802 18142.0
803 18142.0
804 18142.0
805 18142.0
806 18142.0
807 18142.0
808 18142.0
809 18142.0
810 18142.0
811 18142.0
812 18142.0
813 18142.0
814 18142.0
815 18142.0
816 18142.0
817 18142.0
818 18142.0
819 18142.0
820 18142.0
821 18142.0
822 18142.0
823 18142.0
824 18142.0
825 18142.0
826 18142.0
827 18142.0
828 18142.0
829 18142.0
830 18142.0
831 18142.0
832 18142.0
833 18142.0
834 18142.0
835 18142.0
836 18142.0
837 18142.0
838 18142.0
839 18142.0
840 18142.0
841 18142.0
842 18142.0
843 18142.0
844 18142.0
845 18142.0
846 18142.0
847 18142.0
848 18142.0
849 18142.0
850 18142.0
851 18142.0
852 18142.0
853 18142.0
854 18142.0
855 18142.0
856 18142.0
857 18142.0
858 18142.0
859 18142.0
860 18142.0
861 18142.0
862 18142.0
863 18142.0
864 18142.0
865 18142.0
866 18142.0
867 18142.0
868 18142.0
869 18142.0
870 18142.0
871 18142.0
872 18142.0
873 18142.0
874 18142.0
875 18142.0
876 18142.0
877 18142.0
878 18142.0
879 18142.0
880 18142.0
881 18142.0
882 18142.0
883 18142.0
884 18142.0
885 18142.0
886 18142.0
887 18142.0
888 18142.0
889 18142.0
890 18142.0
891 18142.0
892 18142.0
893 18142.0
894 18142.0
895 18142.0
896 18142.0
897 18142.0
898 18142.0
899 18142.0
900 18142.0
901 18142.0
902 18142.0
903 18142.0
904 18142.0
905 18142.0
906 18142.0
907 18142.0
908 18142.0
909 18142.0
910 18142.0
911 18142.0
912 18142.0
913 18142.0
914 18142.0
915 18142.0
916 18142.0
917 18142.0
918 18142.0
919 18142.0
920 18142.0
921 18142.0
922 18142.0
923 18142.0
924 18142.0
925 18142.0
926 18142.0
927 18142.0
928 18142.0
929 18142.0
930 18142.0
931 18142.0
932 18142.0
933 18142.0
934 18142.0
935 18142.0
936 18142.0
937 18142.0
938 18142.0
939 18142.0
940 18142.0
941 18142.0
942 18142.0
943 18142.0
944 18142.0
945 18142.0
946 18142.0
947 18142.0
948 18142.0
949 18142.0
950 18142.0
951 18142.0
952 18142.0
953 18142.0
954 18142.0
955 18142.0
956 18142.0
957 18142.0
958 18142.0
959 18142.0
960 18142.0
961 18142.0
962 18142.0
963 18142.0
964 18142.0
965 18142.0
966 18142.0
967 18142.0
968 18142.0
969 18142.0
970 18142.0
971 18142.0
972 18142.0
973 18142.0
974 18142.0
975 18142.0
976 18142.0
977 18142.0
978 18142.0
979 18142.0
980 18142.0
981 18142.0
982 18142.0
983 18142.0
984 18142.0
985 18142.0
986 18142.0
987 18142.0
988 18142.0
989 18142.0
990 18142.0
991 18142.0
992 18142.0
993 18142.0
994 18142.0
995 18142.0
996 18142.0
997 18142.0
998 18142.0
999 18142.0
1000 18142.0
