0 13274.0
1 13420.0
2 13899.0
3 16984.0
4 17240.0
5 18185.0
6 19090.0
7 20326.0
8 20794.0
9 24483.0
10 24483.0
11 24197.0
12 25314.0
13 25872.0
14 26991.0
15 29584.0
16 29851.0
17 29584.0
18 32745.0
19 32745.0
20 33367.0
21 35015.0
22 37112.0
23 37112.0
24 37112.0
25 38866.0
26 39909.0
27 40829.0
28 42840.0
29 42840.0
30 42840.0
31 42840.0
32 43936.0
33 44459.0
34 43936.0
35 45700.0
36 46207.0
37 46485.0
38 48035.0
39 47882.0
40 49409.0
41 49409.0
42 49927.0
43 51278.0
44 51278.0
45 52108.0
46 52108.0
47 52108.0
48 52607.0
49 52253.0
50 54535.0
51 54493.0
52 57121.0
53 57121.0
54 57121.0
55 57708.0
56 57811.0
57 57811.0
58 59514.0
59 59753.0
60 59753.0
61 60355.0
62 61858.0
63 62180.0
64 62180.0
65 61018.0
66 60355.0
67 60861.0
68 62795.0
69 62795.0
70 62913.0
71 62913.0
72 64038.0
73 64038.0
74 64038.0
75 64123.0
76 63197.0
77 64213.0
78 64541.0
79 64541.0
80 64871.0
81 64871.0
82 66773.0
83 66773.0
84 66773.0
85 66773.0
86 65726.0
87 66348.0
88 68792.0
89 68792.0
90 68664.0
91 66791.0
92 66791.0
93 69066.0
94 69023.0
95 69023.0
96 69518.0
97 70604.0
98 70604.0
99 70604.0
100 70604.0
