0 3980.0
1 3980.0
2 5112.0
3 5112.0
4 4844.0
5 5131.0
6 5959.0
7 5959.0
8 6352.0
9 6302.0
10 6979.0
11 7462.0
12 8029.0
13 8029.0
14 8147.0
15 8147.0
16 8376.0
17 8376.0
18 8376.0
19 8508.0
20 8704.0
21 8792.0
22 8792.0
23 8792.0
24 8759.0
25 8811.0
26 8791.0
27 8879.0
28 9141.0
29 9376.0
30 9269.0
31 9269.0
32 9601.0
33 9504.0
34 9552.0
35 9552.0
36 9577.0
37 9687.0
38 9687.0
39 9687.0
40 9687.0
41 9708.0
42 9863.0
43 9957.0
44 10018.0
45 10018.0
46 10018.0
47 10330.0
48 10330.0
49 10330.0
50 10330.0
51 10330.0
52 10330.0
53 10365.0
54 10365.0
55 10365.0
56 10481.0
57 10426.0
58 10426.0
59 10426.0
60 10439.0
61 10439.0
62 10439.0
63 10439.0
64 10439.0
65 10470.0
66 10470.0
67 10441.0
68 10441.0
69 10441.0
70 10441.0
71 10441.0
72 10441.0
73 10441.0
74 10483.0
75 10483.0
76 10483.0
77 10483.0
78 10483.0
79 10483.0
80 10483.0
81 10483.0
82 10483.0
83 10483.0
84 10483.0
85 10483.0
86 10483.0
87 10483.0
88 10483.0
89 10483.0
90 10483.0
91 10483.0
92 10483.0
93 10483.0
94 10536.0
95 10538.0
96 10538.0
97 10538.0
98 10483.0
99 10483.0
100 10483.0
