0 4771.0
1 4855.0
2 5467.0
3 5819.0
4 6023.0
5 6606.0
6 6838.0
7 7325.0
8 7378.0
9 7705.0
10 8060.0
11 8260.0
12 8668.0
13 8668.0
14 9138.0
15 8961.0
16 9406.0
17 9115.0
18 9497.0
19 9558.0
20 10023.0
21 10569.0
22 10569.0
23 10569.0
24 10758.0
25 11191.0
26 11191.0
27 10916.0
28 11187.0
29 11066.0
30 11066.0
31 10855.0
32 10859.0
33 11236.0
34 11433.0
35 11527.0
36 11527.0
37 11542.0
38 11791.0
39 11906.0
40 11906.0
41 11906.0
42 12111.0
43 12111.0
44 11924.0
45 11913.0
46 11906.0
47 12272.0
48 12272.0
49 12443.0
50 12277.0
51 12277.0
52 12277.0
53 12277.0
54 12295.0
55 12295.0
56 12279.0
57 12430.0
58 12523.0
59 12523.0
60 12752.0
61 12752.0
62 12585.0
63 12585.0
64 12585.0
65 12585.0
66 12747.0
67 12877.0
68 12877.0
69 12877.0
70 12882.0
71 12878.0
72 13032.0
73 13032.0
74 13032.0
75 13032.0
76 13032.0
77 13050.0
78 13050.0
79 13050.0
80 13050.0
81 13050.0
82 13050.0
83 13050.0
84 13050.0
85 13050.0
86 13050.0
87 13050.0
88 13050.0
89 13050.0
90 13050.0
91 13050.0
92 13050.0
93 13050.0
94 13050.0
95 13050.0
96 13050.0
97 13050.0
98 13050.0
99 13050.0
100 13050.0
