0 6681.0
1 6690.0
2 7230.0
3 8017.0
4 8017.0
5 9399.0
6 9399.0
7 9996.0
8 10054.0
9 10760.0
10 11424.0
11 12032.0
12 12816.0
13 13288.0
14 14247.0
15 13710.0
16 14792.0
17 14912.0
18 15759.0
19 15999.0
20 15999.0
21 16553.0
22 16553.0
23 17678.0
24 19143.0
25 19143.0
26 19143.0
27 19164.0
28 19164.0
29 19680.0
30 19841.0
31 19943.0
32 19993.0
33 21364.0
34 21679.0
35 21679.0
36 21679.0
37 22354.0
38 22272.0
39 22410.0
40 23265.0
41 23265.0
42 23265.0
43 23605.0
44 24307.0
45 24307.0
46 24307.0
47 24926.0
48 24926.0
49 24926.0
50 24926.0
51 25104.0
52 25104.0
53 25104.0
54 25283.0
55 25718.0
56 26897.0
57 26897.0
58 25820.0
59 26196.0
60 26196.0
61 26948.0
62 26948.0
63 26948.0
64 26407.0
65 26380.0
66 27489.0
67 27668.0
68 27668.0
69 27668.0
70 27798.0
71 27798.0
72 27798.0
73 28006.0
74 28145.0
75 28145.0
76 28145.0
77 28145.0
78 28371.0
79 28371.0
80 28960.0
81 29333.0
82 29528.0
83 29528.0
84 29212.0
85 29212.0
86 29212.0
87 29144.0
88 29583.0
89 29583.0
90 29571.0
91 29708.0
92 29850.0
93 29850.0
94 29850.0
95 30385.0
96 30385.0
97 30385.0
98 30385.0
99 30385.0
100 30385.0
101 30532.0
102 30096.0
103 30572.0
104 30572.0
105 31204.0
106 31204.0
107 30509.0
108 30509.0
109 31595.0
110 31595.0
111 31631.0
112 31416.0
113 31806.0
114 31924.0
115 31519.0
116 31519.0
117 31735.0
118 31735.0
119 31746.0
120 31746.0
121 31797.0
122 31746.0
123 31746.0
124 31746.0
125 31410.0
126 31410.0
127 31898.0
128 31629.0
129 31808.0
130 31808.0
131 31808.0
132 32592.0
133 32592.0
134 32592.0
135 32592.0
136 32592.0
137 32592.0
138 32592.0
139 32147.0
140 31961.0
141 31961.0
142 31961.0
143 31998.0
144 32692.0
145 32692.0
146 32985.0
147 32985.0
148 32626.0
149 32700.0
150 32700.0
151 33038.0
152 33141.0
153 33191.0
154 33191.0
155 33191.0
156 33191.0
157 33608.0
158 33608.0
159 33608.0
160 33608.0
161 33608.0
162 33537.0
163 33537.0
164 33553.0
165 34089.0
166 34227.0
167 34227.0
168 34156.0
169 34156.0
170 34017.0
171 34017.0
172 34017.0
173 33970.0
174 34113.0
175 34113.0
176 33970.0
177 33804.0
178 34271.0
179 34271.0
180 34271.0
181 34271.0
182 34558.0
183 33995.0
184 33995.0
185 33995.0
186 33995.0
187 33995.0
188 33995.0
189 34067.0
190 35470.0
191 35470.0
192 35470.0
193 35470.0
194 35470.0
195 35470.0
196 35470.0
197 35470.0
198 35470.0
199 35215.0
200 35215.0
201 35215.0
202 35215.0
203 35215.0
204 35215.0
205 35215.0
206 34946.0
207 34946.0
208 35277.0
209 34987.0
210 34987.0
211 34987.0
212 34987.0
213 34887.0
214 35342.0
215 35342.0
216 35467.0
217 35467.0
218 36110.0
219 36110.0
220 36110.0
221 35296.0
222 35582.0
223 35672.0
224 35362.0
225 35375.0
226 36043.0
227 36043.0
228 35301.0
229 35301.0
230 35487.0
231 35487.0
232 35715.0
233 35721.0
234 36097.0
235 36097.0
236 36097.0
237 36092.0
238 35533.0
239 35394.0
240 35605.0
241 35946.0
242 35608.0
243 35563.0
244 35563.0
245 35750.0
246 35750.0
247 35750.0
248 35563.0
249 35563.0
250 35460.0
251 35841.0
252 35841.0
253 35841.0
254 35841.0
255 35841.0
256 36395.0
257 36395.0
258 36895.0
259 35982.0
260 35982.0
261 35970.0
262 36512.0
263 36512.0
264 36512.0
265 36512.0
266 36512.0
267 36932.0
268 36776.0
269 36776.0
270 37287.0
271 37287.0
272 37627.0
273 37287.0
274 37015.0
275 37005.0
276 36873.0
277 36957.0
278 36622.0
279 36801.0
280 36801.0
281 37126.0
282 37242.0
283 37126.0
284 37126.0
285 37126.0
286 37353.0
287 37182.0
288 37183.0
289 37358.0
290 37358.0
291 38398.0
292 38398.0
293 38398.0
294 38398.0
295 37727.0
296 37727.0
297 37454.0
298 37454.0
299 37529.0
300 37529.0
301 38029.0
302 37665.0
303 38224.0
304 38224.0
305 37779.0
306 37634.0
307 38272.0
308 37870.0
309 38128.0
310 38015.0
311 37870.0
312 37870.0
313 38153.0
314 38153.0
315 37968.0
316 37990.0
317 37968.0
318 38592.0
319 38592.0
320 38592.0
321 38130.0
322 38130.0
323 38130.0
324 38130.0
325 38173.0
326 38145.0
327 38629.0
328 38331.0
329 38171.0
330 38172.0
331 38172.0
332 38172.0
333 39044.0
334 37964.0
335 37860.0
336 37757.0
337 39381.0
338 39381.0
339 39381.0
340 38576.0
341 38576.0
342 39200.0
343 39200.0
344 38452.0
345 38452.0
346 38347.0
347 38579.0
348 38579.0
349 38579.0
350 38347.0
351 38347.0
352 38347.0
353 38347.0
354 38347.0
355 38347.0
356 38347.0
357 38347.0
358 38347.0
359 38298.0
360 38730.0
361 38730.0
362 38730.0
363 38132.0
364 37954.0
365 38128.0
366 38517.0
367 38672.0
368 38672.0
369 38349.0
370 38349.0
371 38349.0
372 38704.0
373 38704.0
374 38704.0
375 38704.0
376 38491.0
377 38491.0
378 38491.0
379 38505.0
380 38505.0
381 38491.0
382 38491.0
383 38491.0
384 38305.0
385 38413.0
386 38272.0
387 38478.0
388 38478.0
389 38478.0
390 38000.0
391 38000.0
392 38896.0
393 38896.0
394 38775.0
395 38222.0
396 38325.0
397 38325.0
398 38496.0
399 38496.0
400 38271.0
401 39152.0
402 39152.0
403 38052.0
404 38669.0
405 38805.0
406 38805.0
407 38805.0
408 38805.0
409 38805.0
410 39170.0
411 38409.0
412 38409.0
413 38243.0
414 38076.0
415 38381.0
416 38289.0
417 38624.0
418 38700.0
419 39208.0
420 39208.0
421 39208.0
422 39208.0
423 38180.0
424 38239.0
425 38583.0
426 38583.0
427 38583.0
428 38583.0
429 38583.0
430 38643.0
431 38643.0
432 39168.0
433 39168.0
434 38966.0
435 38966.0
436 38966.0
437 38966.0
438 38904.0
439 38904.0
440 38904.0
441 38851.0
442 38606.0
443 38601.0
444 38336.0
445 38256.0
446 38377.0
447 38256.0
448 38514.0
449 38586.0
450 38586.0
451 38327.0
452 38327.0
453 38735.0
454 38311.0
455 38311.0
456 38946.0
457 38946.0
458 38946.0
459 38946.0
460 38946.0
461 38946.0
462 38702.0
463 38699.0
464 39079.0
465 39079.0
466 38603.0
467 39303.0
468 39303.0
469 38929.0
470 38669.0
471 38723.0
472 38723.0
473 38723.0
474 38712.0
475 39152.0
476 39152.0
477 39152.0
478 39152.0
479 39152.0
480 39152.0
481 38700.0
482 38700.0
483 38667.0
484 38612.0
485 38344.0
486 38501.0
487 38400.0
488 39018.0
489 39041.0
490 38904.0
491 38904.0
492 38904.0
493 38904.0
494 38667.0
495 38667.0
496 38616.0
497 39042.0
498 38809.0
499 38616.0
500 38851.0
