0 4856.0
1 5383.0
2 5994.0
3 6180.0
4 6578.0
5 7371.0
6 8222.0
7 8222.0
8 9519.0
9 9593.0
10 10011.0
11 10100.0
12 10258.0
13 10593.0
14 11712.0
15 11376.0
16 11724.0
17 12654.0
18 12654.0
19 12958.0
20 13149.0
21 13489.0
22 14194.0
23 14933.0
24 14933.0
25 15530.0
26 15530.0
27 15743.0
28 16542.0
29 16147.0
30 16222.0
31 17251.0
32 16718.0
33 17016.0
34 17566.0
35 17284.0
36 17284.0
37 17611.0
38 17611.0
39 19103.0
40 18204.0
41 18528.0
42 18528.0
43 18720.0
44 18720.0
45 18801.0
46 19549.0
47 18839.0
48 18839.0
49 19032.0
50 19749.0
51 19202.0
52 19630.0
53 19002.0
54 18923.0
55 19775.0
56 19730.0
57 19911.0
58 20351.0
59 20351.0
60 20211.0
61 20447.0
62 20447.0
63 20447.0
64 20451.0
65 20458.0
66 20792.0
67 21269.0
68 21269.0
69 21283.0
70 21554.0
71 21901.0
72 21901.0
73 21731.0
74 21705.0
75 21434.0
76 22154.0
77 22154.0
78 22154.0
79 22052.0
80 22052.0
81 22052.0
82 22056.0
83 22056.0
84 22482.0
85 22796.0
86 22796.0
87 22401.0
88 23652.0
89 22197.0
90 22496.0
91 22496.0
92 23506.0
93 23506.0
94 23299.0
95 23299.0
96 23299.0
97 23299.0
98 23299.0
99 23299.0
100 23904.0
