0 5218.0
1 5977.0
2 6241.0
3 6442.0
4 6839.0
5 7785.0
6 7400.0
7 7894.0
8 8215.0
9 8818.0
10 9003.0
11 9961.0
12 9961.0
13 9961.0
14 9961.0
15 10963.0
16 10908.0
17 11317.0
18 11499.0
19 11500.0
20 11440.0
21 11458.0
22 11617.0
23 12286.0
24 12286.0
25 12465.0
26 11999.0
27 12353.0
28 12566.0
29 12737.0
30 12866.0
31 12866.0
32 12822.0
33 12822.0
34 12963.0
35 12963.0
36 12975.0
37 12975.0
38 12932.0
39 12893.0
40 12893.0
41 13105.0
42 13099.0
43 13099.0
44 13144.0
45 13080.0
46 13138.0
47 13361.0
48 13361.0
49 13361.0
50 13386.0
51 13361.0
52 13339.0
53 13339.0
54 13409.0
55 13409.0
56 13382.0
57 13463.0
58 13595.0
59 13401.0
60 13532.0
61 13532.0
62 13532.0
63 13532.0
64 13463.0
65 13503.0
66 13463.0
67 13470.0
68 13652.0
69 13652.0
70 13831.0
71 13668.0
72 13668.0
73 13711.0
74 13809.0
75 13809.0
76 13809.0
77 13818.0
78 13919.0
79 13905.0
80 13913.0
81 13900.0
82 13965.0
83 13965.0
84 13965.0
85 13964.0
86 14004.0
87 13980.0
88 13981.0
89 13989.0
90 14005.0
91 14006.0
92 14006.0
93 13998.0
94 13998.0
95 13998.0
96 14001.0
97 14004.0
98 14004.0
99 14004.0
100 14004.0
101 14003.0
102 14003.0
103 14006.0
104 14006.0
105 14006.0
106 14003.0
107 14006.0
108 14006.0
109 14014.0
110 14014.0
111 14006.0
112 14006.0
113 14014.0
114 14014.0
115 14014.0
116 14014.0
117 14014.0
118 14014.0
119 14014.0
120 14014.0
121 14014.0
122 14014.0
123 14014.0
124 14014.0
125 14014.0
126 14014.0
127 14014.0
128 14014.0
129 14014.0
130 14014.0
131 14014.0
132 14014.0
133 14016.0
134 14016.0
135 14016.0
136 14014.0
137 14014.0
138 14014.0
139 14014.0
140 14014.0
141 14014.0
142 14014.0
143 14014.0
144 14014.0
145 14014.0
146 14014.0
147 14014.0
148 14014.0
149 14014.0
150 14014.0
151 14014.0
152 14014.0
153 14014.0
154 14014.0
155 14014.0
156 14014.0
157 14014.0
158 14014.0
159 14014.0
160 14014.0
161 14014.0
162 14014.0
163 14014.0
164 14014.0
165 14014.0
166 14014.0
167 14014.0
168 14014.0
169 14014.0
170 14014.0
171 14014.0
172 14014.0
173 14014.0
174 14014.0
175 14014.0
176 14014.0
177 14014.0
178 14014.0
179 14014.0
180 14014.0
181 14014.0
182 14014.0
183 14014.0
184 14014.0
185 14014.0
186 14014.0
187 14014.0
188 14014.0
189 14014.0
190 14014.0
191 14014.0
192 14014.0
193 14014.0
194 14014.0
195 14014.0
196 14014.0
197 14014.0
198 14014.0
199 14014.0
200 14014.0
201 14014.0
202 14014.0
203 14014.0
204 14014.0
205 14014.0
206 14014.0
207 14016.0
208 14016.0
209 14014.0
210 14014.0
211 14014.0
212 14014.0
213 14014.0
214 14039.0
215 14014.0
216 14014.0
217 14014.0
218 14014.0
219 14016.0
220 14016.0
221 14016.0
222 14016.0
223 14016.0
224 14016.0
225 14016.0
226 14016.0
227 14016.0
228 14016.0
229 14016.0
230 14016.0
231 14016.0
232 14016.0
233 14016.0
234 14025.0
235 14025.0
236 14016.0
237 14016.0
238 14016.0
239 14016.0
240 14016.0
241 14016.0
242 14016.0
243 14016.0
244 14016.0
245 14016.0
246 14016.0
247 14016.0
248 14016.0
249 14016.0
250 14016.0
251 14016.0
252 14016.0
253 14016.0
254 14016.0
255 14016.0
256 14016.0
257 14016.0
258 14016.0
259 14016.0
260 14016.0
261 14027.0
262 14027.0
263 14027.0
264 14027.0
265 14027.0
266 14027.0
267 14027.0
268 14027.0
269 14016.0
270 14016.0
271 14016.0
272 14016.0
273 14016.0
274 14016.0
275 14016.0
276 14016.0
277 14016.0
278 14016.0
279 14016.0
280 14016.0
281 14016.0
282 14016.0
283 14016.0
284 14016.0
285 14016.0
286 14016.0
287 14016.0
288 14016.0
289 14016.0
290 14016.0
291 14016.0
292 14016.0
293 14016.0
294 14016.0
295 14016.0
296 14016.0
297 14016.0
298 14016.0
299 14016.0
300 14016.0
301 14016.0
302 14016.0
303 14016.0
304 14016.0
305 14016.0
306 14016.0
307 14016.0
308 14016.0
309 14016.0
310 14016.0
311 14030.0
312 14030.0
313 14030.0
314 14030.0
315 14016.0
316 14016.0
317 14016.0
318 14016.0
319 14016.0
320 14016.0
321 14016.0
322 14016.0
323 14016.0
324 14016.0
325 14016.0
326 14016.0
327 14016.0
328 14016.0
329 14016.0
330 14016.0
331 14016.0
332 14016.0
333 14016.0
334 14016.0
335 14016.0
336 14016.0
337 14016.0
338 14018.0
339 14018.0
340 14018.0
341 14018.0
342 14018.0
343 14016.0
344 14016.0
345 14016.0
346 14016.0
347 14016.0
348 14016.0
349 14016.0
350 14016.0
351 14016.0
352 14016.0
353 14016.0
354 14016.0
355 14016.0
356 14016.0
357 14016.0
358 14016.0
359 14016.0
360 14016.0
361 14016.0
362 14016.0
363 14016.0
364 14016.0
365 14016.0
366 14016.0
367 14016.0
368 14016.0
369 14016.0
370 14016.0
371 14016.0
372 14016.0
373 14016.0
374 14016.0
375 14016.0
376 14016.0
377 14016.0
378 14016.0
379 14016.0
380 14016.0
381 14016.0
382 14016.0
383 14016.0
384 14016.0
385 14016.0
386 14016.0
387 14016.0
388 14016.0
389 14016.0
390 14016.0
391 14016.0
392 14016.0
393 14025.0
394 14025.0
395 14016.0
396 14016.0
397 14016.0
398 14016.0
399 14016.0
400 14016.0
401 14016.0
402 14016.0
403 14016.0
404 14016.0
405 14016.0
406 14016.0
407 14016.0
408 14016.0
409 14016.0
410 14016.0
411 14016.0
412 14016.0
413 14016.0
414 14016.0
415 14016.0
416 14016.0
417 14016.0
418 14016.0
419 14016.0
420 14016.0
421 14023.0
422 14023.0
423 14023.0
424 14023.0
425 14016.0
426 14016.0
427 14016.0
428 14016.0
429 14016.0
430 14016.0
431 14016.0
432 14016.0
433 14016.0
434 14016.0
435 14016.0
436 14016.0
437 14016.0
438 14016.0
439 14016.0
440 14016.0
441 14016.0
442 14016.0
443 14016.0
444 14016.0
445 14016.0
446 14016.0
447 14016.0
448 14016.0
449 14016.0
450 14016.0
451 14016.0
452 14016.0
453 14016.0
454 14016.0
455 14016.0
456 14016.0
457 14016.0
458 14016.0
459 14016.0
460 14016.0
461 14016.0
462 14016.0
463 14016.0
464 14016.0
465 14016.0
466 14016.0
467 14016.0
468 14016.0
469 14016.0
470 14016.0
471 14016.0
472 14016.0
473 14016.0
474 14016.0
475 14016.0
476 14016.0
477 14016.0
478 14016.0
479 14016.0
480 14016.0
481 14016.0
482 14016.0
483 14016.0
484 14016.0
485 14016.0
486 14016.0
487 14016.0
488 14016.0
489 14016.0
490 14016.0
491 14016.0
492 14016.0
493 14016.0
494 14016.0
495 14016.0
496 14016.0
497 14016.0
498 14016.0
499 14016.0
500 14016.0
