0 5774.0
1 6024.0
2 6986.0
3 7137.0
4 7908.0
5 7908.0
6 7859.0
7 8023.0
8 8668.0
9 8668.0
10 8787.0
11 8890.0
12 9098.0
13 9742.0
14 9742.0
15 10279.0
16 10314.0
17 11065.0
18 11065.0
19 11529.0
20 11529.0
21 11573.0
22 11814.0
23 11893.0
24 12345.0
25 12114.0
26 12583.0
27 12185.0
28 12255.0
29 12444.0
30 12425.0
31 12693.0
32 12693.0
33 12897.0
34 12897.0
35 13327.0
36 13327.0
37 13545.0
38 13277.0
39 13372.0
40 13292.0
41 13387.0
42 13387.0
43 13950.0
44 13545.0
45 13590.0
46 13887.0
47 13887.0
48 14127.0
49 14127.0
50 14332.0
51 14332.0
52 14057.0
53 14197.0
54 14246.0
55 14311.0
56 14298.0
57 14442.0
58 14753.0
59 14753.0
60 14753.0
61 14753.0
62 14619.0
63 14597.0
64 14765.0
65 15059.0
66 15059.0
67 15059.0
68 14973.0
69 14990.0
70 14994.0
71 15015.0
72 15194.0
73 15535.0
74 15535.0
75 15535.0
76 15535.0
77 15736.0
78 15803.0
79 15803.0
80 16018.0
81 16018.0
82 16018.0
83 16018.0
84 15661.0
85 15778.0
86 15892.0
87 15892.0
88 16046.0
89 16046.0
90 16203.0
91 16203.0
92 16178.0
93 16178.0
94 16134.0
95 16295.0
96 16295.0
97 16244.0
98 16234.0
99 16262.0
100 16262.0
101 16287.0
102 16287.0
103 16328.0
104 16328.0
105 16328.0
106 16328.0
107 16349.0
108 16328.0
109 16349.0
110 16349.0
111 16349.0
112 16349.0
113 16349.0
114 16349.0
115 16349.0
116 16349.0
117 16349.0
118 16349.0
119 16349.0
120 16349.0
121 16349.0
122 16349.0
123 16349.0
124 16349.0
125 16349.0
126 16349.0
127 16349.0
128 16349.0
129 16349.0
130 16349.0
131 16349.0
132 16349.0
133 16349.0
134 16349.0
135 16349.0
136 16349.0
137 16349.0
138 16349.0
139 16349.0
140 16349.0
141 16349.0
142 16349.0
143 16349.0
144 16349.0
145 16349.0
146 16349.0
147 16349.0
148 16349.0
149 16349.0
150 16349.0
151 16349.0
152 16349.0
153 16349.0
154 16349.0
155 16349.0
156 16349.0
157 16349.0
158 16349.0
159 16349.0
160 16349.0
161 16349.0
162 16349.0
163 16349.0
164 16370.0
165 16370.0
166 16370.0
167 16349.0
168 16349.0
169 16349.0
170 16349.0
171 16349.0
172 16349.0
173 16349.0
174 16349.0
175 16349.0
176 16349.0
177 16349.0
178 16349.0
179 16349.0
180 16349.0
181 16349.0
182 16349.0
183 16349.0
184 16349.0
185 16349.0
186 16349.0
187 16349.0
188 16349.0
189 16349.0
190 16349.0
191 16349.0
192 16349.0
193 16349.0
194 16349.0
195 16349.0
196 16349.0
197 16349.0
198 16349.0
199 16349.0
200 16349.0
201 16349.0
202 16349.0
203 16349.0
204 16349.0
205 16349.0
206 16349.0
207 16349.0
208 16349.0
209 16349.0
210 16349.0
211 16349.0
212 16349.0
213 16349.0
214 16349.0
215 16349.0
216 16349.0
217 16349.0
218 16349.0
219 16349.0
220 16349.0
221 16349.0
222 16349.0
223 16349.0
224 16349.0
225 16349.0
226 16349.0
227 16349.0
228 16349.0
229 16349.0
230 16349.0
231 16349.0
232 16349.0
233 16349.0
234 16349.0
235 16349.0
236 16349.0
237 16349.0
238 16349.0
239 16349.0
240 16349.0
241 16349.0
242 16349.0
243 16349.0
244 16349.0
245 16349.0
246 16349.0
247 16349.0
248 16349.0
249 16349.0
250 16349.0
251 16349.0
252 16349.0
253 16349.0
254 16349.0
255 16349.0
256 16349.0
257 16349.0
258 16349.0
259 16349.0
260 16349.0
261 16349.0
262 16349.0
263 16349.0
264 16349.0
265 16349.0
266 16349.0
267 16349.0
268 16349.0
269 16349.0
270 16349.0
271 16349.0
272 16349.0
273 16349.0
274 16349.0
275 16349.0
276 16349.0
277 16349.0
278 16349.0
279 16349.0
280 16349.0
281 16349.0
282 16349.0
283 16349.0
284 16349.0
285 16349.0
286 16349.0
287 16349.0
288 16349.0
289 16349.0
290 16349.0
291 16349.0
292 16349.0
293 16349.0
294 16349.0
295 16349.0
296 16349.0
297 16349.0
298 16349.0
299 16349.0
300 16349.0
301 16349.0
302 16349.0
303 16349.0
304 16349.0
305 16349.0
306 16349.0
307 16349.0
308 16349.0
309 16349.0
310 16349.0
311 16349.0
312 16349.0
313 16349.0
314 16349.0
315 16349.0
316 16349.0
317 16349.0
318 16349.0
319 16349.0
320 16349.0
321 16349.0
322 16349.0
323 16349.0
324 16349.0
325 16349.0
326 16349.0
327 16349.0
328 16349.0
329 16349.0
330 16349.0
331 16349.0
332 16349.0
333 16349.0
334 16349.0
335 16349.0
336 16349.0
337 16349.0
338 16349.0
339 16349.0
340 16349.0
341 16349.0
342 16349.0
343 16349.0
344 16349.0
345 16349.0
346 16349.0
347 16349.0
348 16349.0
349 16349.0
350 16349.0
351 16349.0
352 16349.0
353 16349.0
354 16349.0
355 16349.0
356 16349.0
357 16349.0
358 16349.0
359 16349.0
360 16349.0
361 16349.0
362 16349.0
363 16349.0
364 16349.0
365 16349.0
366 16349.0
367 16349.0
368 16349.0
369 16349.0
370 16349.0
371 16349.0
372 16349.0
373 16349.0
374 16349.0
375 16429.0
376 16429.0
377 16349.0
378 16349.0
379 16349.0
380 16349.0
381 16349.0
382 16349.0
383 16349.0
384 16349.0
385 16349.0
386 16349.0
387 16349.0
388 16349.0
389 16349.0
390 16349.0
391 16349.0
392 16349.0
393 16349.0
394 16349.0
395 16349.0
396 16349.0
397 16349.0
398 16349.0
399 16349.0
400 16349.0
401 16349.0
402 16349.0
403 16349.0
404 16349.0
405 16349.0
406 16349.0
407 16349.0
408 16349.0
409 16349.0
410 16349.0
411 16349.0
412 16349.0
413 16349.0
414 16349.0
415 16349.0
416 16349.0
417 16349.0
418 16349.0
419 16349.0
420 16349.0
421 16349.0
422 16349.0
423 16349.0
424 16349.0
425 16349.0
426 16349.0
427 16349.0
428 16349.0
429 16349.0
430 16349.0
431 16349.0
432 16349.0
433 16349.0
434 16349.0
435 16349.0
436 16349.0
437 16349.0
438 16349.0
439 16349.0
440 16349.0
441 16349.0
442 16349.0
443 16349.0
444 16349.0
445 16349.0
446 16349.0
447 16349.0
448 16349.0
449 16349.0
450 16349.0
451 16349.0
452 16349.0
453 16349.0
454 16349.0
455 16349.0
456 16349.0
457 16349.0
458 16349.0
459 16349.0
460 16349.0
461 16349.0
462 16349.0
463 16349.0
464 16349.0
465 16349.0
466 16349.0
467 16349.0
468 16349.0
469 16349.0
470 16349.0
471 16349.0
472 16349.0
473 16349.0
474 16349.0
475 16349.0
476 16349.0
477 16349.0
478 16349.0
479 16349.0
480 16349.0
481 16349.0
482 16349.0
483 16349.0
484 16349.0
485 16349.0
486 16349.0
487 16349.0
488 16349.0
489 16349.0
490 16349.0
491 16349.0
492 16349.0
493 16349.0
494 16349.0
495 16349.0
496 16349.0
497 16349.0
498 16349.0
499 16349.0
500 16349.0
501 16349.0
502 16349.0
503 16349.0
504 16349.0
505 16349.0
506 16349.0
507 16349.0
508 16349.0
509 16349.0
510 16349.0
511 16349.0
512 16349.0
513 16349.0
514 16349.0
515 16349.0
516 16349.0
517 16349.0
518 16349.0
519 16349.0
520 16349.0
521 16349.0
522 16349.0
523 16349.0
524 16349.0
525 16349.0
526 16349.0
527 16349.0
528 16349.0
529 16349.0
530 16349.0
531 16349.0
532 16349.0
533 16349.0
534 16349.0
535 16349.0
536 16349.0
537 16349.0
538 16349.0
539 16349.0
540 16349.0
541 16349.0
542 16349.0
543 16349.0
544 16349.0
545 16349.0
546 16349.0
547 16349.0
548 16349.0
549 16349.0
550 16349.0
551 16349.0
552 16349.0
553 16349.0
554 16349.0
555 16349.0
556 16349.0
557 16349.0
558 16349.0
559 16349.0
560 16349.0
561 16349.0
562 16349.0
563 16349.0
564 16349.0
565 16349.0
566 16349.0
567 16349.0
568 16349.0
569 16349.0
570 16349.0
571 16349.0
572 16349.0
573 16349.0
574 16349.0
575 16349.0
576 16349.0
577 16349.0
578 16349.0
579 16349.0
580 16349.0
581 16349.0
582 16349.0
583 16349.0
584 16349.0
585 16349.0
586 16349.0
587 16349.0
588 16349.0
589 16349.0
590 16349.0
591 16349.0
592 16349.0
593 16349.0
594 16349.0
595 16349.0
596 16349.0
597 16349.0
598 16349.0
599 16349.0
600 16349.0
601 16349.0
602 16349.0
603 16349.0
604 16349.0
605 16349.0
606 16349.0
607 16349.0
608 16349.0
609 16349.0
610 16349.0
611 16349.0
612 16349.0
613 16349.0
614 16349.0
615 16349.0
616 16349.0
617 16349.0
618 16349.0
619 16349.0
620 16349.0
621 16349.0
622 16349.0
623 16349.0
624 16349.0
625 16349.0
626 16349.0
627 16349.0
628 16349.0
629 16349.0
630 16349.0
631 16349.0
632 16349.0
633 16349.0
634 16349.0
635 16349.0
636 16349.0
637 16349.0
638 16349.0
639 16349.0
640 16349.0
641 16349.0
642 16349.0
643 16349.0
644 16349.0
645 16349.0
646 16349.0
647 16349.0
648 16349.0
649 16349.0
650 16349.0
651 16349.0
652 16349.0
653 16349.0
654 16349.0
655 16349.0
656 16349.0
657 16349.0
658 16349.0
659 16349.0
660 16349.0
661 16349.0
662 16349.0
663 16349.0
664 16349.0
665 16349.0
666 16349.0
667 16349.0
668 16349.0
669 16349.0
670 16349.0
671 16349.0
672 16349.0
673 16349.0
674 16349.0
675 16349.0
676 16349.0
677 16349.0
678 16349.0
679 16349.0
680 16349.0
681 16349.0
682 16349.0
683 16349.0
684 16349.0
685 16349.0
686 16349.0
687 16349.0
688 16349.0
689 16349.0
690 16349.0
691 16349.0
692 16349.0
693 16349.0
694 16349.0
695 16349.0
696 16349.0
697 16349.0
698 16349.0
699 16349.0
700 16349.0
701 16349.0
702 16349.0
703 16349.0
704 16349.0
705 16349.0
706 16349.0
707 16349.0
708 16349.0
709 16349.0
710 16349.0
711 16349.0
712 16349.0
713 16349.0
714 16349.0
715 16349.0
716 16349.0
717 16349.0
718 16349.0
719 16349.0
720 16349.0
721 16349.0
722 16349.0
723 16349.0
724 16349.0
725 16349.0
726 16349.0
727 16349.0
728 16349.0
729 16349.0
730 16349.0
731 16349.0
732 16349.0
733 16349.0
734 16349.0
735 16349.0
736 16349.0
737 16349.0
738 16349.0
739 16349.0
740 16349.0
741 16349.0
742 16349.0
743 16349.0
744 16349.0
745 16349.0
746 16349.0
747 16349.0
748 16349.0
749 16349.0
750 16349.0
751 16349.0
752 16349.0
753 16349.0
754 16349.0
755 16349.0
756 16349.0
757 16349.0
758 16349.0
759 16349.0
760 16349.0
761 16349.0
762 16349.0
763 16349.0
764 16349.0
765 16349.0
766 16349.0
767 16349.0
768 16349.0
769 16349.0
770 16349.0
771 16349.0
772 16349.0
773 16349.0
774 16349.0
775 16349.0
776 16349.0
777 16349.0
778 16349.0
779 16349.0
780 16349.0
781 16349.0
782 16349.0
783 16349.0
784 16349.0
785 16349.0
786 16349.0
787 16349.0
788 16349.0
789 16349.0
790 16349.0
791 16349.0
792 16349.0
793 16349.0
794 16349.0
795 16349.0
796 16349.0
797 16349.0
798 16349.0
799 16349.0
800 16349.0
801 16349.0
802 16349.0
803 16349.0
804 16349.0
805 16349.0
806 16349.0
807 16349.0
808 16349.0
809 16349.0
810 16349.0
811 16349.0
812 16349.0
813 16349.0
814 16349.0
815 16349.0
816 16349.0
817 16349.0
818 16349.0
819 16349.0
820 16349.0
821 16349.0
822 16349.0
823 16349.0
824 16349.0
825 16349.0
826 16349.0
827 16349.0
828 16349.0
829 16349.0
830 16349.0
831 16349.0
832 16349.0
833 16349.0
834 16349.0
835 16349.0
836 16349.0
837 16349.0
838 16349.0
839 16349.0
840 16349.0
841 16349.0
842 16349.0
843 16349.0
844 16349.0
845 16349.0
846 16349.0
847 16349.0
848 16349.0
849 16349.0
850 16349.0
851 16349.0
852 16349.0
853 16349.0
854 16349.0
855 16349.0
856 16349.0
857 16349.0
858 16349.0
859 16349.0
860 16349.0
861 16349.0
862 16349.0
863 16349.0
864 16349.0
865 16349.0
866 16349.0
867 16349.0
868 16349.0
869 16349.0
870 16349.0
871 16349.0
872 16349.0
873 16349.0
874 16349.0
875 16349.0
876 16349.0
877 16349.0
878 16349.0
879 16349.0
880 16349.0
881 16349.0
882 16349.0
883 16349.0
884 16349.0
885 16349.0
886 16349.0
887 16349.0
888 16349.0
889 16349.0
890 16349.0
891 16349.0
892 16349.0
893 16349.0
894 16349.0
895 16349.0
896 16349.0
897 16349.0
898 16349.0
899 16349.0
900 16349.0
901 16349.0
902 16349.0
903 16349.0
904 16349.0
905 16349.0
906 16349.0
907 16349.0
908 16349.0
909 16349.0
910 16349.0
911 16349.0
912 16349.0
913 16349.0
914 16349.0
915 16349.0
916 16349.0
917 16349.0
918 16349.0
919 16349.0
920 16349.0
921 16349.0
922 16349.0
923 16349.0
924 16349.0
925 16349.0
926 16349.0
927 16349.0
928 16349.0
929 16349.0
930 16349.0
931 16349.0
932 16349.0
933 16349.0
934 16349.0
935 16349.0
936 16349.0
937 16349.0
938 16349.0
939 16349.0
940 16349.0
941 16349.0
942 16349.0
943 16349.0
944 16349.0
945 16349.0
946 16349.0
947 16349.0
948 16349.0
949 16349.0
950 16349.0
951 16349.0
952 16349.0
953 16349.0
954 16349.0
955 16349.0
956 16349.0
957 16349.0
958 16349.0
959 16349.0
960 16349.0
961 16349.0
962 16349.0
963 16349.0
964 16349.0
965 16349.0
966 16349.0
967 16349.0
968 16349.0
969 16349.0
970 16349.0
971 16349.0
972 16349.0
973 16349.0
974 16349.0
975 16349.0
976 16349.0
977 16349.0
978 16349.0
979 16349.0
980 16349.0
981 16349.0
982 16349.0
983 16349.0
984 16349.0
985 16349.0
986 16349.0
987 16349.0
988 16349.0
989 16349.0
990 16349.0
991 16349.0
992 16349.0
993 16349.0
994 16349.0
995 16349.0
996 16349.0
997 16349.0
998 16349.0
999 16349.0
1000 16349.0
