0 20104.0
1 20955.0
2 21740.0
3 23184.0
4 23756.0
5 27343.0
6 27343.0
7 27343.0
8 27454.0
9 29713.0
10 29864.0
11 30738.0
12 31033.0
13 31861.0
14 31768.0
15 33918.0
16 33918.0
17 33918.0
18 35386.0
19 35665.0
20 37177.0
21 37177.0
22 37832.0
23 38262.0
24 39578.0
25 39949.0
26 39961.0
27 41712.0
28 41712.0
29 43101.0
30 43101.0
31 43101.0
32 43683.0
33 44437.0
34 44437.0
35 44349.0
36 46967.0
37 46275.0
38 45052.0
39 45895.0
40 47436.0
41 47495.0
42 47436.0
43 46785.0
44 47154.0
45 47721.0
46 48474.0
47 48474.0
48 49114.0
49 49275.0
50 49275.0
51 49551.0
52 49976.0
53 49688.0
54 52902.0
55 52902.0
56 52902.0
57 51874.0
58 51508.0
59 51345.0
60 52796.0
61 52796.0
62 52796.0
63 53708.0
64 53492.0
65 53036.0
66 53036.0
67 53621.0
68 53621.0
69 53560.0
70 53560.0
71 55106.0
72 55106.0
73 54427.0
74 53063.0
75 54467.0
76 56637.0
77 56060.0
78 56766.0
79 56387.0
80 56387.0
81 56387.0
82 57372.0
83 58013.0
84 58013.0
85 57372.0
86 57596.0
87 57596.0
88 56534.0
89 56534.0
90 56717.0
91 58181.0
92 59169.0
93 60886.0
94 60886.0
95 60886.0
96 60886.0
97 60886.0
98 60886.0
99 58979.0
100 58343.0
101 58343.0
102 58343.0
103 58135.0
104 58135.0
105 58013.0
106 59902.0
107 59902.0
108 58326.0
109 58326.0
110 59023.0
111 59023.0
112 59123.0
113 59151.0
114 59151.0
115 59023.0
116 60337.0
117 59023.0
118 59023.0
119 60199.0
120 60199.0
121 60199.0
122 58599.0
123 59148.0
124 59171.0
125 61131.0
126 61131.0
127 60332.0
128 60332.0
129 60332.0
130 60332.0
131 61344.0
132 59735.0
133 59735.0
134 60360.0
135 60537.0
136 60537.0
137 60208.0
138 60208.0
139 60801.0
140 60506.0
141 60506.0
142 61732.0
143 61732.0
144 63644.0
145 63644.0
146 62841.0
147 62611.0
148 62587.0
149 62990.0
150 62990.0
151 63507.0
152 64577.0
153 64965.0
154 64965.0
155 64965.0
156 64965.0
157 64335.0
158 64082.0
159 64380.0
160 64380.0
161 64380.0
162 64380.0
163 64380.0
164 66437.0
165 65775.0
166 65979.0
167 65979.0
168 65979.0
169 66097.0
170 66609.0
171 66609.0
172 66609.0
173 65633.0
174 65551.0
175 65551.0
176 67534.0
177 65994.0
178 65994.0
179 65994.0
180 65994.0
181 65994.0
182 66958.0
183 66894.0
184 66894.0
185 67066.0
186 67628.0
187 67628.0
188 67628.0
189 67628.0
190 68762.0
191 68762.0
192 68762.0
193 68762.0
194 68762.0
195 70110.0
196 68762.0
197 66820.0
198 66510.0
199 67668.0
200 67654.0
201 66737.0
202 66624.0
203 66951.0
204 68394.0
205 70123.0
206 70123.0
207 70123.0
208 70123.0
209 70123.0
210 70123.0
211 70123.0
212 70123.0
213 70123.0
214 70562.0
215 70562.0
216 70123.0
217 70123.0
218 70123.0
219 70123.0
220 70123.0
221 70123.0
222 70123.0
223 70123.0
224 70123.0
225 70123.0
226 70123.0
227 68893.0
228 68893.0
229 68893.0
230 67677.0
231 67677.0
232 69268.0
233 69268.0
234 69268.0
235 69268.0
236 69268.0
237 68485.0
238 69166.0
239 68485.0
240 68381.0
241 67423.0
242 67688.0
243 69366.0
244 69366.0
245 67688.0
246 69103.0
247 67878.0
248 67878.0
249 69842.0
250 69842.0
251 69871.0
252 70551.0
253 70551.0
254 70551.0
255 69880.0
256 71702.0
257 71702.0
258 69842.0
259 69296.0
260 69296.0
261 69296.0
262 69296.0
263 69560.0
264 69560.0
265 69560.0
266 70091.0
267 70091.0
268 69740.0
269 69313.0
270 69905.0
271 70983.0
272 69313.0
273 70286.0
274 70286.0
275 70286.0
276 69519.0
277 68189.0
278 71512.0
279 68992.0
280 70272.0
281 71495.0
282 71495.0
283 71431.0
284 71431.0
285 71431.0
286 71431.0
287 71777.0
288 71777.0
289 71777.0
290 71648.0
291 71648.0
292 71585.0
293 71826.0
294 71826.0
295 71103.0
296 71295.0
297 71295.0
298 71295.0
299 72479.0
300 72479.0
301 72114.0
302 74351.0
303 74351.0
304 74747.0
305 74747.0
306 74747.0
307 74564.0
308 76446.0
309 76446.0
310 76446.0
311 74564.0
312 77531.0
313 77531.0
314 77531.0
315 74814.0
316 74814.0
317 74814.0
318 74814.0
319 74814.0
320 74814.0
321 74814.0
322 74814.0
323 74236.0
324 74619.0
325 74619.0
326 74619.0
327 73804.0
328 74054.0
329 74054.0
330 74054.0
331 74054.0
332 74054.0
333 74054.0
334 75329.0
335 75329.0
336 76748.0
337 75685.0
338 75685.0
339 72737.0
340 73017.0
341 73017.0
342 73312.0
343 73312.0
344 73312.0
345 73312.0
346 73995.0
347 74158.0
348 74158.0
349 74282.0
350 74282.0
351 74282.0
352 74282.0
353 74282.0
354 74282.0
355 74282.0
356 74282.0
357 74253.0
358 74253.0
359 74253.0
360 74253.0
361 74253.0
362 73210.0
363 72090.0
364 73359.0
365 74286.0
366 74311.0
367 74311.0
368 74311.0
369 73874.0
370 74491.0
371 74491.0
372 73936.0
373 73936.0
374 74111.0
375 74246.0
376 74111.0
377 73372.0
378 73372.0
379 73956.0
380 74980.0
381 74287.0
382 74287.0
383 76356.0
384 76356.0
385 76356.0
386 75832.0
387 75501.0
388 76296.0
389 76296.0
390 76296.0
391 74858.0
392 74858.0
393 74839.0
394 74839.0
395 74839.0
396 74839.0
397 75210.0
398 75210.0
399 75210.0
400 76541.0
401 76541.0
402 76541.0
403 76748.0
404 76748.0
405 76748.0
406 76748.0
407 77981.0
408 77981.0
409 77981.0
410 77981.0
411 74702.0
412 73577.0
413 73577.0
414 72576.0
415 72863.0
416 72942.0
417 74972.0
418 75148.0
419 75148.0
420 76464.0
421 76464.0
422 76464.0
423 76464.0
424 76464.0
425 76464.0
426 78040.0
427 78040.0
428 78040.0
429 78040.0
430 78040.0
431 78040.0
432 76639.0
433 74621.0
434 74621.0
435 74621.0
436 75504.0
437 74507.0
438 77157.0
439 77849.0
440 77849.0
441 77157.0
442 77157.0
443 79548.0
444 76362.0
445 76953.0
446 76779.0
447 76601.0
448 77053.0
449 77053.0
450 76839.0
451 77551.0
452 76839.0
453 76839.0
454 76813.0
455 77787.0
456 78007.0
457 78007.0
458 81833.0
459 81833.0
460 81833.0
461 81833.0
462 81833.0
463 77501.0
464 79424.0
465 80059.0
466 80059.0
467 80059.0
468 80059.0
469 80059.0
470 79085.0
471 79085.0
472 79770.0
473 79085.0
474 79085.0
475 79085.0
476 79085.0
477 79085.0
478 77537.0
479 78031.0
480 77694.0
481 77694.0
482 79585.0
483 77903.0
484 77903.0
485 76296.0
486 76296.0
487 76425.0
488 79489.0
489 79489.0
490 77985.0
491 78934.0
492 78936.0
493 79785.0
494 79785.0
495 79300.0
496 80511.0
497 80511.0
498 80944.0
499 80549.0
500 82110.0
