0 5069.0
1 5921.0
2 6185.0
3 6266.0
4 6852.0
5 7464.0
6 7650.0
7 7958.0
8 8292.0
9 9204.0
10 9204.0
11 9914.0
12 9914.0
13 9872.0
14 10144.0
15 10304.0
16 10787.0
17 10487.0
18 10635.0
19 11055.0
20 11585.0
21 11585.0
22 11385.0
23 11612.0
24 11811.0
25 11811.0
26 11982.0
27 12176.0
28 12246.0
29 12256.0
30 12411.0
31 12411.0
32 12556.0
33 12556.0
34 12669.0
35 12556.0
36 12556.0
37 12579.0
38 12801.0
39 12911.0
40 12762.0
41 12778.0
42 12814.0
43 12814.0
44 12968.0
45 12968.0
46 12997.0
47 12997.0
48 12980.0
49 13035.0
50 12972.0
51 13084.0
52 13199.0
53 13199.0
54 13199.0
55 13132.0
56 13132.0
57 13329.0
58 13378.0
59 13378.0
60 13530.0
61 13599.0
62 13599.0
63 13599.0
64 13599.0
65 13599.0
66 13661.0
67 13760.0
68 13843.0
69 13788.0
70 13867.0
71 13867.0
72 13843.0
73 13843.0
74 13931.0
75 13931.0
76 13879.0
77 13936.0
78 13874.0
79 13896.0
80 13896.0
81 13918.0
82 13979.0
83 13979.0
84 13979.0
85 13993.0
86 13987.0
87 13992.0
88 14027.0
89 14027.0
90 14027.0
91 13987.0
92 14004.0
93 13996.0
94 14017.0
95 14040.0
96 14045.0
97 14045.0
98 14045.0
99 14045.0
100 14045.0
101 14045.0
102 14045.0
103 14045.0
104 14045.0
105 14040.0
106 14045.0
107 14045.0
108 14050.0
109 14050.0
110 14050.0
111 14050.0
112 14050.0
113 14058.0
114 14058.0
115 14058.0
116 14058.0
117 14058.0
118 14058.0
119 14058.0
120 14058.0
121 14058.0
122 14058.0
123 14058.0
124 14058.0
125 14058.0
126 14058.0
127 14058.0
128 14058.0
129 14058.0
130 14058.0
131 14058.0
132 14058.0
133 14058.0
134 14058.0
135 14058.0
136 14058.0
137 14058.0
138 14058.0
139 14058.0
140 14058.0
141 14058.0
142 14058.0
143 14058.0
144 14058.0
145 14058.0
146 14058.0
147 14058.0
148 14058.0
149 14058.0
150 14058.0
151 14058.0
152 14058.0
153 14058.0
154 14058.0
155 14058.0
156 14058.0
157 14058.0
158 14058.0
159 14058.0
160 14058.0
161 14058.0
162 14058.0
163 14058.0
164 14058.0
165 14058.0
166 14058.0
167 14058.0
168 14058.0
169 14058.0
170 14058.0
171 14058.0
172 14058.0
173 14058.0
174 14058.0
175 14058.0
176 14058.0
177 14058.0
178 14058.0
179 14058.0
180 14058.0
181 14058.0
182 14058.0
183 14058.0
184 14058.0
185 14058.0
186 14058.0
187 14058.0
188 14058.0
189 14058.0
190 14058.0
191 14058.0
192 14058.0
193 14058.0
194 14058.0
195 14058.0
196 14058.0
197 14058.0
198 14058.0
199 14058.0
200 14058.0
201 14058.0
202 14058.0
203 14058.0
204 14058.0
205 14058.0
206 14058.0
207 14060.0
208 14060.0
209 14058.0
210 14058.0
211 14058.0
212 14058.0
213 14058.0
214 14058.0
215 14058.0
216 14058.0
217 14058.0
218 14058.0
219 14058.0
220 14058.0
221 14058.0
222 14058.0
223 14058.0
224 14058.0
225 14058.0
226 14058.0
227 14058.0
228 14058.0
229 14058.0
230 14058.0
231 14058.0
232 14058.0
233 14058.0
234 14058.0
235 14058.0
236 14058.0
237 14058.0
238 14058.0
239 14058.0
240 14058.0
241 14058.0
242 14058.0
243 14058.0
244 14058.0
245 14058.0
246 14058.0
247 14058.0
248 14058.0
249 14058.0
250 14058.0
251 14058.0
252 14058.0
253 14058.0
254 14060.0
255 14060.0
256 14060.0
257 14060.0
258 14060.0
259 14060.0
260 14060.0
261 14060.0
262 14060.0
263 14060.0
264 14060.0
265 14060.0
266 14060.0
267 14060.0
268 14060.0
269 14060.0
270 14060.0
271 14060.0
272 14060.0
273 14060.0
274 14060.0
275 14060.0
276 14060.0
277 14060.0
278 14060.0
279 14060.0
280 14060.0
281 14060.0
282 14060.0
283 14060.0
284 14060.0
285 14060.0
286 14060.0
287 14060.0
288 14060.0
289 14060.0
290 14060.0
291 14060.0
292 14060.0
293 14060.0
294 14060.0
295 14060.0
296 14060.0
297 14060.0
298 14060.0
299 14060.0
300 14060.0
301 14060.0
302 14060.0
303 14060.0
304 14060.0
305 14060.0
306 14060.0
307 14060.0
308 14060.0
309 14060.0
310 14060.0
311 14060.0
312 14060.0
313 14060.0
314 14060.0
315 14060.0
316 14060.0
317 14060.0
318 14060.0
319 14060.0
320 14060.0
321 14060.0
322 14060.0
323 14060.0
324 14060.0
325 14060.0
326 14060.0
327 14060.0
328 14060.0
329 14060.0
330 14060.0
331 14060.0
332 14060.0
333 14060.0
334 14060.0
335 14060.0
336 14060.0
337 14060.0
338 14060.0
339 14060.0
340 14060.0
341 14060.0
342 14060.0
343 14060.0
344 14060.0
345 14060.0
346 14060.0
347 14060.0
348 14060.0
349 14060.0
350 14060.0
351 14060.0
352 14060.0
353 14060.0
354 14060.0
355 14060.0
356 14060.0
357 14060.0
358 14060.0
359 14060.0
360 14060.0
361 14060.0
362 14060.0
363 14060.0
364 14060.0
365 14060.0
366 14060.0
367 14060.0
368 14060.0
369 14060.0
370 14060.0
371 14060.0
372 14060.0
373 14060.0
374 14060.0
375 14060.0
376 14060.0
377 14060.0
378 14060.0
379 14060.0
380 14060.0
381 14060.0
382 14060.0
383 14060.0
384 14060.0
385 14060.0
386 14060.0
387 14060.0
388 14060.0
389 14060.0
390 14060.0
391 14060.0
392 14060.0
393 14060.0
394 14060.0
395 14060.0
396 14060.0
397 14060.0
398 14060.0
399 14060.0
400 14060.0
401 14060.0
402 14060.0
403 14060.0
404 14060.0
405 14060.0
406 14060.0
407 14060.0
408 14060.0
409 14060.0
410 14060.0
411 14060.0
412 14060.0
413 14060.0
414 14060.0
415 14060.0
416 14060.0
417 14060.0
418 14060.0
419 14060.0
420 14060.0
421 14060.0
422 14060.0
423 14060.0
424 14060.0
425 14060.0
426 14060.0
427 14060.0
428 14060.0
429 14060.0
430 14060.0
431 14060.0
432 14060.0
433 14060.0
434 14060.0
435 14060.0
436 14060.0
437 14060.0
438 14060.0
439 14060.0
440 14060.0
441 14060.0
442 14060.0
443 14060.0
444 14060.0
445 14060.0
446 14060.0
447 14060.0
448 14060.0
449 14060.0
450 14060.0
451 14060.0
452 14060.0
453 14060.0
454 14060.0
455 14060.0
456 14060.0
457 14060.0
458 14060.0
459 14060.0
460 14060.0
461 14060.0
462 14060.0
463 14060.0
464 14060.0
465 14060.0
466 14060.0
467 14060.0
468 14060.0
469 14060.0
470 14060.0
471 14060.0
472 14060.0
473 14060.0
474 14060.0
475 14060.0
476 14060.0
477 14060.0
478 14060.0
479 14060.0
480 14060.0
481 14060.0
482 14060.0
483 14060.0
484 14060.0
485 14060.0
486 14060.0
487 14060.0
488 14060.0
489 14060.0
490 14060.0
491 14060.0
492 14060.0
493 14060.0
494 14060.0
495 14060.0
496 14060.0
497 14060.0
498 14060.0
499 14060.0
500 14060.0
