0 6033.0
1 6408.0
2 7156.0
3 7180.0
4 8325.0
5 9456.0
6 10196.0
7 10774.0
8 10774.0
9 11384.0
10 11768.0
11 12877.0
12 13111.0
13 13556.0
14 14011.0
15 14446.0
16 14898.0
17 15684.0
18 15895.0
19 16248.0
20 16939.0
21 16939.0
22 18071.0
23 18052.0
24 18061.0
25 18053.0
26 19041.0
27 18883.0
28 18984.0
29 20673.0
30 20673.0
31 21488.0
32 21636.0
33 21636.0
34 22135.0
35 22200.0
36 22464.0
37 22533.0
38 22803.0
39 23605.0
40 23605.0
41 24008.0
42 24008.0
43 24673.0
44 24328.0
45 24969.0
46 25422.0
47 25422.0
48 25292.0
49 26360.0
50 26360.0
51 26950.0
52 27504.0
53 27504.0
54 27504.0
55 27504.0
56 27504.0
57 27504.0
58 27964.0
59 28463.0
60 28463.0
61 28463.0
62 28463.0
63 28463.0
64 28463.0
65 28463.0
66 28752.0
67 28752.0
68 28752.0
69 28752.0
70 28840.0
71 29192.0
72 29049.0
73 29049.0
74 29049.0
75 28974.0
76 29216.0
77 29216.0
78 29216.0
79 29216.0
80 29942.0
81 29942.0
82 29942.0
83 29942.0
84 29942.0
85 29942.0
86 29942.0
87 29825.0
88 30736.0
89 30868.0
90 30868.0
91 30868.0
92 30868.0
93 30003.0
94 30227.0
95 30227.0
96 30320.0
97 29859.0
98 29954.0
99 29954.0
100 30345.0
