0 6330.0
1 6120.0
2 6867.0
3 7076.0
4 7887.0
5 8846.0
6 9014.0
7 9518.0
8 10233.0
9 10521.0
10 11459.0
11 11672.0
12 12530.0
13 12957.0
14 13288.0
15 13288.0
16 14545.0
17 14697.0
18 14931.0
19 15598.0
20 16130.0
21 16343.0
22 16731.0
23 17154.0
24 17745.0
25 18212.0
26 18212.0
27 18956.0
28 19013.0
29 20024.0
30 21080.0
31 21211.0
32 21211.0
33 21211.0
34 21345.0
35 22027.0
36 21913.0
37 21571.0
38 21754.0
39 22049.0
40 22623.0
41 22623.0
42 23195.0
43 23195.0
44 23566.0
45 23566.0
46 23648.0
47 23566.0
48 23902.0
49 23902.0
50 24131.0
51 24884.0
52 24884.0
53 24977.0
54 24884.0
55 25005.0
56 25807.0
57 25865.0
58 25865.0
59 25865.0
60 26228.0
61 26412.0
62 26412.0
63 26412.0
64 26362.0
65 26743.0
66 27430.0
67 26743.0
68 26743.0
69 27408.0
70 27408.0
71 27773.0
72 27215.0
73 27215.0
74 27215.0
75 28412.0
76 27781.0
77 27715.0
78 29116.0
79 29116.0
80 28045.0
81 28045.0
82 28083.0
83 28311.0
84 28311.0
85 28498.0
86 28498.0
87 28887.0
88 28887.0
89 28558.0
90 29223.0
91 28558.0
92 29528.0
93 29188.0
94 29188.0
95 29013.0
96 29515.0
97 29145.0
98 29815.0
99 29815.0
100 29815.0
