0 5637.0
1 6378.0
2 6386.0
3 7290.0
4 7655.0
5 8070.0
6 8070.0
7 8356.0
8 8518.0
9 8971.0
10 9708.0
11 9930.0
12 10466.0
13 10803.0
14 11067.0
15 11190.0
16 11323.0
17 11445.0
18 11657.0
19 12540.0
20 12422.0
21 12784.0
22 12784.0
23 12813.0
24 13121.0
25 13668.0
26 13313.0
27 14058.0
28 13935.0
29 13935.0
30 14136.0
31 14270.0
32 14441.0
33 14527.0
34 14472.0
35 14993.0
36 14757.0
37 14912.0
38 15098.0
39 15148.0
40 15148.0
41 15152.0
42 15530.0
43 15597.0
44 15614.0
45 15740.0
46 15740.0
47 15740.0
48 15469.0
49 15846.0
50 15846.0
51 15846.0
52 15846.0
53 15924.0
54 15924.0
55 15691.0
56 15928.0
57 16216.0
58 15928.0
59 16178.0
60 16178.0
61 16178.0
62 16178.0
63 16178.0
64 16178.0
65 16178.0
66 16178.0
67 16204.0
68 16743.0
69 16743.0
70 16231.0
71 16359.0
72 16636.0
73 16636.0
74 16626.0
75 16626.0
76 16626.0
77 16647.0
78 16647.0
79 16486.0
80 16523.0
81 16622.0
82 16535.0
83 17000.0
84 16535.0
85 16974.0
86 16974.0
87 16844.0
88 16844.0
89 16844.0
90 17010.0
91 17009.0
92 16881.0
93 17151.0
94 17151.0
95 17151.0
96 17151.0
97 17093.0
98 17363.0
99 17363.0
100 17363.0
101 17363.0
102 17363.0
103 17363.0
104 17260.0
105 17267.0
106 17480.0
107 17677.0
108 17677.0
109 17677.0
110 17677.0
111 17677.0
112 17677.0
113 17677.0
114 17677.0
115 17677.0
116 17691.0
117 17742.0
118 17742.0
119 17671.0
120 17769.0
121 17769.0
122 17815.0
123 17817.0
124 17885.0
125 17885.0
126 17852.0
127 18027.0
128 18027.0
129 18027.0
130 18027.0
131 18027.0
132 18013.0
133 17981.0
134 17981.0
135 18014.0
136 18026.0
137 18048.0
138 18072.0
139 18072.0
140 18048.0
141 18045.0
142 18045.0
143 18045.0
144 18049.0
145 18049.0
146 18031.0
147 18031.0
148 18031.0
149 18039.0
150 18031.0
151 18006.0
152 18006.0
153 18006.0
154 18006.0
155 18014.0
156 18014.0
157 18014.0
158 18014.0
159 18014.0
160 18014.0
161 18014.0
162 18014.0
163 18014.0
164 18014.0
165 18014.0
166 18014.0
167 18014.0
168 18014.0
169 18014.0
170 18014.0
171 18014.0
172 18133.0
173 18133.0
174 18053.0
175 18014.0
176 18014.0
177 18014.0
178 18014.0
179 18014.0
180 18014.0
181 18014.0
182 18014.0
183 18014.0
184 18027.0
185 18066.0
186 18066.0
187 18066.0
188 18066.0
189 18066.0
190 18066.0
191 18066.0
192 18066.0
193 18066.0
194 18014.0
195 18014.0
196 18014.0
197 18014.0
198 18043.0
199 18066.0
200 18043.0
201 18043.0
202 18066.0
203 18043.0
204 18066.0
205 18066.0
206 18014.0
207 18014.0
208 18014.0
209 18014.0
210 18014.0
211 18014.0
212 18014.0
213 18014.0
214 18014.0
215 18014.0
216 18014.0
217 18014.0
218 18014.0
219 18014.0
220 18014.0
221 18014.0
222 18041.0
223 18041.0
224 18014.0
225 18014.0
226 18014.0
227 18014.0
228 18014.0
229 18014.0
230 18014.0
231 18014.0
232 18014.0
233 18014.0
234 18014.0
235 18014.0
236 18014.0
237 18014.0
238 18014.0
239 18014.0
240 18014.0
241 18014.0
242 18014.0
243 18014.0
244 18014.0
245 18014.0
246 18014.0
247 18014.0
248 18014.0
249 18014.0
250 18014.0
251 18084.0
252 18084.0
253 18066.0
254 18066.0
255 18066.0
256 18066.0
257 18066.0
258 18066.0
259 18066.0
260 18066.0
261 18066.0
262 18066.0
263 18066.0
264 18066.0
265 18066.0
266 18066.0
267 18066.0
268 18066.0
269 18066.0
270 18066.0
271 18066.0
272 18066.0
273 18066.0
274 18066.0
275 18066.0
276 18066.0
277 18066.0
278 18066.0
279 18066.0
280 18066.0
281 18066.0
282 18066.0
283 18066.0
284 18066.0
285 18066.0
286 18066.0
287 18066.0
288 18066.0
289 18066.0
290 18066.0
291 18066.0
292 18066.0
293 18066.0
294 18066.0
295 18066.0
296 18066.0
297 18066.0
298 18066.0
299 18066.0
300 18066.0
301 18066.0
302 18066.0
303 18066.0
304 18066.0
305 18066.0
306 18066.0
307 18066.0
308 18066.0
309 18066.0
310 18066.0
311 18066.0
312 18066.0
313 18066.0
314 18066.0
315 18066.0
316 18066.0
317 18066.0
318 18066.0
319 18066.0
320 18066.0
321 18066.0
322 18066.0
323 18066.0
324 18072.0
325 18072.0
326 18072.0
327 18066.0
328 18066.0
329 18066.0
330 18066.0
331 18066.0
332 18066.0
333 18066.0
334 18066.0
335 18066.0
336 18089.0
337 18089.0
338 18089.0
339 18066.0
340 18066.0
341 18066.0
342 18066.0
343 18066.0
344 18066.0
345 18066.0
346 18066.0
347 18066.0
348 18066.0
349 18066.0
350 18066.0
351 18066.0
352 18066.0
353 18066.0
354 18093.0
355 18066.0
356 18066.0
357 18066.0
358 18093.0
359 18093.0
360 18066.0
361 18066.0
362 18066.0
363 18066.0
364 18066.0
365 18066.0
366 18066.0
367 18066.0
368 18066.0
369 18066.0
370 18066.0
371 18066.0
372 18066.0
373 18066.0
374 18066.0
375 18092.0
376 18092.0
377 18066.0
378 18066.0
379 18066.0
380 18066.0
381 18066.0
382 18066.0
383 18066.0
384 18066.0
385 18066.0
386 18066.0
387 18066.0
388 18066.0
389 18066.0
390 18066.0
391 18066.0
392 18066.0
393 18066.0
394 18066.0
395 18066.0
396 18066.0
397 18066.0
398 18066.0
399 18066.0
400 18066.0
401 18066.0
402 18066.0
403 18066.0
404 18066.0
405 18066.0
406 18066.0
407 18066.0
408 18066.0
409 18066.0
410 18066.0
411 18066.0
412 18066.0
413 18066.0
414 18066.0
415 18066.0
416 18066.0
417 18066.0
418 18066.0
419 18066.0
420 18066.0
421 18066.0
422 18066.0
423 18066.0
424 18066.0
425 18066.0
426 18066.0
427 18066.0
428 18066.0
429 18066.0
430 18066.0
431 18066.0
432 18066.0
433 18066.0
434 18066.0
435 18066.0
436 18066.0
437 18066.0
438 18066.0
439 18066.0
440 18066.0
441 18066.0
442 18066.0
443 18066.0
444 18066.0
445 18066.0
446 18066.0
447 18066.0
448 18066.0
449 18066.0
450 18066.0
451 18066.0
452 18066.0
453 18066.0
454 18066.0
455 18066.0
456 18066.0
457 18066.0
458 18066.0
459 18066.0
460 18066.0
461 18066.0
462 18066.0
463 18092.0
464 18092.0
465 18092.0
466 18092.0
467 18092.0
468 18066.0
469 18066.0
470 18066.0
471 18066.0
472 18066.0
473 18066.0
474 18066.0
475 18066.0
476 18066.0
477 18066.0
478 18066.0
479 18066.0
480 18066.0
481 18066.0
482 18066.0
483 18066.0
484 18066.0
485 18066.0
486 18066.0
487 18066.0
488 18066.0
489 18066.0
490 18066.0
491 18066.0
492 18066.0
493 18066.0
494 18066.0
495 18066.0
496 18066.0
497 18066.0
498 18066.0
499 18066.0
500 18066.0
