0 8379.0
1 8379.0
2 8558.0
3 8915.0
4 10319.0
5 10319.0
6 11225.0
7 11382.0
8 11327.0
9 11434.0
10 12864.0
11 13189.0
12 13450.0
13 13450.0
14 13542.0
15 13452.0
16 13793.0
17 13903.0
18 14432.0
19 15621.0
20 15621.0
21 15722.0
22 16209.0
23 16209.0
24 18036.0
25 18036.0
26 18036.0
27 18036.0
28 18533.0
29 18181.0
30 18580.0
31 18608.0
32 18181.0
33 18879.0
34 19080.0
35 19080.0
36 20006.0
37 20006.0
38 20006.0
39 20006.0
40 20006.0
41 19862.0
42 19624.0
43 19753.0
44 19753.0
45 20205.0
46 20480.0
47 20606.0
48 20480.0
49 21028.0
50 21491.0
51 21491.0
52 21554.0
53 21554.0
54 21299.0
55 21299.0
56 21299.0
57 22364.0
58 22364.0
59 22364.0
60 22364.0
61 22630.0
62 22630.0
63 22263.0
64 22263.0
65 22263.0
66 22263.0
67 22395.0
68 22588.0
69 22588.0
70 22675.0
71 23099.0
72 23756.0
73 23756.0
74 23840.0
75 23840.0
76 23840.0
77 23246.0
78 23246.0
79 24065.0
80 23817.0
81 23817.0
82 23820.0
83 23817.0
84 24979.0
85 24979.0
86 24979.0
87 24402.0
88 24934.0
89 24934.0
90 24934.0
91 24934.0
92 24934.0
93 24934.0
94 24934.0
95 24571.0
96 24571.0
97 24815.0
98 24815.0
99 25129.0
100 25129.0
101 25129.0
102 25129.0
103 25203.0
104 25129.0
105 25129.0
106 25266.0
107 25550.0
108 25550.0
109 25550.0
110 25878.0
111 26521.0
112 26521.0
113 26545.0
114 26545.0
115 26707.0
116 26707.0
117 26707.0
118 25994.0
119 26547.0
120 26938.0
121 26734.0
122 26741.0
123 26806.0
124 26806.0
125 27453.0
126 26933.0
127 27179.0
128 27271.0
129 27386.0
130 28173.0
131 28173.0
132 27440.0
133 27440.0
134 28285.0
135 27531.0
136 27531.0
137 27531.0
138 27914.0
139 27467.0
140 27546.0
141 27596.0
142 27596.0
143 28155.0
144 28155.0
145 28319.0
146 28319.0
147 28319.0
148 27740.0
149 27595.0
150 28003.0
151 28510.0
152 28510.0
153 28707.0
154 28752.0
155 28901.0
156 29231.0
157 29231.0
158 29062.0
159 29132.0
160 29132.0
161 29132.0
162 29832.0
163 29832.0
164 29832.0
165 28949.0
166 29384.0
167 29469.0
168 29469.0
169 29469.0
170 29052.0
171 30229.0
172 30229.0
173 30229.0
174 30229.0
175 30410.0
176 30410.0
177 30410.0
178 30410.0
179 30410.0
180 30410.0
181 30380.0
182 29669.0
183 29669.0
184 30232.0
185 30232.0
186 30232.0
187 30181.0
188 30181.0
189 30086.0
190 30061.0
191 29654.0
192 29670.0
193 30180.0
194 30341.0
195 30577.0
196 30577.0
197 30780.0
198 30577.0
199 30180.0
200 30180.0
201 30194.0
202 30464.0
203 30464.0
204 30464.0
205 29879.0
206 30147.0
207 30002.0
208 30677.0
209 30569.0
210 30569.0
211 30647.0
212 30588.0
213 30912.0
214 31049.0
215 31049.0
216 32021.0
217 30912.0
218 31087.0
219 31375.0
220 31375.0
221 31375.0
222 31375.0
223 31402.0
224 31402.0
225 31402.0
226 31402.0
227 31555.0
228 31555.0
229 31240.0
230 31745.0
231 32444.0
232 32444.0
233 32444.0
234 31968.0
235 32334.0
236 32334.0
237 31941.0
238 32879.0
239 33133.0
240 32931.0
241 33009.0
242 32929.0
243 32419.0
244 32407.0
245 32830.0
246 32830.0
247 32830.0
248 33357.0
249 33357.0
250 32983.0
251 32983.0
252 32861.0
253 32783.0
254 32811.0
255 33569.0
256 33569.0
257 33569.0
258 33569.0
259 33569.0
260 33569.0
261 33241.0
262 33241.0
263 33241.0
264 32586.0
265 32778.0
266 32827.0
267 33192.0
268 33192.0
269 33192.0
270 33192.0
271 33175.0
272 33175.0
273 33872.0
274 33209.0
275 33280.0
276 33292.0
277 33835.0
278 33835.0
279 33835.0
280 34599.0
281 34601.0
282 34599.0
283 34599.0
284 34599.0
285 34599.0
286 34599.0
287 34599.0
288 34636.0
289 34520.0
290 34520.0
291 34058.0
292 34007.0
293 34007.0
294 34007.0
295 34366.0
296 33772.0
297 33859.0
298 33859.0
299 33886.0
300 33886.0
301 33984.0
302 33984.0
303 33984.0
304 34156.0
305 34156.0
306 34135.0
307 34304.0
308 34546.0
309 34335.0
310 34335.0
311 34335.0
312 34335.0
313 34304.0
314 34304.0
315 34667.0
316 34778.0
317 35070.0
318 35070.0
319 35070.0
320 35279.0
321 35300.0
322 35519.0
323 35519.0
324 35519.0
325 35392.0
326 35392.0
327 35573.0
328 35809.0
329 35403.0
330 35403.0
331 36086.0
332 36086.0
333 36140.0
334 36397.0
335 36397.0
336 36404.0
337 36368.0
338 36478.0
339 36598.0
340 36598.0
341 36660.0
342 36983.0
343 36599.0
344 36599.0
345 36948.0
346 36948.0
347 36691.0
348 36717.0
349 37428.0
350 37428.0
351 37428.0
352 37640.0
353 37640.0
354 37727.0
355 37681.0
356 37681.0
357 37823.0
358 37791.0
359 37729.0
360 37825.0
361 37666.0
362 38028.0
363 38080.0
364 38080.0
365 38546.0
366 38546.0
367 38346.0
368 38055.0
369 38748.0
370 38394.0
371 39382.0
372 38533.0
373 38533.0
374 38533.0
375 38367.0
376 38470.0
377 38470.0
378 38512.0
379 38512.0
380 38657.0
381 38788.0
382 38973.0
383 39067.0
384 39067.0
385 39398.0
386 39398.0
387 39049.0
388 39093.0
389 39317.0
390 39317.0
391 39707.0
392 39707.0
393 39816.0
394 39816.0
395 39707.0
396 40002.0
397 39795.0
398 39844.0
399 39844.0
400 39844.0
401 39844.0
402 39849.0
403 40389.0
404 40570.0
405 40570.0
406 40443.0
407 40595.0
408 40853.0
409 40853.0
410 40956.0
411 40956.0
412 40956.0
413 40956.0
414 40895.0
415 40966.0
416 40984.0
417 41131.0
418 41131.0
419 41131.0
420 41131.0
421 41058.0
422 41118.0
423 41157.0
424 41339.0
425 41285.0
426 41494.0
427 41322.0
428 41344.0
429 41679.0
430 41679.0
431 41440.0
432 41591.0
433 41591.0
434 41591.0
435 41591.0
436 41591.0
437 41591.0
438 41768.0
439 41768.0
440 41768.0
441 41781.0
442 41903.0
443 41908.0
444 41908.0
445 41908.0
446 41908.0
447 41908.0
448 41908.0
449 41908.0
450 41908.0
451 41908.0
452 41908.0
453 41908.0
454 41908.0
455 41908.0
456 41908.0
457 41908.0
458 41908.0
459 41908.0
460 41908.0
461 41908.0
462 41908.0
463 41908.0
464 41908.0
465 41908.0
466 41908.0
467 41908.0
468 41908.0
469 41908.0
470 41908.0
471 41908.0
472 41908.0
473 41908.0
474 41908.0
475 41908.0
476 41908.0
477 41908.0
478 41908.0
479 41908.0
480 41908.0
481 41908.0
482 41908.0
483 41908.0
484 41908.0
485 41908.0
486 41908.0
487 41908.0
488 41908.0
489 41908.0
490 41908.0
491 41908.0
492 41908.0
493 41908.0
494 41908.0
495 41908.0
496 41908.0
497 41908.0
498 41908.0
499 41908.0
500 41908.0
501 41908.0
502 41908.0
503 41908.0
504 41908.0
505 41908.0
506 41908.0
507 41908.0
508 41908.0
509 41908.0
510 41908.0
511 41908.0
512 41908.0
513 41908.0
514 41908.0
515 41908.0
516 41908.0
517 41908.0
518 41908.0
519 41908.0
520 41908.0
521 41908.0
522 41908.0
523 41908.0
524 41908.0
525 41908.0
526 41908.0
527 41908.0
528 41908.0
529 41908.0
530 41908.0
531 41908.0
532 41908.0
533 41908.0
534 41908.0
535 41908.0
536 41908.0
537 41908.0
538 41908.0
539 41908.0
540 41908.0
541 41908.0
542 41908.0
543 41908.0
544 41908.0
545 41908.0
546 41908.0
547 41908.0
548 41908.0
549 41908.0
550 41908.0
551 41908.0
552 41908.0
553 41908.0
554 41908.0
555 41908.0
556 41908.0
557 41908.0
558 41908.0
559 41908.0
560 41908.0
561 41908.0
562 41908.0
563 41908.0
564 41908.0
565 41908.0
566 41908.0
567 41908.0
568 41908.0
569 41908.0
570 41908.0
571 41908.0
572 41908.0
573 41908.0
574 41908.0
575 41908.0
576 41908.0
577 41908.0
578 41908.0
579 41908.0
580 41908.0
581 41908.0
582 41908.0
583 41908.0
584 41908.0
585 41908.0
586 41908.0
587 41908.0
588 41908.0
589 41908.0
590 41908.0
591 41908.0
592 41908.0
593 41908.0
594 41908.0
595 41908.0
596 41908.0
597 41908.0
598 41908.0
599 41908.0
600 41908.0
601 41908.0
602 41908.0
603 41908.0
604 41908.0
605 41908.0
606 41908.0
607 41908.0
608 41908.0
609 41908.0
610 41908.0
611 41908.0
612 41908.0
613 41908.0
614 41908.0
615 41908.0
616 41908.0
617 41908.0
618 41908.0
619 41908.0
620 41908.0
621 41908.0
622 41908.0
623 41908.0
624 41908.0
625 41908.0
626 41908.0
627 41908.0
628 41908.0
629 41908.0
630 41908.0
631 41908.0
632 41908.0
633 41908.0
634 41908.0
635 41908.0
636 41908.0
637 41908.0
638 41908.0
639 41908.0
640 41908.0
641 41908.0
642 41908.0
643 41908.0
644 41908.0
645 41908.0
646 41908.0
647 41908.0
648 41908.0
649 41908.0
650 41908.0
651 41908.0
652 41908.0
653 41908.0
654 41908.0
655 41908.0
656 41908.0
657 41908.0
658 41908.0
659 41908.0
660 41908.0
661 41908.0
662 41908.0
663 41908.0
664 41908.0
665 41908.0
666 41908.0
667 41908.0
668 41908.0
669 41908.0
670 41908.0
671 41908.0
672 41908.0
673 41908.0
674 41908.0
675 41908.0
676 41908.0
677 41908.0
678 41908.0
679 41908.0
680 41908.0
681 41908.0
682 41908.0
683 41908.0
684 41908.0
685 41908.0
686 41908.0
687 41908.0
688 41908.0
689 41908.0
690 41908.0
691 41908.0
692 41908.0
693 41908.0
694 41908.0
695 41908.0
696 41908.0
697 41908.0
698 41908.0
699 41908.0
700 41908.0
701 41908.0
702 41908.0
703 41908.0
704 41908.0
705 41908.0
706 41908.0
707 41908.0
708 41908.0
709 41908.0
710 41908.0
711 41908.0
712 41908.0
713 41908.0
714 41908.0
715 41908.0
716 41908.0
717 41908.0
718 41908.0
719 41908.0
720 41908.0
721 41908.0
722 41908.0
723 41908.0
724 41908.0
725 41908.0
726 41908.0
727 41908.0
728 41908.0
729 41908.0
730 41908.0
731 41908.0
732 41908.0
733 41908.0
734 41908.0
735 41908.0
736 41908.0
737 41908.0
738 41908.0
739 41908.0
740 41908.0
741 41908.0
742 41908.0
743 41908.0
744 41908.0
745 41908.0
746 41908.0
747 41908.0
748 41908.0
749 41908.0
750 41908.0
751 41908.0
752 41908.0
753 41908.0
754 41908.0
755 41908.0
756 41908.0
757 41908.0
758 41908.0
759 41908.0
760 41908.0
761 41908.0
762 41908.0
763 41908.0
764 41908.0
765 41908.0
766 41908.0
767 41908.0
768 41908.0
769 41908.0
770 41908.0
771 41908.0
772 41908.0
773 41908.0
774 41908.0
775 41908.0
776 41908.0
777 41908.0
778 41908.0
779 41908.0
780 41908.0
781 41908.0
782 41908.0
783 41908.0
784 41908.0
785 41908.0
786 41908.0
787 41908.0
788 41908.0
789 41908.0
790 41908.0
791 41908.0
792 41908.0
793 41908.0
794 41908.0
795 41908.0
796 41908.0
797 41908.0
798 41908.0
799 41908.0
800 41908.0
801 41908.0
802 41908.0
803 41908.0
804 41908.0
805 41908.0
806 41908.0
807 41908.0
808 41908.0
809 41908.0
810 41908.0
811 41908.0
812 41908.0
813 41908.0
814 41908.0
815 41908.0
816 41908.0
817 41908.0
818 41908.0
819 41908.0
820 41908.0
821 41908.0
822 41908.0
823 41908.0
824 41908.0
825 41908.0
826 41908.0
827 41908.0
828 41908.0
829 41908.0
830 41908.0
831 41908.0
832 41908.0
833 41908.0
834 41908.0
835 41908.0
836 41908.0
837 41908.0
838 41908.0
839 41908.0
840 41908.0
841 41908.0
842 41908.0
843 41908.0
844 41908.0
845 41908.0
846 41908.0
847 41908.0
848 41908.0
849 41908.0
850 41908.0
851 41908.0
852 41908.0
853 41908.0
854 41908.0
855 41908.0
856 41908.0
857 41908.0
858 41908.0
859 41908.0
860 41908.0
861 41908.0
862 41908.0
863 41908.0
864 41908.0
865 41908.0
866 41908.0
867 41908.0
868 41908.0
869 41908.0
870 41908.0
871 41908.0
872 41908.0
873 41908.0
874 41908.0
875 41908.0
876 41908.0
877 41908.0
878 41908.0
879 41908.0
880 41908.0
881 41908.0
882 41908.0
883 41908.0
884 41908.0
885 41908.0
886 41908.0
887 41908.0
888 41908.0
889 41908.0
890 41908.0
891 41908.0
892 41908.0
893 41908.0
894 41908.0
895 41908.0
896 41908.0
897 41908.0
898 41908.0
899 41908.0
900 41908.0
901 41908.0
902 41908.0
903 41908.0
904 41908.0
905 41908.0
906 41908.0
907 41908.0
908 41908.0
909 41908.0
910 41908.0
911 41908.0
912 41908.0
913 41908.0
914 41908.0
915 41908.0
916 41908.0
917 41908.0
918 41908.0
919 41908.0
920 41908.0
921 41908.0
922 41908.0
923 41908.0
924 41908.0
925 41908.0
926 41908.0
927 41908.0
928 41908.0
929 41908.0
930 41908.0
931 41908.0
932 41908.0
933 41908.0
934 41908.0
935 41908.0
936 41908.0
937 41908.0
938 41908.0
939 41908.0
940 41908.0
941 41908.0
942 41908.0
943 41908.0
944 41908.0
945 41908.0
946 41908.0
947 41908.0
948 41908.0
949 41908.0
950 41908.0
951 41908.0
952 41908.0
953 41908.0
954 41908.0
955 41908.0
956 41908.0
957 41908.0
958 41908.0
959 41908.0
960 41908.0
961 41908.0
962 41908.0
963 41908.0
964 41908.0
965 41908.0
966 41908.0
967 41908.0
968 41908.0
969 41908.0
970 41908.0
971 41908.0
972 41908.0
973 41908.0
974 41908.0
975 41908.0
976 41908.0
977 41908.0
978 41908.0
979 41908.0
980 41908.0
981 41908.0
982 41908.0
983 41908.0
984 41908.0
985 41908.0
986 41908.0
987 41908.0
988 41908.0
989 41908.0
990 41908.0
991 41908.0
992 41908.0
993 41908.0
994 41908.0
995 41908.0
996 41908.0
997 41908.0
998 41908.0
999 41908.0
1000 41908.0
