0 4928.0
1 5823.0
2 6784.0
3 6906.0
4 7422.0
5 8573.0
6 8736.0
7 8880.0
8 9154.0
9 9523.0
10 9918.0
11 10204.0
12 11172.0
13 11228.0
14 11228.0
15 10949.0
16 11359.0
17 11838.0
18 11761.0
19 12306.0
20 12517.0
21 13428.0
22 13428.0
23 13428.0
24 13732.0
25 12940.0
26 13420.0
27 13724.0
28 13724.0
29 13801.0
30 14402.0
31 15255.0
32 15255.0
33 14629.0
34 14712.0
35 15433.0
36 15513.0
37 15565.0
38 15565.0
39 15565.0
40 15283.0
41 15636.0
42 15785.0
43 16309.0
44 16309.0
45 17585.0
46 17585.0
47 17000.0
48 17000.0
49 16766.0
50 17135.0
51 18905.0
52 18289.0
53 18289.0
54 18289.0
55 18289.0
56 18250.0
57 18711.0
58 18454.0
59 18454.0
60 18715.0
61 19173.0
62 19173.0
63 19173.0
64 18728.0
65 18898.0
66 18898.0
67 19315.0
68 19863.0
69 19900.0
70 20134.0
71 20134.0
72 20137.0
73 20364.0
74 20364.0
75 20364.0
76 20364.0
77 21023.0
78 21023.0
79 21162.0
80 20707.0
81 20707.0
82 20646.0
83 20513.0
84 20513.0
85 21317.0
86 21317.0
87 21358.0
88 21507.0
89 22260.0
90 22260.0
91 22260.0
92 22260.0
93 22260.0
94 21409.0
95 21409.0
96 22035.0
97 22081.0
98 22081.0
99 22081.0
100 22081.0
101 22081.0
102 21970.0
103 21807.0
104 22394.0
105 22655.0
106 22655.0
107 22782.0
108 22204.0
109 23203.0
110 23203.0
111 23203.0
112 22760.0
113 22941.0
114 22760.0
115 22760.0
116 22716.0
117 22680.0
118 22979.0
119 23310.0
120 23310.0
121 23310.0
122 23310.0
123 23310.0
124 23043.0
125 23043.0
126 23719.0
127 23719.0
128 23178.0
129 23178.0
130 23458.0
131 23352.0
132 23495.0
133 23965.0
134 23689.0
135 23689.0
136 24288.0
137 23907.0
138 24629.0
139 24629.0
140 24695.0
141 24629.0
142 24916.0
143 24304.0
144 24433.0
145 24433.0
146 24433.0
147 24737.0
148 24737.0
149 24737.0
150 24688.0
151 24688.0
152 24688.0
153 25497.0
154 24890.0
155 24890.0
156 25198.0
157 25198.0
158 24890.0
159 24890.0
160 25788.0
161 25788.0
162 25781.0
163 25781.0
164 25800.0
165 25800.0
166 25800.0
167 25800.0
168 26377.0
169 26377.0
170 25853.0
171 25463.0
172 25463.0
173 25853.0
174 25850.0
175 26024.0
176 26024.0
177 26024.0
178 26046.0
179 26454.0
180 26141.0
181 26225.0
182 26225.0
183 26347.0
184 26829.0
185 26829.0
186 26400.0
187 26400.0
188 26400.0
189 26717.0
190 26534.0
191 26400.0
192 26400.0
193 26400.0
194 26405.0
195 26720.0
196 27014.0
197 27139.0
198 27139.0
199 27584.0
200 27584.0
201 27584.0
202 26960.0
203 26960.0
204 26986.0
205 27244.0
206 27828.0
207 27828.0
208 27828.0
209 28500.0
210 28500.0
211 27690.0
212 27097.0
213 28219.0
214 28219.0
215 28219.0
216 28219.0
217 28219.0
218 28219.0
219 28376.0
220 28219.0
221 28044.0
222 28044.0
223 28044.0
224 28120.0
225 28655.0
226 28120.0
227 28027.0
228 28453.0
229 28453.0
230 28453.0
231 28735.0
232 28735.0
233 28735.0
234 28436.0
235 28436.0
236 28636.0
237 28462.0
238 28675.0
239 28428.0
240 28300.0
241 28791.0
242 28300.0
243 28300.0
244 28605.0
245 28745.0
246 28690.0
247 28568.0
248 28634.0
249 28928.0
250 28928.0
251 29241.0
252 29241.0
253 29020.0
254 29126.0
255 29020.0
256 28991.0
257 29175.0
258 29647.0
259 29802.0
260 29802.0
261 29284.0
262 29563.0
263 29695.0
264 29763.0
265 29916.0
266 29615.0
267 29703.0
268 29915.0
269 29915.0
270 29915.0
271 29919.0
272 29919.0
273 29919.0
274 29882.0
275 30061.0
276 30074.0
277 30061.0
278 30061.0
279 29864.0
280 30099.0
281 30111.0
282 30111.0
283 30491.0
284 30491.0
285 30491.0
286 30545.0
287 30545.0
288 30545.0
289 30566.0
290 30566.0
291 30566.0
292 30834.0
293 30872.0
294 30875.0
295 30872.0
296 30872.0
297 30962.0
298 30883.0
299 30993.0
300 30904.0
301 31288.0
302 31288.0
303 31288.0
304 31288.0
305 31301.0
306 31301.0
307 31501.0
308 31607.0
309 31607.0
310 31543.0
311 31632.0
312 31632.0
313 31632.0
314 31632.0
315 31698.0
316 31664.0
317 31711.0
318 31711.0
319 31778.0
320 31786.0
321 31788.0
322 31788.0
323 31788.0
324 31788.0
325 31788.0
326 31788.0
327 31788.0
328 31788.0
329 31788.0
330 31788.0
331 31788.0
332 31788.0
333 31788.0
334 31788.0
335 31788.0
336 31788.0
337 31788.0
338 31788.0
339 31788.0
340 31788.0
341 31788.0
342 31788.0
343 31788.0
344 31788.0
345 31788.0
346 31788.0
347 31788.0
348 31788.0
349 31788.0
350 31788.0
351 31788.0
352 31788.0
353 31788.0
354 31788.0
355 31788.0
356 31788.0
357 31788.0
358 31788.0
359 31788.0
360 31788.0
361 31788.0
362 31788.0
363 31788.0
364 31788.0
365 31788.0
366 31788.0
367 31788.0
368 31788.0
369 31788.0
370 31788.0
371 31788.0
372 31788.0
373 31788.0
374 31788.0
375 31788.0
376 31788.0
377 31788.0
378 31788.0
379 31788.0
380 31788.0
381 31788.0
382 31788.0
383 31788.0
384 31788.0
385 31788.0
386 31788.0
387 31788.0
388 31788.0
389 31788.0
390 31788.0
391 31788.0
392 31788.0
393 31788.0
394 31788.0
395 31788.0
396 31788.0
397 31788.0
398 31788.0
399 31788.0
400 31788.0
401 31788.0
402 31788.0
403 31788.0
404 31788.0
405 31788.0
406 31788.0
407 31788.0
408 31788.0
409 31788.0
410 31788.0
411 31788.0
412 31788.0
413 31788.0
414 31788.0
415 31788.0
416 31788.0
417 31788.0
418 31788.0
419 31788.0
420 31788.0
421 31788.0
422 31788.0
423 31788.0
424 31788.0
425 31788.0
426 31788.0
427 31788.0
428 31788.0
429 31788.0
430 31788.0
431 31788.0
432 31788.0
433 31788.0
434 31788.0
435 31788.0
436 31788.0
437 31788.0
438 31788.0
439 31788.0
440 31788.0
441 31788.0
442 31788.0
443 31788.0
444 31788.0
445 31788.0
446 31788.0
447 31788.0
448 31788.0
449 31788.0
450 31788.0
451 31788.0
452 31788.0
453 31788.0
454 31788.0
455 31788.0
456 31788.0
457 31788.0
458 31788.0
459 31788.0
460 31788.0
461 31788.0
462 31788.0
463 31788.0
464 31788.0
465 31788.0
466 31788.0
467 31788.0
468 31788.0
469 31788.0
470 31788.0
471 31788.0
472 31788.0
473 31788.0
474 31788.0
475 31788.0
476 31788.0
477 31788.0
478 31788.0
479 31788.0
480 31788.0
481 31788.0
482 31788.0
483 31788.0
484 31788.0
485 31788.0
486 31788.0
487 31788.0
488 31788.0
489 31788.0
490 31788.0
491 31788.0
492 31788.0
493 31788.0
494 31788.0
495 31788.0
496 31788.0
497 31788.0
498 31788.0
499 31788.0
500 31788.0
