0 6251.0
1 5953.0
2 6873.0
3 7065.0
4 7718.0
5 7727.0
6 8265.0
7 8354.0
8 9025.0
9 9861.0
10 9861.0
11 9964.0
12 10402.0
13 10826.0
14 10567.0
15 11092.0
16 11035.0
17 11647.0
18 11517.0
19 11893.0
20 11920.0
21 11876.0
22 12047.0
23 12687.0
24 12795.0
25 13744.0
26 13744.0
27 13744.0
28 13508.0
29 14457.0
30 14457.0
31 14457.0
32 14457.0
33 14574.0
34 15033.0
35 15033.0
36 15022.0
37 15300.0
38 15520.0
39 15996.0
40 15996.0
41 15996.0
42 16128.0
43 16425.0
44 16161.0
45 16128.0
46 16449.0
47 16449.0
48 17138.0
49 17429.0
50 17389.0
51 17384.0
52 17987.0
53 18171.0
54 17987.0
55 18245.0
56 18245.0
57 18595.0
58 18595.0
59 18595.0
60 19137.0
61 19137.0
62 18758.0
63 18758.0
64 19313.0
65 19313.0
66 19313.0
67 19313.0
68 19313.0
69 19313.0
70 20488.0
71 20488.0
72 20488.0
73 20712.0
74 20688.0
75 20688.0
76 19864.0
77 19590.0
78 19590.0
79 19470.0
80 20218.0
81 20218.0
82 20003.0
83 20548.0
84 20548.0
85 20548.0
86 20659.0
87 21307.0
88 21307.0
89 21516.0
90 21291.0
91 21091.0
92 21719.0
93 21473.0
94 21509.0
95 21473.0
96 21473.0
97 21710.0
98 21744.0
99 22425.0
100 22178.0
101 21710.0
102 21594.0
103 22017.0
104 22017.0
105 22499.0
106 22499.0
107 22017.0
108 22142.0
109 22732.0
110 22912.0
111 22912.0
112 22912.0
113 22912.0
114 22939.0
115 22939.0
116 22939.0
117 22226.0
118 22073.0
119 22379.0
120 23064.0
121 23064.0
122 23082.0
123 23082.0
124 23374.0
125 23374.0
126 22952.0
127 22952.0
128 23388.0
129 24110.0
130 23388.0
131 23388.0
132 23644.0
133 23644.0
134 23913.0
135 23972.0
136 24130.0
137 24130.0
138 24609.0
139 24544.0
140 24544.0
141 24544.0
142 24763.0
143 24763.0
144 24763.0
145 24763.0
146 25272.0
147 25272.0
148 24476.0
149 24476.0
150 24563.0
151 24502.0
152 24502.0
153 24200.0
154 24229.0
155 25097.0
156 25097.0
157 24705.0
158 24447.0
159 24447.0
160 25109.0
161 24460.0
162 24514.0
163 24460.0
164 24402.0
165 24495.0
166 25203.0
167 24883.0
168 24883.0
169 24883.0
170 24883.0
171 24883.0
172 25132.0
173 25577.0
174 25577.0
175 25577.0
176 25577.0
177 25577.0
178 24576.0
179 24740.0
180 25318.0
181 25318.0
182 25318.0
183 25318.0
184 24962.0
185 24940.0
186 25145.0
187 24940.0
188 25488.0
189 25488.0
190 25488.0
191 25664.0
192 25664.0
193 26018.0
194 25611.0
195 25611.0
196 26269.0
197 26269.0
198 26014.0
199 25783.0
200 25547.0
201 26443.0
202 25149.0
203 25774.0
204 25774.0
205 25774.0
206 25680.0
207 26010.0
208 26010.0
209 26265.0
210 26177.0
211 26470.0
212 26470.0
213 26470.0
214 26470.0
215 26470.0
216 26470.0
217 26359.0
218 26266.0
219 26266.0
220 26350.0
221 26266.0
222 26266.0
223 26266.0
224 26266.0
225 26307.0
226 26307.0
227 26438.0
228 26775.0
229 26775.0
230 26202.0
231 26021.0
232 26230.0
233 26230.0
234 26230.0
235 26587.0
236 26846.0
237 26486.0
238 26273.0
239 26243.0
240 26102.0
241 26041.0
242 26041.0
243 25983.0
244 25914.0
245 26058.0
246 26435.0
247 26435.0
248 26435.0
249 26669.0
250 26669.0
251 26758.0
252 26758.0
253 26936.0
254 26936.0
255 26601.0
256 26679.0
257 26679.0
258 26679.0
259 27587.0
260 27587.0
261 26498.0
262 26692.0
263 26692.0
264 26692.0
265 26692.0
266 28562.0
267 28562.0
268 26749.0
269 26749.0
270 26998.0
271 26998.0
272 27025.0
273 27075.0
274 26916.0
275 26916.0
276 26916.0
277 26712.0
278 26712.0
279 26712.0
280 26921.0
281 26931.0
282 26791.0
283 26925.0
284 27225.0
285 27995.0
286 27241.0
287 27156.0
288 27403.0
289 27420.0
290 27420.0
291 27782.0
292 28337.0
293 28337.0
294 28337.0
295 28337.0
296 28337.0
297 28141.0
298 28239.0
299 28239.0
300 28377.0
301 28377.0
302 28377.0
303 28477.0
304 28477.0
305 28529.0
306 28460.0
307 28460.0
308 28460.0
309 28170.0
310 28557.0
311 28557.0
312 28557.0
313 28557.0
314 28438.0
315 29144.0
316 29144.0
317 29285.0
318 29665.0
319 29144.0
320 29144.0
321 29144.0
322 29784.0
323 29483.0
324 29467.0
325 29945.0
326 29610.0
327 29917.0
328 29998.0
329 29998.0
330 29998.0
331 29998.0
332 29998.0
333 30305.0
334 30490.0
335 30490.0
336 30490.0
337 30490.0
338 30782.0
339 30782.0
340 30490.0
341 30485.0
342 31151.0
343 31151.0
344 31151.0
345 31151.0
346 31151.0
347 31151.0
348 31151.0
349 31151.0
350 31475.0
351 31475.0
352 31528.0
353 31528.0
354 31045.0
355 31543.0
356 31632.0
357 31611.0
358 31553.0
359 31681.0
360 32006.0
361 32006.0
362 32419.0
363 32006.0
364 32020.0
365 32208.0
366 32208.0
367 32083.0
368 32247.0
369 32247.0
370 32365.0
371 32365.0
372 32365.0
373 32365.0
374 32634.0
375 32846.0
376 32634.0
377 32396.0
378 32396.0
379 32396.0
380 32396.0
381 32396.0
382 32264.0
383 32264.0
384 32318.0
385 32318.0
386 32540.0
387 32540.0
388 32286.0
389 32286.0
390 32286.0
391 32284.0
392 32284.0
393 32278.0
394 32838.0
395 32838.0
396 32515.0
397 32945.0
398 32945.0
399 32945.0
400 32945.0
401 33040.0
402 33203.0
403 33045.0
404 33045.0
405 32919.0
406 33046.0
407 33638.0
408 33638.0
409 33688.0
410 33688.0
411 33688.0
412 33544.0
413 33739.0
414 33914.0
415 33914.0
416 33914.0
417 34084.0
418 34084.0
419 33898.0
420 33867.0
421 34048.0
422 34118.0
423 34118.0
424 34118.0
425 34118.0
426 34266.0
427 34266.0
428 34266.0
429 34314.0
430 34314.0
431 34445.0
432 34445.0
433 34595.0
434 34482.0
435 34684.0
436 34705.0
437 34705.0
438 34946.0
439 34946.0
440 35013.0
441 35035.0
442 35013.0
443 34920.0
444 35131.0
445 35233.0
446 35359.0
447 35238.0
448 35248.0
449 35300.0
450 35300.0
451 35300.0
452 35380.0
453 35372.0
454 35379.0
455 35379.0
456 35379.0
457 35379.0
458 35567.0
459 35567.0
460 35483.0
461 35483.0
462 35519.0
463 35519.0
464 35519.0
465 35519.0
466 35552.0
467 35563.0
468 35565.0
469 35565.0
470 35565.0
471 35565.0
472 35565.0
473 35638.0
474 35638.0
475 35638.0
476 35640.0
477 35640.0
478 35640.0
479 35641.0
480 35640.0
481 35640.0
482 35640.0
483 35640.0
484 35641.0
485 35641.0
486 35641.0
487 35641.0
488 35641.0
489 35641.0
490 35641.0
491 35641.0
492 35641.0
493 35641.0
494 35641.0
495 35641.0
496 35641.0
497 35641.0
498 35641.0
499 35641.0
500 35641.0
501 35641.0
502 35641.0
503 35641.0
504 35641.0
505 35641.0
506 35641.0
507 35641.0
508 35641.0
509 35641.0
510 35641.0
511 35641.0
512 35641.0
513 35641.0
514 35641.0
515 35641.0
516 35641.0
517 35641.0
518 35641.0
519 35641.0
520 35641.0
521 35641.0
522 35641.0
523 35641.0
524 35641.0
525 35641.0
526 35641.0
527 35641.0
528 35641.0
529 35641.0
530 35641.0
531 35641.0
532 35641.0
533 35641.0
534 35641.0
535 35641.0
536 35641.0
537 35641.0
538 35641.0
539 35641.0
540 35641.0
541 35641.0
542 35641.0
543 35641.0
544 35641.0
545 35641.0
546 35641.0
547 35641.0
548 35641.0
549 35641.0
550 35641.0
551 35641.0
552 35641.0
553 35641.0
554 35641.0
555 35641.0
556 35641.0
557 35641.0
558 35641.0
559 35641.0
560 35641.0
561 35641.0
562 35641.0
563 35641.0
564 35641.0
565 35641.0
566 35641.0
567 35641.0
568 35641.0
569 35641.0
570 35641.0
571 35641.0
572 35641.0
573 35641.0
574 35641.0
575 35641.0
576 35641.0
577 35641.0
578 35641.0
579 35641.0
580 35641.0
581 35641.0
582 35641.0
583 35641.0
584 35641.0
585 35641.0
586 35641.0
587 35641.0
588 35641.0
589 35641.0
590 35641.0
591 35641.0
592 35641.0
593 35641.0
594 35641.0
595 35641.0
596 35641.0
597 35641.0
598 35641.0
599 35641.0
600 35641.0
601 35641.0
602 35641.0
603 35641.0
604 35641.0
605 35641.0
606 35641.0
607 35641.0
608 35641.0
609 35641.0
610 35641.0
611 35641.0
612 35641.0
613 35641.0
614 35641.0
615 35641.0
616 35641.0
617 35641.0
618 35641.0
619 35641.0
620 35641.0
621 35641.0
622 35641.0
623 35641.0
624 35641.0
625 35641.0
626 35641.0
627 35641.0
628 35744.0
629 35744.0
630 35744.0
631 35744.0
632 35641.0
633 35641.0
634 35641.0
635 35641.0
636 35641.0
637 35641.0
638 35641.0
639 35641.0
640 35641.0
641 35641.0
642 35641.0
643 35641.0
644 35641.0
645 35641.0
646 35641.0
647 35641.0
648 35641.0
649 35641.0
650 35641.0
651 35641.0
652 35641.0
653 35641.0
654 35641.0
655 35641.0
656 35641.0
657 35641.0
658 35641.0
659 35641.0
660 35641.0
661 35641.0
662 35641.0
663 35641.0
664 35641.0
665 35641.0
666 35641.0
667 35641.0
668 35641.0
669 35641.0
670 35641.0
671 35641.0
672 35641.0
673 35641.0
674 35641.0
675 35641.0
676 35641.0
677 35641.0
678 35641.0
679 35641.0
680 35641.0
681 35641.0
682 35641.0
683 35641.0
684 35641.0
685 35641.0
686 35641.0
687 35641.0
688 35641.0
689 35641.0
690 35641.0
691 35641.0
692 35641.0
693 35641.0
694 35641.0
695 35641.0
696 35641.0
697 35641.0
698 35641.0
699 35641.0
700 35641.0
701 35641.0
702 35641.0
703 35641.0
704 35641.0
705 35641.0
706 35641.0
707 35641.0
708 35641.0
709 35641.0
710 35641.0
711 35641.0
712 35641.0
713 35641.0
714 35641.0
715 35641.0
716 35641.0
717 35641.0
718 35641.0
719 35641.0
720 35641.0
721 35641.0
722 35641.0
723 35641.0
724 35641.0
725 35641.0
726 35641.0
727 35641.0
728 35641.0
729 35641.0
730 35641.0
731 35641.0
732 35641.0
733 35641.0
734 35641.0
735 35641.0
736 35641.0
737 35641.0
738 35641.0
739 35641.0
740 35641.0
741 35641.0
742 35641.0
743 35641.0
744 35641.0
745 35641.0
746 35641.0
747 35641.0
748 35641.0
749 35641.0
750 35641.0
751 35641.0
752 35641.0
753 35641.0
754 35641.0
755 35641.0
756 35641.0
757 35641.0
758 35641.0
759 35641.0
760 35641.0
761 35641.0
762 35641.0
763 35641.0
764 35641.0
765 35641.0
766 35641.0
767 35641.0
768 35641.0
769 35641.0
770 35641.0
771 35641.0
772 35641.0
773 35641.0
774 35641.0
775 35641.0
776 35641.0
777 35641.0
778 35641.0
779 35641.0
780 35641.0
781 35641.0
782 35641.0
783 35641.0
784 35641.0
785 35641.0
786 35641.0
787 35641.0
788 35641.0
789 35641.0
790 35641.0
791 35641.0
792 35641.0
793 35641.0
794 35641.0
795 35641.0
796 35641.0
797 35641.0
798 35641.0
799 35641.0
800 35641.0
801 35641.0
802 35641.0
803 35641.0
804 35641.0
805 35641.0
806 35641.0
807 35641.0
808 35641.0
809 35641.0
810 35641.0
811 35641.0
812 35641.0
813 35641.0
814 35641.0
815 35641.0
816 35641.0
817 35641.0
818 35641.0
819 35641.0
820 35641.0
821 35641.0
822 35641.0
823 35641.0
824 35653.0
825 35844.0
826 35844.0
827 35844.0
828 35879.0
829 35844.0
830 35844.0
831 35890.0
832 35890.0
833 35890.0
834 35890.0
835 35890.0
836 35890.0
837 35890.0
838 35890.0
839 35890.0
840 35890.0
841 35890.0
842 35890.0
843 35890.0
844 35890.0
845 35890.0
846 35890.0
847 35890.0
848 35890.0
849 35890.0
850 35890.0
851 35890.0
852 35890.0
853 35890.0
854 35890.0
855 35890.0
856 35890.0
857 35890.0
858 35890.0
859 35890.0
860 35890.0
861 35890.0
862 35890.0
863 35890.0
864 35890.0
865 35890.0
866 35890.0
867 35890.0
868 35890.0
869 35890.0
870 35890.0
871 35890.0
872 35890.0
873 35890.0
874 35890.0
875 35890.0
876 35890.0
877 35890.0
878 35890.0
879 35890.0
880 35890.0
881 35890.0
882 35890.0
883 35890.0
884 35890.0
885 35890.0
886 35890.0
887 35890.0
888 35890.0
889 35890.0
890 35890.0
891 35890.0
892 35890.0
893 35890.0
894 35890.0
895 35890.0
896 35890.0
897 35890.0
898 35890.0
899 35890.0
900 35890.0
901 35890.0
902 35890.0
903 35890.0
904 35890.0
905 35890.0
906 35890.0
907 35890.0
908 35890.0
909 35890.0
910 35890.0
911 35890.0
912 35890.0
913 35890.0
914 35890.0
915 35890.0
916 35890.0
917 35890.0
918 35890.0
919 35890.0
920 35890.0
921 35890.0
922 35890.0
923 35890.0
924 35890.0
925 35890.0
926 35890.0
927 35890.0
928 35890.0
929 35890.0
930 35890.0
931 35890.0
932 35890.0
933 35890.0
934 35890.0
935 35890.0
936 35890.0
937 35890.0
938 35890.0
939 35890.0
940 35890.0
941 35890.0
942 35890.0
943 35890.0
944 35890.0
945 35890.0
946 35890.0
947 35890.0
948 35890.0
949 35890.0
950 35890.0
951 35890.0
952 35890.0
953 35890.0
954 35890.0
955 35890.0
956 35890.0
957 35890.0
958 35890.0
959 35890.0
960 35890.0
961 35890.0
962 35890.0
963 35890.0
964 35890.0
965 35890.0
966 35890.0
967 35890.0
968 35890.0
969 35890.0
970 35890.0
971 35890.0
972 35890.0
973 35890.0
974 35890.0
975 35890.0
976 35890.0
977 35890.0
978 35890.0
979 35890.0
980 35890.0
981 35890.0
982 35890.0
983 35890.0
984 35890.0
985 35890.0
986 35890.0
987 35890.0
988 35890.0
989 35890.0
990 35890.0
991 35890.0
992 35890.0
993 35890.0
994 35890.0
995 35890.0
996 35890.0
997 35890.0
998 35890.0
999 35890.0
1000 35890.0
