0 6970.0
1 8251.0
2 8169.0
3 8459.0
4 8459.0
5 10748.0
6 10748.0
7 12465.0
8 12465.0
9 11886.0
10 12256.0
11 12528.0
12 13437.0
13 13437.0
14 14450.0
15 14765.0
16 15859.0
17 16696.0
18 16735.0
19 16735.0
20 16889.0
21 16733.0
22 16994.0
23 18346.0
24 18346.0
25 18780.0
26 18735.0
27 18212.0
28 18493.0
29 18658.0
30 19013.0
31 19571.0
32 19755.0
33 20418.0
34 19755.0
35 20794.0
36 20794.0
37 20794.0
38 21373.0
39 21373.0
40 21373.0
41 21373.0
42 21373.0
43 21373.0
44 21373.0
45 21209.0
46 21550.0
47 20945.0
48 22205.0
49 22205.0
50 22020.0
51 22020.0
52 22020.0
53 22091.0
54 22362.0
55 22362.0
56 22454.0
57 22454.0
58 23496.0
59 23190.0
60 23190.0
61 23190.0
62 23863.0
63 23863.0
64 23863.0
65 23358.0
66 22979.0
67 23442.0
68 23442.0
69 23442.0
70 23529.0
71 23525.0
72 24728.0
73 24541.0
74 24616.0
75 24616.0
76 24390.0
77 24411.0
78 24411.0
79 24840.0
80 24840.0
81 25100.0
82 24840.0
83 25176.0
84 25176.0
85 24528.0
86 24704.0
87 24873.0
88 24873.0
89 26301.0
90 26301.0
91 26301.0
92 26301.0
93 26301.0
94 26301.0
95 26498.0
96 27090.0
97 26344.0
98 26344.0
99 26991.0
100 26991.0
