0 5115.0
1 5557.0
2 6074.0
3 6728.0
4 7073.0
5 7073.0
6 7552.0
7 8096.0
8 8213.0
9 9075.0
10 9075.0
11 9328.0
12 9986.0
13 9728.0
14 10211.0
15 10474.0
16 10552.0
17 10552.0
18 10746.0
19 10865.0
20 11249.0
21 11345.0
22 11603.0
23 11689.0
24 11689.0
25 11959.0
26 12017.0
27 12017.0
28 12116.0
29 12252.0
30 12297.0
31 12399.0
32 12399.0
33 12399.0
34 12517.0
35 12929.0
36 12929.0
37 13044.0
38 13044.0
39 13044.0
40 13044.0
41 12867.0
42 12856.0
43 13279.0
44 12893.0
45 12895.0
46 13237.0
47 13249.0
48 13249.0
49 13436.0
50 13436.0
51 13393.0
52 13393.0
53 13393.0
54 13406.0
55 13404.0
56 13404.0
57 13404.0
58 13571.0
59 13629.0
60 13629.0
61 13629.0
62 13629.0
63 13572.0
64 13570.0
65 13782.0
66 13782.0
67 13782.0
68 13782.0
69 13892.0
70 13805.0
71 13859.0
72 13859.0
73 13860.0
74 13902.0
75 13905.0
76 13907.0
77 14020.0
78 14020.0
79 14020.0
80 14027.0
81 14018.0
82 14017.0
83 14058.0
84 14058.0
85 14058.0
86 14054.0
87 14017.0
88 14037.0
89 14037.0
90 14061.0
91 14069.0
92 14078.0
93 14078.0
94 14087.0
95 14087.0
96 14087.0
97 14087.0
98 14087.0
99 14091.0
100 14091.0
101 14091.0
102 14091.0
103 14091.0
104 14091.0
105 14091.0
106 14091.0
107 14091.0
108 14091.0
109 14091.0
110 14091.0
111 14091.0
112 14091.0
113 14091.0
114 14091.0
115 14091.0
116 14091.0
117 14091.0
118 14091.0
119 14091.0
120 14091.0
121 14091.0
122 14091.0
123 14091.0
124 14091.0
125 14091.0
126 14091.0
127 14091.0
128 14091.0
129 14091.0
130 14091.0
131 14091.0
132 14091.0
133 14091.0
134 14093.0
135 14093.0
136 14093.0
137 14093.0
138 14093.0
139 14093.0
140 14093.0
141 14093.0
142 14093.0
143 14093.0
144 14093.0
145 14093.0
146 14093.0
147 14093.0
148 14093.0
149 14093.0
150 14093.0
151 14093.0
152 14093.0
153 14093.0
154 14093.0
155 14093.0
156 14093.0
157 14093.0
158 14093.0
159 14093.0
160 14093.0
161 14093.0
162 14093.0
163 14093.0
164 14093.0
165 14093.0
166 14093.0
167 14093.0
168 14093.0
169 14093.0
170 14093.0
171 14093.0
172 14093.0
173 14093.0
174 14093.0
175 14093.0
176 14093.0
177 14093.0
178 14093.0
179 14093.0
180 14093.0
181 14093.0
182 14093.0
183 14093.0
184 14093.0
185 14093.0
186 14093.0
187 14093.0
188 14093.0
189 14093.0
190 14093.0
191 14093.0
192 14093.0
193 14093.0
194 14093.0
195 14093.0
196 14093.0
197 14093.0
198 14093.0
199 14093.0
200 14093.0
201 14093.0
202 14093.0
203 14093.0
204 14093.0
205 14093.0
206 14093.0
207 14093.0
208 14093.0
209 14093.0
210 14093.0
211 14093.0
212 14093.0
213 14093.0
214 14093.0
215 14093.0
216 14093.0
217 14093.0
218 14093.0
219 14093.0
220 14093.0
221 14093.0
222 14093.0
223 14093.0
224 14093.0
225 14093.0
226 14093.0
227 14093.0
228 14093.0
229 14093.0
230 14093.0
231 14093.0
232 14093.0
233 14093.0
234 14093.0
235 14093.0
236 14093.0
237 14093.0
238 14093.0
239 14093.0
240 14093.0
241 14093.0
242 14093.0
243 14093.0
244 14093.0
245 14093.0
246 14093.0
247 14093.0
248 14093.0
249 14093.0
250 14093.0
251 14093.0
252 14093.0
253 14093.0
254 14093.0
255 14093.0
256 14093.0
257 14093.0
258 14093.0
259 14093.0
260 14093.0
261 14093.0
262 14093.0
263 14093.0
264 14093.0
265 14093.0
266 14093.0
267 14093.0
268 14093.0
269 14093.0
270 14093.0
271 14093.0
272 14093.0
273 14093.0
274 14093.0
275 14093.0
276 14093.0
277 14093.0
278 14093.0
279 14093.0
280 14093.0
281 14093.0
282 14093.0
283 14093.0
284 14093.0
285 14093.0
286 14093.0
287 14093.0
288 14093.0
289 14093.0
290 14093.0
291 14093.0
292 14093.0
293 14093.0
294 14093.0
295 14093.0
296 14093.0
297 14093.0
298 14093.0
299 14093.0
300 14093.0
301 14093.0
302 14093.0
303 14093.0
304 14093.0
305 14093.0
306 14093.0
307 14093.0
308 14093.0
309 14093.0
310 14093.0
311 14093.0
312 14093.0
313 14093.0
314 14093.0
315 14093.0
316 14093.0
317 14093.0
318 14093.0
319 14093.0
320 14093.0
321 14093.0
322 14093.0
323 14093.0
324 14093.0
325 14093.0
326 14093.0
327 14093.0
328 14093.0
329 14093.0
330 14093.0
331 14093.0
332 14093.0
333 14093.0
334 14093.0
335 14093.0
336 14093.0
337 14093.0
338 14093.0
339 14093.0
340 14093.0
341 14093.0
342 14093.0
343 14093.0
344 14093.0
345 14093.0
346 14093.0
347 14093.0
348 14093.0
349 14093.0
350 14093.0
351 14093.0
352 14093.0
353 14093.0
354 14093.0
355 14093.0
356 14093.0
357 14093.0
358 14093.0
359 14093.0
360 14093.0
361 14093.0
362 14093.0
363 14093.0
364 14093.0
365 14093.0
366 14093.0
367 14093.0
368 14093.0
369 14093.0
370 14093.0
371 14093.0
372 14093.0
373 14093.0
374 14093.0
375 14093.0
376 14093.0
377 14093.0
378 14093.0
379 14093.0
380 14093.0
381 14093.0
382 14093.0
383 14093.0
384 14093.0
385 14093.0
386 14093.0
387 14093.0
388 14093.0
389 14093.0
390 14093.0
391 14093.0
392 14093.0
393 14093.0
394 14093.0
395 14093.0
396 14093.0
397 14093.0
398 14093.0
399 14093.0
400 14093.0
401 14093.0
402 14093.0
403 14093.0
404 14093.0
405 14093.0
406 14093.0
407 14093.0
408 14093.0
409 14093.0
410 14093.0
411 14093.0
412 14093.0
413 14093.0
414 14093.0
415 14093.0
416 14093.0
417 14093.0
418 14093.0
419 14093.0
420 14093.0
421 14093.0
422 14093.0
423 14093.0
424 14093.0
425 14093.0
426 14093.0
427 14093.0
428 14093.0
429 14093.0
430 14093.0
431 14093.0
432 14093.0
433 14093.0
434 14093.0
435 14093.0
436 14093.0
437 14093.0
438 14093.0
439 14093.0
440 14093.0
441 14093.0
442 14093.0
443 14093.0
444 14093.0
445 14093.0
446 14093.0
447 14093.0
448 14093.0
449 14093.0
450 14093.0
451 14093.0
452 14093.0
453 14093.0
454 14093.0
455 14093.0
456 14093.0
457 14093.0
458 14093.0
459 14093.0
460 14093.0
461 14093.0
462 14093.0
463 14093.0
464 14093.0
465 14093.0
466 14093.0
467 14093.0
468 14093.0
469 14093.0
470 14093.0
471 14093.0
472 14093.0
473 14093.0
474 14093.0
475 14093.0
476 14093.0
477 14093.0
478 14093.0
479 14093.0
480 14093.0
481 14093.0
482 14093.0
483 14093.0
484 14093.0
485 14093.0
486 14093.0
487 14093.0
488 14093.0
489 14093.0
490 14093.0
491 14093.0
492 14093.0
493 14093.0
494 14093.0
495 14093.0
496 14093.0
497 14093.0
498 14093.0
499 14093.0
500 14093.0
501 14093.0
502 14093.0
503 14093.0
504 14093.0
505 14093.0
506 14093.0
507 14093.0
508 14093.0
509 14093.0
510 14093.0
511 14093.0
512 14093.0
513 14093.0
514 14093.0
515 14093.0
516 14093.0
517 14093.0
518 14093.0
519 14093.0
520 14093.0
521 14093.0
522 14093.0
523 14093.0
524 14093.0
525 14093.0
526 14093.0
527 14093.0
528 14093.0
529 14093.0
530 14093.0
531 14093.0
532 14093.0
533 14093.0
534 14093.0
535 14093.0
536 14093.0
537 14093.0
538 14093.0
539 14093.0
540 14093.0
541 14093.0
542 14093.0
543 14093.0
544 14093.0
545 14093.0
546 14093.0
547 14093.0
548 14093.0
549 14093.0
550 14093.0
551 14093.0
552 14093.0
553 14093.0
554 14093.0
555 14093.0
556 14093.0
557 14093.0
558 14093.0
559 14093.0
560 14093.0
561 14093.0
562 14093.0
563 14093.0
564 14093.0
565 14093.0
566 14093.0
567 14093.0
568 14093.0
569 14093.0
570 14093.0
571 14093.0
572 14093.0
573 14093.0
574 14093.0
575 14093.0
576 14093.0
577 14093.0
578 14093.0
579 14093.0
580 14093.0
581 14093.0
582 14093.0
583 14093.0
584 14093.0
585 14093.0
586 14093.0
587 14093.0
588 14093.0
589 14093.0
590 14093.0
591 14093.0
592 14093.0
593 14093.0
594 14093.0
595 14093.0
596 14093.0
597 14093.0
598 14093.0
599 14093.0
600 14093.0
601 14093.0
602 14093.0
603 14093.0
604 14093.0
605 14093.0
606 14093.0
607 14093.0
608 14093.0
609 14093.0
610 14093.0
611 14093.0
612 14093.0
613 14093.0
614 14093.0
615 14093.0
616 14093.0
617 14093.0
618 14093.0
619 14093.0
620 14093.0
621 14093.0
622 14093.0
623 14093.0
624 14093.0
625 14093.0
626 14093.0
627 14093.0
628 14093.0
629 14093.0
630 14093.0
631 14093.0
632 14093.0
633 14093.0
634 14093.0
635 14093.0
636 14093.0
637 14093.0
638 14093.0
639 14093.0
640 14093.0
641 14093.0
642 14093.0
643 14093.0
644 14093.0
645 14093.0
646 14093.0
647 14093.0
648 14093.0
649 14093.0
650 14093.0
651 14093.0
652 14093.0
653 14093.0
654 14093.0
655 14093.0
656 14093.0
657 14093.0
658 14093.0
659 14093.0
660 14093.0
661 14093.0
662 14093.0
663 14093.0
664 14093.0
665 14093.0
666 14093.0
667 14093.0
668 14093.0
669 14093.0
670 14093.0
671 14093.0
672 14093.0
673 14093.0
674 14093.0
675 14093.0
676 14093.0
677 14093.0
678 14093.0
679 14093.0
680 14093.0
681 14093.0
682 14093.0
683 14093.0
684 14093.0
685 14093.0
686 14093.0
687 14093.0
688 14093.0
689 14093.0
690 14093.0
691 14093.0
692 14093.0
693 14093.0
694 14093.0
695 14093.0
696 14093.0
697 14093.0
698 14093.0
699 14093.0
700 14093.0
701 14093.0
702 14093.0
703 14093.0
704 14093.0
705 14093.0
706 14093.0
707 14093.0
708 14093.0
709 14093.0
710 14093.0
711 14093.0
712 14093.0
713 14093.0
714 14093.0
715 14093.0
716 14093.0
717 14093.0
718 14093.0
719 14093.0
720 14093.0
721 14093.0
722 14093.0
723 14093.0
724 14093.0
725 14093.0
726 14093.0
727 14093.0
728 14093.0
729 14093.0
730 14093.0
731 14093.0
732 14093.0
733 14093.0
734 14093.0
735 14093.0
736 14093.0
737 14093.0
738 14093.0
739 14093.0
740 14093.0
741 14093.0
742 14093.0
743 14093.0
744 14093.0
745 14093.0
746 14093.0
747 14093.0
748 14093.0
749 14093.0
750 14093.0
751 14093.0
752 14093.0
753 14093.0
754 14093.0
755 14093.0
756 14093.0
757 14093.0
758 14093.0
759 14093.0
760 14093.0
761 14093.0
762 14093.0
763 14093.0
764 14093.0
765 14093.0
766 14093.0
767 14093.0
768 14093.0
769 14093.0
770 14093.0
771 14093.0
772 14093.0
773 14093.0
774 14093.0
775 14093.0
776 14093.0
777 14093.0
778 14093.0
779 14093.0
780 14093.0
781 14093.0
782 14093.0
783 14093.0
784 14093.0
785 14093.0
786 14093.0
787 14093.0
788 14093.0
789 14093.0
790 14093.0
791 14093.0
792 14093.0
793 14093.0
794 14093.0
795 14093.0
796 14093.0
797 14093.0
798 14093.0
799 14093.0
800 14093.0
801 14093.0
802 14093.0
803 14093.0
804 14093.0
805 14093.0
806 14093.0
807 14093.0
808 14093.0
809 14093.0
810 14093.0
811 14093.0
812 14093.0
813 14093.0
814 14093.0
815 14093.0
816 14093.0
817 14093.0
818 14093.0
819 14093.0
820 14093.0
821 14093.0
822 14093.0
823 14093.0
824 14093.0
825 14093.0
826 14093.0
827 14093.0
828 14093.0
829 14093.0
830 14093.0
831 14093.0
832 14093.0
833 14093.0
834 14093.0
835 14093.0
836 14093.0
837 14093.0
838 14093.0
839 14093.0
840 14093.0
841 14093.0
842 14093.0
843 14093.0
844 14093.0
845 14093.0
846 14093.0
847 14093.0
848 14093.0
849 14093.0
850 14093.0
851 14093.0
852 14093.0
853 14093.0
854 14093.0
855 14093.0
856 14093.0
857 14093.0
858 14093.0
859 14093.0
860 14093.0
861 14093.0
862 14093.0
863 14093.0
864 14093.0
865 14093.0
866 14093.0
867 14093.0
868 14093.0
869 14093.0
870 14093.0
871 14093.0
872 14093.0
873 14093.0
874 14093.0
875 14093.0
876 14093.0
877 14093.0
878 14093.0
879 14093.0
880 14093.0
881 14093.0
882 14093.0
883 14093.0
884 14093.0
885 14093.0
886 14093.0
887 14093.0
888 14093.0
889 14093.0
890 14093.0
891 14093.0
892 14093.0
893 14093.0
894 14093.0
895 14093.0
896 14093.0
897 14093.0
898 14093.0
899 14093.0
900 14093.0
901 14093.0
902 14093.0
903 14093.0
904 14093.0
905 14093.0
906 14093.0
907 14093.0
908 14093.0
909 14093.0
910 14093.0
911 14093.0
912 14093.0
913 14093.0
914 14093.0
915 14093.0
916 14093.0
917 14093.0
918 14093.0
919 14093.0
920 14093.0
921 14093.0
922 14093.0
923 14093.0
924 14093.0
925 14093.0
926 14093.0
927 14093.0
928 14093.0
929 14093.0
930 14093.0
931 14093.0
932 14093.0
933 14093.0
934 14093.0
935 14093.0
936 14093.0
937 14093.0
938 14093.0
939 14093.0
940 14093.0
941 14093.0
942 14093.0
943 14093.0
944 14093.0
945 14093.0
946 14093.0
947 14093.0
948 14093.0
949 14093.0
950 14093.0
951 14093.0
952 14093.0
953 14093.0
954 14093.0
955 14093.0
956 14093.0
957 14093.0
958 14093.0
959 14093.0
960 14093.0
961 14093.0
962 14093.0
963 14093.0
964 14093.0
965 14093.0
966 14093.0
967 14093.0
968 14093.0
969 14093.0
970 14093.0
971 14093.0
972 14093.0
973 14093.0
974 14093.0
975 14093.0
976 14093.0
977 14093.0
978 14093.0
979 14093.0
980 14093.0
981 14093.0
982 14093.0
983 14093.0
984 14093.0
985 14093.0
986 14093.0
987 14093.0
988 14093.0
989 14093.0
990 14093.0
991 14093.0
992 14093.0
993 14093.0
994 14093.0
995 14093.0
996 14093.0
997 14093.0
998 14093.0
999 14093.0
1000 14093.0
